-2	86400
-1	88290.12
0	0
1	0
2	0
3	0
4	0
5	0
6	0
7	0
8	0
9	0
10	0
11	0
12	0
13	0
14	0
15	0
16	0
17	0
18	0
19	0
20	0
21	0
22	0
23	0
24	0
25	0
26	0
27	0
28	0
29	0
30	0
31	0
32	0
33	0
34	0
35	0
36	0
37	0
38	0
39	0
40	0
41	0
42	0
43	0
44	0
45	0
46	2
47	1
48	0
49	36
50	106
51	142
52	156
53	198
54	221
55	251
56	255
57	277
58	256
59	269
60	240
61	261
62	222
63	238
64	242
65	253
66	229
67	226
68	250
69	245
70	240
71	233
72	245
73	289
74	252
75	239
76	239
77	272
78	255
79	235
80	227
81	249
82	247
83	263
84	249
85	243
86	241
87	250
88	253
89	220
90	266
91	219
92	260
93	247
94	231
95	263
96	237
97	255
98	260
99	262
100	269
101	270
102	300
103	248
104	248
105	292
106	281
107	257
108	307
109	291
110	285
111	325
112	306
113	299
114	299
115	289
116	289
117	295
118	299
119	332
120	326
121	313
122	349
123	339
124	352
125	335
126	380
127	364
128	390
129	409
130	380
131	359
132	372
133	348
134	394
135	405
136	385
137	397
138	399
139	378
140	407
141	418
142	412
143	416
144	361
145	440
146	379
147	397
148	411
149	448
150	394
151	423
152	439
153	411
154	440
155	463
156	489
157	454
158	408
159	424
160	461
161	474
162	433
163	412
164	438
165	495
166	467
167	471
168	423
169	477
170	432
171	449
172	457
173	428
174	458
175	459
176	466
177	442
178	470
179	446
180	477
181	448
182	458
183	445
184	455
185	436
186	502
187	477
188	438
189	468
190	423
191	463
192	480
193	427
194	462
195	493
196	439
197	501
198	479
199	458
200	473
201	471
202	412
203	507
204	429
205	438
206	442
207	456
208	495
209	470
210	423
211	445
212	458
213	424
214	436
215	417
216	457
217	453
218	446
219	466
220	462
221	525
222	479
223	480
224	436
225	433
226	432
227	444
228	402
229	417
230	441
231	461
232	423
233	424
234	416
235	437
236	414
237	417
238	413
239	428
240	398
241	392
242	405
243	430
244	411
245	430
246	438
247	408
248	407
249	385
250	410
251	375
252	403
253	380
254	400
255	410
256	398
257	374
258	396
259	370
260	387
261	391
262	375
263	375
264	402
265	375
266	408
267	416
268	365
269	365
270	391
271	404
272	372
273	391
274	354
275	340
276	363
277	385
278	374
279	387
280	369
281	369
282	380
283	306
284	388
285	346
286	385
287	333
288	364
289	350
290	360
291	327
292	356
293	316
294	344
295	333
296	333
297	295
298	327
299	345
300	316
301	337
302	356
303	341
304	330
305	304
306	344
307	334
308	321
309	323
310	361
311	308
312	325
313	337
314	299
315	290
316	298
317	304
318	332
319	292
320	316
321	308
322	309
323	317
324	277
325	316
326	293
327	275
328	276
329	286
330	283
331	306
332	273
333	292
334	290
335	287
336	333
337	297
338	274
339	268
340	289
341	302
342	272
343	286
344	276
345	300
346	279
347	308
348	276
349	280
350	297
351	264
352	301
353	266
354	284
355	285
356	263
357	247
358	291
359	247
360	260
361	299
362	278
363	263
364	291
365	245
366	265
367	242
368	260
369	224
370	255
371	267
372	240
373	260
374	271
375	251
376	283
377	230
378	271
379	244
380	256
381	232
382	231
383	213
384	238
385	270
386	249
387	272
388	253
389	238
390	276
391	252
392	238
393	225
394	238
395	217
396	229
397	225
398	242
399	231
400	225
401	202
402	248
403	241
404	211
405	208
406	212
407	213
408	188
409	216
410	237
411	213
412	206
413	242
414	187
415	214
416	210
417	239
418	226
419	206
420	198
421	221
422	225
423	221
424	205
425	207
426	194
427	201
428	194
429	215
430	220
431	180
432	225
433	178
434	195
435	183
436	208
437	211
438	225
439	202
440	223
441	198
442	178
443	213
444	217
445	202
446	202
447	197
448	207
449	206
450	203
451	205
452	191
453	181
454	213
455	193
456	214
457	171
458	210
459	175
460	196
461	199
462	181
463	200
464	187
465	174
466	199
467	169
468	159
469	163
470	204
471	182
472	182
473	200
474	197
475	156
476	173
477	202
478	198
479	162
480	216
481	182
482	178
483	165
484	188
485	188
486	151
487	198
488	191
489	180
490	169
491	171
492	179
493	180
494	195
495	193
496	202
497	176
498	200
499	167
500	182
501	175
502	191
503	198
504	164
505	158
506	182
507	146
508	161
509	182
510	186
511	178
512	161
513	155
514	147
515	179
516	176
517	181
518	157
519	173
520	146
521	166
522	155
523	167
524	144
525	162
526	148
527	161
528	128
529	160
530	144
531	164
532	161
533	151
534	148
535	168
536	162
537	154
538	189
539	139
540	158
541	156
542	160
543	136
544	149
545	137
546	165
547	160
548	128
549	166
550	159
551	145
552	155
553	161
554	153
555	134
556	145
557	143
558	150
559	136
560	175
561	168
562	204
563	239
564	296
565	341
566	351
567	287
568	231
569	201
570	164
571	167
572	157
573	152
574	128
575	152
576	147
577	147
578	140
579	167
580	135
581	124
582	143
583	159
584	140
585	151
586	121
587	124
588	154
589	147
590	130
591	139
592	131
593	141
594	130
595	146
596	116
597	119
598	151
599	133
600	138
601	164
602	123
603	163
604	123
605	150
606	137
607	135
608	151
609	136
610	139
611	116
612	111
613	128
614	98
615	136
616	120
617	145
618	114
619	120
620	128
621	133
622	147
623	122
624	126
625	112
626	140
627	140
628	111
629	124
630	137
631	135
632	113
633	118
634	128
635	120
636	116
637	152
638	135
639	120
640	144
641	133
642	146
643	127
644	154
645	182
646	160
647	153
648	133
649	128
650	137
651	121
652	113
653	118
654	133
655	119
656	115
657	124
658	134
659	119
660	135
661	144
662	125
663	137
664	131
665	150
666	134
667	133
668	135
669	131
670	116
671	148
672	156
673	160
674	206
675	216
676	169
677	142
678	135
679	113
680	103
681	110
682	114
683	103
684	108
685	103
686	120
687	110
688	105
689	114
690	107
691	109
692	103
693	115
694	112
695	120
696	121
697	109
698	117
699	113
700	127
701	107
702	124
703	110
704	101
705	102
706	106
707	109
708	96
709	107
710	104
711	112
712	101
713	103
714	105
715	106
716	107
717	104
718	80
719	119
720	124
721	111
722	113
723	114
724	112
725	95
726	103
727	103
728	118
729	99
730	106
731	104
732	106
733	105
734	109
735	120
736	122
737	103
738	105
739	97
740	113
741	126
742	95
743	112
744	105
745	105
746	93
747	114
748	119
749	113
750	95
751	96
752	95
753	83
754	109
755	116
756	109
757	111
758	102
759	109
760	97
761	95
762	106
763	99
764	92
765	85
766	101
767	125
768	107
769	89
770	108
771	89
772	106
773	114
774	104
775	98
776	108
777	77
778	118
779	102
780	110
781	94
782	102
783	94
784	100
785	98
786	82
787	109
788	96
789	102
790	93
791	91
792	104
793	101
794	122
795	95
796	90
797	103
798	110
799	93
800	93
801	79
802	95
803	108
804	105
805	106
806	106
807	104
808	105
809	82
810	99
811	97
812	92
813	95
814	88
815	102
816	104
817	83
818	107
819	87
820	85
821	102
822	86
823	84
824	102
825	99
826	79
827	83
828	77
829	99
830	99
831	93
832	83
833	80
834	81
835	94
836	93
837	111
838	81
839	82
840	103
841	106
842	101
843	82
844	96
845	87
846	86
847	100
848	93
849	90
850	101
851	107
852	81
853	89
854	65
855	88
856	72
857	85
858	76
859	94
860	84
861	104
862	74
863	94
864	86
865	66
866	86
867	91
868	82
869	98
870	85
871	86
872	78
873	86
874	70
875	91
876	91
877	93
878	96
879	100
880	87
881	86
882	87
883	101
884	55
885	58
886	95
887	102
888	80
889	80
890	103
891	90
892	75
893	100
894	75
895	76
896	69
897	88
898	94
899	91
900	79
901	71
902	86
903	80
904	58
905	80
906	81
907	86
908	75
909	76
910	95
911	73
912	65
913	66
914	91
915	94
916	87
917	77
918	78
919	64
920	86
921	85
922	88
923	83
924	84
925	78
926	94
927	80
928	87
929	76
930	88
931	82
932	89
933	86
934	77
935	65
936	69
937	96
938	91
939	76
940	92
941	79
942	66
943	58
944	96
945	72
946	65
947	67
948	77
949	72
950	77
951	86
952	69
953	74
954	72
955	80
956	75
957	79
958	64
959	72
960	69
961	78
962	69
963	74
964	71
965	69
966	84
967	77
968	82
969	56
970	76
971	64
972	80
973	76
974	69
975	71
976	85
977	64
978	71
979	66
980	89
981	84
982	64
983	81
984	84
985	76
986	66
987	76
988	76
989	77
990	67
991	68
992	65
993	66
994	63
995	67
996	71
997	61
998	77
999	68
1000	74
1001	78
1002	82
1003	68
1004	57
1005	60
1006	104
1007	144
1008	141
1009	109
1010	98
1011	78
1012	69
1013	84
1014	58
1015	69
1016	64
1017	58
1018	64
1019	72
1020	61
1021	69
1022	64
1023	80
1024	70
1025	76
1026	88
1027	80
1028	62
1029	62
1030	81
1031	70
1032	83
1033	67
1034	65
1035	63
1036	77
1037	64
1038	70
1039	62
1040	50
1041	69
1042	65
1043	76
1044	86
1045	76
1046	83
1047	72
1048	65
1049	65
1050	62
1051	72
1052	72
1053	61
1054	72
1055	67
1056	74
1057	66
1058	66
1059	69
1060	67
1061	81
1062	80
1063	83
1064	100
1065	81
1066	90
1067	103
1068	78
1069	70
1070	110
1071	127
1072	111
1073	101
1074	81
1075	53
1076	70
1077	78
1078	62
1079	78
1080	56
1081	60
1082	65
1083	57
1084	65
1085	68
1086	64
1087	59
1088	62
1089	63
1090	60
1091	54
1092	68
1093	59
1094	63
1095	68
1096	56
1097	45
1098	60
1099	52
1100	66
1101	48
1102	59
1103	60
1104	69
1105	61
1106	52
1107	63
1108	50
1109	66
1110	52
1111	57
1112	65
1113	67
1114	60
1115	58
1116	55
1117	56
1118	59
1119	72
1120	57
1121	59
1122	48
1123	65
1124	46
1125	61
1126	64
1127	65
1128	57
1129	60
1130	58
1131	48
1132	58
1133	69
1134	64
1135	60
1136	68
1137	67
1138	59
1139	62
1140	50
1141	45
1142	75
1143	64
1144	50
1145	64
1146	67
1147	59
1148	54
1149	61
1150	68
1151	57
1152	76
1153	66
1154	59
1155	58
1156	59
1157	48
1158	63
1159	89
1160	79
1161	53
1162	50
1163	76
1164	66
1165	60
1166	66
1167	61
1168	55
1169	71
1170	58
1171	61
1172	53
1173	58
1174	55
1175	59
1176	73
1177	53
1178	62
1179	50
1180	65
1181	50
1182	58
1183	61
1184	51
1185	49
1186	60
1187	39
1188	71
1189	55
1190	57
1191	79
1192	48
1193	69
1194	52
1195	60
1196	53
1197	58
1198	61
1199	54
1200	56
1201	56
1202	54
1203	63
1204	57
1205	62
1206	65
1207	50
1208	52
1209	54
1210	67
1211	71
1212	39
1213	53
1214	64
1215	64
1216	56
1217	68
1218	53
1219	56
1220	55
1221	49
1222	40
1223	58
1224	58
1225	69
1226	61
1227	65
1228	66
1229	46
1230	64
1231	72
1232	68
1233	64
1234	66
1235	58
1236	74
1237	80
1238	114
1239	114
1240	94
1241	85
1242	62
1243	74
1244	51
1245	64
1246	55
1247	62
1248	46
1249	59
1250	50
1251	52
1252	61
1253	56
1254	67
1255	62
1256	67
1257	65
1258	66
1259	49
1260	61
1261	63
1262	62
1263	53
1264	50
1265	53
1266	58
1267	44
1268	45
1269	47
1270	53
1271	51
1272	59
1273	57
1274	51
1275	69
1276	46
1277	53
1278	61
1279	50
1280	61
1281	59
1282	51
1283	56
1284	49
1285	60
1286	54
1287	55
1288	55
1289	53
1290	51
1291	61
1292	52
1293	64
1294	66
1295	51
1296	56
1297	62
1298	65
1299	46
1300	48
1301	49
1302	45
1303	60
1304	49
1305	51
1306	50
1307	56
1308	60
1309	45
1310	50
1311	57
1312	58
1313	61
1314	54
1315	44
1316	51
1317	49
1318	60
1319	60
1320	52
1321	53
1322	38
1323	54
1324	55
1325	55
1326	55
1327	55
1328	53
1329	49
1330	51
1331	45
1332	41
1333	51
1334	55
1335	58
1336	52
1337	55
1338	52
1339	51
1340	73
1341	54
1342	50
1343	45
1344	62
1345	48
1346	45
1347	53
1348	72
1349	41
1350	43
1351	41
1352	46
1353	62
1354	62
1355	61
1356	55
1357	58
1358	43
1359	51
1360	64
1361	55
1362	49
1363	52
1364	47
1365	67
1366	70
1367	70
1368	61
1369	83
1370	59
1371	59
1372	47
1373	51
1374	47
1375	55
1376	56
1377	39
1378	61
1379	43
1380	47
1381	53
1382	43
1383	51
1384	37
1385	48
1386	39
1387	46
1388	30
1389	45
1390	43
1391	47
1392	48
1393	42
1394	39
1395	31
1396	40
1397	46
1398	51
1399	38
1400	41
1401	33
1402	40
1403	30
1404	42
1405	43
1406	44
1407	35
1408	52
1409	38
1410	42
1411	43
1412	34
1413	47
1414	51
1415	44
1416	43
1417	47
1418	51
1419	24
1420	43
1421	36
1422	32
1423	35
1424	34
1425	45
1426	31
1427	42
1428	31
1429	35
1430	38
1431	42
1432	35
1433	32
1434	50
1435	41
1436	43
1437	38
1438	44
1439	34
1440	25
1441	33
1442	53
1443	35
1444	30
1445	41
1446	37
1447	34
1448	39
1449	29
1450	34
1451	40
1452	32
1453	38
1454	34
1455	43
1456	31
1457	32
1458	35
1459	40
1460	35
1461	40
1462	36
1463	38
1464	26
1465	32
1466	34
1467	31
1468	47
1469	34
1470	35
1471	39
1472	32
1473	30
1474	39
1475	31
1476	37
1477	38
1478	47
1479	37
1480	32
1481	36
1482	44
1483	30
1484	30
1485	28
1486	36
1487	26
1488	42
1489	27
1490	24
1491	32
1492	36
1493	31
1494	31
1495	33
1496	34
1497	29
1498	29
1499	40
1500	38
1501	33
1502	37
1503	36
1504	29
1505	33
1506	31
1507	32
1508	35
1509	24
1510	42
1511	35
1512	34
1513	30
1514	23
1515	22
1516	20
1517	31
1518	25
1519	36
1520	36
1521	50
1522	47
1523	51
1524	42
1525	34
1526	31
1527	20
1528	43
1529	32
1530	28
1531	32
1532	35
1533	40
1534	40
1535	29
1536	35
1537	31
1538	18
1539	34
1540	30
1541	26
1542	22
1543	29
1544	25
1545	35
1546	26
1547	32
1548	32
1549	40
1550	31
1551	34
1552	27
1553	26
1554	36
1555	41
1556	37
1557	40
1558	44
1559	34
1560	37
1561	39
1562	48
1563	35
1564	30
1565	20
1566	36
1567	23
1568	17
1569	32
1570	28
1571	26
1572	36
1573	28
1574	23
1575	35
1576	26
1577	22
1578	35
1579	39
1580	23
1581	20
1582	28
1583	25
1584	23
1585	19
1586	25
1587	33
1588	43
1589	20
1590	23
1591	33
1592	23
1593	27
1594	25
1595	28
1596	27
1597	30
1598	30
1599	34
1600	19
1601	22
1602	28
1603	30
1604	36
1605	27
1606	28
1607	28
1608	29
1609	38
1610	45
1611	114
1612	279
1613	547
1614	888
1615	931
1616	724
1617	454
1618	167
1619	67
1620	21
1621	18
1622	8
1623	20
1624	16
1625	18
1626	11
1627	13
1628	11
1629	18
1630	21
1631	17
1632	21
1633	17
1634	17
1635	17
1636	19
1637	17
1638	14
1639	16
1640	11
1641	16
1642	19
1643	17
1644	19
1645	21
1646	13
1647	26
1648	16
1649	12
1650	16
1651	25
1652	19
1653	16
1654	31
1655	22
1656	17
1657	16
1658	11
1659	21
1660	14
1661	15
1662	19
1663	19
1664	22
1665	17
1666	15
1667	21
1668	25
1669	23
1670	30
1671	17
1672	18
1673	15
1674	14
1675	11
1676	21
1677	20
1678	9
1679	11
1680	12
1681	13
1682	12
1683	11
1684	10
1685	18
1686	14
1687	12
1688	14
1689	9
1690	23
1691	17
1692	12
1693	12
1694	18
1695	14
1696	16
1697	17
1698	14
1699	27
1700	13
1701	21
1702	19
1703	18
1704	14
1705	12
1706	24
1707	16
1708	18
1709	21
1710	18
1711	22
1712	9
1713	15
1714	23
1715	10
1716	13
1717	22
1718	13
1719	11
1720	14
1721	15
1722	21
1723	9
1724	14
1725	7
1726	13
1727	15
1728	9
1729	13
1730	14
1731	11
1732	14
1733	13
1734	10
1735	30
1736	15
1737	9
1738	12
1739	18
1740	16
1741	9
1742	17
1743	11
1744	10
1745	22
1746	15
1747	20
1748	17
1749	27
1750	20
1751	23
1752	20
1753	21
1754	37
1755	29
1756	27
1757	30
1758	19
1759	28
1760	21
1761	28
1762	18
1763	20
1764	23
1765	21
1766	13
1767	17
1768	16
1769	16
1770	14
1771	13
1772	20
1773	9
1774	13
1775	17
1776	11
1777	19
1778	14
1779	9
1780	15
1781	17
1782	5
1783	16
1784	14
1785	8
1786	15
1787	12
1788	13
1789	22
1790	20
1791	28
1792	25
1793	15
1794	18
1795	11
1796	21
1797	19
1798	8
1799	17
1800	20
1801	21
1802	21
1803	16
1804	19
1805	15
1806	19
1807	14
1808	17
1809	11
1810	14
1811	17
1812	13
1813	13
1814	13
1815	15
1816	16
1817	7
1818	10
1819	15
1820	17
1821	8
1822	17
1823	20
1824	8
1825	13
1826	16
1827	4
1828	19
1829	6
1830	11
1831	23
1832	15
1833	14
1834	18
1835	12
1836	11
1837	18
1838	15
1839	11
1840	10
1841	11
1842	13
1843	13
1844	21
1845	18
1846	12
1847	18
1848	6
1849	18
1850	10
1851	10
1852	13
1853	10
1854	9
1855	13
1856	16
1857	8
1858	11
1859	11
1860	12
1861	12
1862	13
1863	17
1864	13
1865	9
1866	15
1867	9
1868	18
1869	12
1870	15
1871	15
1872	18
1873	11
1874	15
1875	13
1876	13
1877	11
1878	16
1879	12
1880	6
1881	15
1882	13
1883	7
1884	13
1885	11
1886	9
1887	4
1888	16
1889	9
1890	12
1891	12
1892	8
1893	16
1894	13
1895	11
1896	12
1897	10
1898	13
1899	8
1900	9
1901	3
1902	16
1903	7
1904	12
1905	16
1906	12
1907	14
1908	14
1909	20
1910	26
1911	28
1912	37
1913	25
1914	23
1915	12
1916	9
1917	16
1918	11
1919	15
1920	13
1921	12
1922	11
1923	8
1924	13
1925	15
1926	10
1927	9
1928	10
1929	8
1930	11
1931	10
1932	13
1933	10
1934	5
1935	11
1936	11
1937	9
1938	14
1939	11
1940	16
1941	10
1942	15
1943	6
1944	16
1945	20
1946	17
1947	27
1948	55
1949	90
1950	81
1951	81
1952	70
1953	43
1954	11
1955	8
1956	10
1957	6
1958	7
1959	11
1960	9
1961	8
1962	10
1963	14
1964	8
1965	13
1966	14
1967	5
1968	13
1969	12
1970	9
1971	11
1972	8
1973	7
1974	10
1975	10
1976	12
1977	11
1978	12
1979	11
1980	8
1981	6
1982	7
1983	10
1984	5
1985	12
1986	10
1987	12
1988	13
1989	13
1990	9
1991	5
1992	14
1993	11
1994	11
1995	13
1996	11
1997	10
1998	8
1999	8
2000	12
2001	14
2002	16
2003	10
2004	7
2005	12
2006	11
2007	9
2008	8
2009	8
2010	11
2011	8
2012	12
2013	20
2014	11
2015	8
2016	13
2017	11
2018	12
2019	10
2020	7
2021	6
2022	12
2023	8
2024	9
2025	5
2026	16
2027	15
2028	12
2029	19
2030	9
2031	13
2032	11
2033	18
2034	15
2035	8
2036	12
2037	15
2038	9
2039	14
2040	24
2041	21
2042	21
2043	17
2044	24
2045	14
2046	15
2047	12
2048	11
2049	6
2050	11
2051	8
2052	8
2053	9
2054	6
2055	11
2056	11
2057	8
2058	14
2059	8
2060	14
2061	11
2062	8
2063	11
2064	9
2065	8
2066	17
2067	10
2068	7
2069	10
2070	16
2071	6
2072	7
2073	8
2074	15
2075	7
2076	7
2077	5
2078	8
2079	7
2080	5
2081	8
2082	5
2083	11
2084	12
2085	7
2086	12
2087	5
2088	12
2089	9
2090	10
2091	10
2092	11
2093	9
2094	15
2095	7
2096	18
2097	13
2098	12
2099	13
2100	11
2101	8
2102	8
2103	12
2104	4
2105	17
2106	8
2107	12
2108	7
2109	12
2110	6
2111	17
2112	12
2113	9
2114	9
2115	13
2116	10
2117	12
2118	12
2119	9
2120	4
2121	8
2122	14
2123	10
2124	8
2125	8
2126	16
2127	6
2128	13
2129	5
2130	7
2131	12
2132	15
2133	11
2134	12
2135	9
2136	9
2137	9
2138	9
2139	10
2140	9
2141	12
2142	7
2143	10
2144	5
2145	3
2146	10
2147	8
2148	13
2149	7
2150	13
2151	10
2152	9
2153	7
2154	9
2155	9
2156	16
2157	7
2158	8
2159	14
2160	8
2161	16
2162	14
2163	13
2164	13
2165	7
2166	6
2167	7
2168	12
2169	6
2170	13
2171	6
2172	8
2173	7
2174	11
2175	11
2176	5
2177	14
2178	8
2179	6
2180	11
2181	9
2182	8
2183	7
2184	9
2185	11
2186	6
2187	10
2188	8
2189	13
2190	9
2191	11
2192	11
2193	9
2194	13
2195	5
2196	13
2197	3
2198	10
2199	9
2200	13
2201	10
2202	5
2203	8
2204	5
2205	8
2206	11
2207	8
2208	7
2209	4
2210	11
2211	11
2212	7
2213	10
2214	7
2215	11
2216	5
2217	7
2218	11
2219	5
2220	11
2221	12
2222	15
2223	6
2224	11
2225	8
2226	4
2227	9
2228	11
2229	5
2230	5
2231	8
2232	11
2233	13
2234	8
2235	10
2236	11
2237	9
2238	9
2239	10
2240	10
2241	7
2242	10
2243	12
2244	11
2245	5
2246	11
2247	7
2248	8
2249	7
2250	13
2251	16
2252	6
2253	10
2254	9
2255	6
2256	15
2257	7
2258	4
2259	7
2260	9
2261	9
2262	7
2263	11
2264	8
2265	13
2266	10
2267	12
2268	9
2269	4
2270	6
2271	6
2272	6
2273	13
2274	13
2275	10
2276	7
2277	8
2278	9
2279	5
2280	6
2281	7
2282	5
2283	9
2284	13
2285	7
2286	12
2287	8
2288	5
2289	9
2290	3
2291	7
2292	8
2293	8
2294	10
2295	5
2296	8
2297	7
2298	6
2299	8
2300	6
2301	6
2302	6
2303	5
2304	5
2305	13
2306	7
2307	11
2308	11
2309	11
2310	7
2311	12
2312	5
2313	5
2314	4
2315	4
2316	16
2317	12
2318	8
2319	12
2320	12
2321	10
2322	37
2323	36
2324	33
2325	29
2326	35
2327	26
2328	18
2329	13
2330	9
2331	8
2332	14
2333	9
2334	2
2335	8
2336	6
2337	13
2338	12
2339	14
2340	16
2341	17
2342	21
2343	13
2344	15
2345	13
2346	5
2347	4
2348	5
2349	8
2350	9
2351	7
2352	6
2353	4
2354	4
2355	4
2356	4
2357	9
2358	8
2359	11
2360	5
2361	13
2362	10
2363	6
2364	10
2365	11
2366	5
2367	8
2368	10
2369	9
2370	5
2371	8
2372	11
2373	8
2374	8
2375	11
2376	7
2377	6
2378	8
2379	3
2380	10
2381	10
2382	8
2383	5
2384	12
2385	7
2386	7
2387	7
2388	12
2389	5
2390	7
2391	4
2392	4
2393	7
2394	10
2395	16
2396	9
2397	9
2398	9
2399	12
2400	6
2401	6
2402	7
2403	10
2404	5
2405	7
2406	9
2407	14
2408	8
2409	7
2410	5
2411	9
2412	11
2413	6
2414	8
2415	9
2416	10
2417	6
2418	12
2419	6
2420	8
2421	8
2422	5
2423	8
2424	7
2425	3
2426	6
2427	9
2428	7
2429	15
2430	7
2431	17
2432	10
2433	20
2434	35
2435	36
2436	43
2437	32
2438	27
2439	11
2440	13
2441	13
2442	9
2443	7
2444	8
2445	13
2446	12
2447	8
2448	6
2449	4
2450	7
2451	1
2452	9
2453	3
2454	12
2455	6
2456	6
2457	9
2458	11
2459	6
2460	10
2461	6
2462	10
2463	9
2464	10
2465	5
2466	10
2467	11
2468	6
2469	10
2470	6
2471	15
2472	10
2473	7
2474	10
2475	11
2476	9
2477	14
2478	9
2479	7
2480	18
2481	2
2482	12
2483	12
2484	10
2485	7
2486	6
2487	9
2488	9
2489	9
2490	6
2491	5
2492	7
2493	7
2494	9
2495	13
2496	9
2497	6
2498	8
2499	8
2500	14
2501	8
2502	5
2503	11
2504	8
2505	6
2506	10
2507	6
2508	8
2509	9
2510	12
2511	7
2512	8
2513	12
2514	7
2515	8
2516	8
2517	5
2518	12
2519	13
2520	7
2521	13
2522	10
2523	9
2524	8
2525	5
2526	11
2527	8
2528	6
2529	11
2530	10
2531	12
2532	9
2533	9
2534	7
2535	10
2536	9
2537	4
2538	4
2539	7
2540	9
2541	8
2542	5
2543	5
2544	7
2545	16
2546	4
2547	10
2548	8
2549	6
2550	8
2551	7
2552	8
2553	10
2554	11
2555	5
2556	9
2557	11
2558	8
2559	4
2560	5
2561	7
2562	4
2563	4
2564	9
2565	6
2566	9
2567	6
2568	9
2569	7
2570	10
2571	8
2572	12
2573	10
2574	4
2575	6
2576	13
2577	9
2578	10
2579	6
2580	9
2581	15
2582	9
2583	8
2584	8
2585	14
2586	11
2587	9
2588	6
2589	5
2590	7
2591	7
2592	8
2593	9
2594	8
2595	9
2596	9
2597	12
2598	9
2599	13
2600	9
2601	7
2602	9
2603	9
2604	1
2605	13
2606	12
2607	15
2608	12
2609	14
2610	10
2611	12
2612	10
2613	12
2614	8
2615	12
2616	3
2617	9
2618	9
2619	13
2620	9
2621	6
2622	6
2623	8
2624	8
2625	16
2626	8
2627	11
2628	8
2629	8
2630	9
2631	17
2632	8
2633	6
2634	7
2635	3
2636	7
2637	8
2638	7
2639	7
2640	8
2641	4
2642	7
2643	8
2644	7
2645	4
2646	11
2647	8
2648	9
2649	10
2650	7
2651	7
2652	5
2653	5
2654	8
2655	6
2656	6
2657	6
2658	5
2659	11
2660	10
2661	6
2662	10
2663	7
2664	4
2665	8
2666	6
2667	8
2668	4
2669	6
2670	4
2671	7
2672	4
2673	7
2674	7
2675	9
2676	6
2677	6
2678	6
2679	6
2680	5
2681	6
2682	5
2683	7
2684	4
2685	1
2686	7
2687	12
2688	4
2689	2
2690	8
2691	5
2692	4
2693	10
2694	7
2695	9
2696	5
2697	4
2698	5
2699	4
2700	5
2701	9
2702	12
2703	14
2704	18
2705	13
2706	19
2707	13
2708	6
2709	2
2710	10
2711	2
2712	4
2713	9
2714	4
2715	5
2716	5
2717	6
2718	9
2719	2
2720	7
2721	5
2722	9
2723	8
2724	8
2725	3
2726	3
2727	4
2728	8
2729	3
2730	5
2731	3
2732	4
2733	7
2734	3
2735	1
2736	3
2737	1
2738	7
2739	7
2740	1
2741	5
2742	4
2743	5
2744	7
2745	2
2746	0
2747	4
2748	2
2749	7
2750	4
2751	4
2752	5
2753	2
2754	1
2755	4
2756	5
2757	3
2758	4
2759	4
2760	5
2761	6
2762	7
2763	4
2764	4
2765	5
2766	5
2767	4
2768	3
2769	6
2770	5
2771	2
2772	1
2773	3
2774	2
2775	4
2776	1
2777	2
2778	3
2779	3
2780	4
2781	2
2782	5
2783	3
2784	5
2785	3
2786	2
2787	0
2788	3
2789	4
2790	2
2791	3
2792	2
2793	2
2794	3
2795	3
2796	3
2797	5
2798	2
2799	3
2800	1
2801	2
2802	3
2803	3
2804	4
2805	1
2806	0
2807	3
2808	3
2809	3
2810	2
2811	2
2812	4
2813	3
2814	2
2815	2
2816	5
2817	4
2818	2
2819	1
2820	3
2821	5
2822	3
2823	3
2824	3
2825	1
2826	2
2827	4
2828	1
2829	5
2830	5
2831	4
2832	2
2833	3
2834	3
2835	5
2836	1
2837	4
2838	2
2839	2
2840	4
2841	1
2842	2
2843	1
2844	7
2845	2
2846	1
2847	3
2848	4
2849	3
2850	2
2851	5
2852	4
2853	6
2854	3
2855	1
2856	4
2857	2
2858	1
2859	4
2860	1
2861	1
2862	3
2863	4
2864	1
2865	4
2866	0
2867	3
2868	3
2869	3
2870	3
2871	5
2872	5
2873	5
2874	1
2875	5
2876	1
2877	2
2878	3
2879	0
2880	2
2881	1
2882	5
2883	10
2884	17
2885	65
2886	144
2887	190
2888	249
2889	260
2890	242
2891	172
2892	118
2893	50
2894	19
2895	7
2896	2
2897	0
2898	1
2899	0
2900	3
2901	2
2902	1
2903	2
2904	2
2905	2
2906	2
2907	0
2908	1
2909	2
2910	1
2911	2
2912	0
2913	0
2914	2
2915	0
2916	0
2917	1
2918	1
2919	0
2920	3
2921	3
2922	3
2923	1
2924	0
2925	1
2926	1
2927	0
2928	2
2929	0
2930	1
2931	0
2932	1
2933	2
2934	1
2935	0
2936	0
2937	0
2938	0
2939	3
2940	1
2941	0
2942	0
2943	1
2944	0
2945	2
2946	1
2947	0
2948	1
2949	1
2950	2
2951	0
2952	0
2953	0
2954	1
2955	0
2956	0
2957	0
2958	0
2959	3
2960	0
2961	0
2962	1
2963	0
2964	0
2965	1
2966	0
2967	0
2968	3
2969	2
2970	0
2971	2
2972	2
2973	0
2974	0
2975	2
2976	2
2977	0
2978	0
2979	1
2980	0
2981	0
2982	0
2983	1
2984	1
2985	2
2986	1
2987	1
2988	0
2989	1
2990	1
2991	2
2992	1
2993	2
2994	1
2995	0
2996	1
2997	0
2998	1
2999	0
3000	4
3001	0
3002	1
3003	3
3004	0
3005	0
3006	7
3007	0
3008	2
3009	0
3010	2
3011	0
3012	2
3013	2
3014	0
3015	1
3016	0
3017	1
3018	1
3019	1
3020	1
3021	1
3022	1
3023	0
3024	0
3025	2
3026	0
3027	0
3028	0
3029	0
3030	0
3031	2
3032	2
3033	1
3034	1
3035	1
3036	0
3037	0
3038	1
3039	0
3040	0
3041	0
3042	2
3043	1
3044	0
3045	2
3046	0
3047	1
3048	1
3049	1
3050	1
3051	1
3052	0
3053	1
3054	2
3055	0
3056	3
3057	0
3058	1
3059	2
3060	1
3061	0
3062	1
3063	0
3064	0
3065	1
3066	1
3067	0
3068	0
3069	0
3070	1
3071	1
3072	1
3073	2
3074	2
3075	0
3076	0
3077	1
3078	1
3079	1
3080	0
3081	1
3082	0
3083	1
3084	1
3085	1
3086	2
3087	2
3088	2
3089	1
3090	0
3091	1
3092	1
3093	2
3094	3
3095	2
3096	1
3097	0
3098	0
3099	0
3100	0
3101	0
3102	1
3103	1
3104	0
3105	0
3106	1
3107	0
3108	1
3109	1
3110	1
3111	1
3112	1
3113	1
3114	0
3115	3
3116	1
3117	1
3118	0
3119	1
3120	1
3121	1
3122	0
3123	1
3124	1
3125	2
3126	0
3127	0
3128	0
3129	0
3130	0
3131	0
3132	1
3133	0
3134	0
3135	0
3136	1
3137	0
3138	0
3139	0
3140	0
3141	0
3142	0
3143	2
3144	1
3145	1
3146	3
3147	2
3148	1
3149	0
3150	0
3151	0
3152	0
3153	0
3154	1
3155	3
3156	1
3157	0
3158	1
3159	1
3160	0
3161	4
3162	0
3163	2
3164	3
3165	1
3166	1
3167	0
3168	2
3169	0
3170	1
3171	2
3172	2
3173	2
3174	0
3175	0
3176	0
3177	0
3178	0
3179	1
3180	2
3181	0
3182	1
3183	1
3184	0
3185	1
3186	1
3187	0
3188	1
3189	0
3190	1
3191	1
3192	0
3193	2
3194	1
3195	0
3196	1
3197	1
3198	3
3199	2
3200	0
3201	1
3202	1
3203	0
3204	0
3205	0
3206	1
3207	2
3208	1
3209	1
3210	1
3211	0
3212	0
3213	1
3214	0
3215	0
3216	0
3217	1
3218	0
3219	0
3220	2
3221	2
3222	2
3223	0
3224	0
3225	1
3226	1
3227	1
3228	0
3229	0
3230	0
3231	1
3232	1
3233	0
3234	2
3235	0
3236	1
3237	1
3238	1
3239	1
3240	1
3241	0
3242	2
3243	1
3244	4
3245	0
3246	0
3247	0
3248	1
3249	2
3250	1
3251	0
3252	1
3253	1
3254	2
3255	0
3256	1
3257	0
3258	0
3259	0
3260	1
3261	1
3262	1
3263	2
3264	0
3265	1
3266	1
3267	0
3268	0
3269	1
3270	2
3271	1
3272	2
3273	0
3274	0
3275	1
3276	1
3277	1
3278	0
3279	0
3280	1
3281	1
3282	0
3283	2
3284	0
3285	3
3286	0
3287	0
3288	1
3289	0
3290	0
3291	0
3292	0
3293	0
3294	1
3295	0
3296	0
3297	2
3298	1
3299	1
3300	1
3301	3
3302	0
3303	1
3304	2
3305	0
3306	0
3307	0
3308	0
3309	0
3310	0
3311	1
3312	1
3313	0
3314	1
3315	0
3316	1
3317	3
3318	0
3319	1
3320	1
3321	1
3322	0
3323	0
3324	1
3325	2
3326	0
3327	0
3328	0
3329	0
3330	0
3331	3
3332	1
3333	1
3334	2
3335	1
3336	0
3337	0
3338	3
3339	1
3340	0
3341	0
3342	1
3343	0
3344	0
3345	1
3346	3
3347	1
3348	0
3349	0
3350	0
3351	0
3352	2
3353	1
3354	0
3355	0
3356	1
3357	1
3358	0
3359	0
3360	1
3361	1
3362	0
3363	2
3364	1
3365	2
3366	3
3367	0
3368	0
3369	0
3370	2
3371	1
3372	1
3373	4
3374	1
3375	1
3376	0
3377	0
3378	0
3379	0
3380	0
3381	1
3382	0
3383	0
3384	1
3385	1
3386	1
3387	4
3388	2
3389	0
3390	0
3391	0
3392	1
3393	1
3394	0
3395	0
3396	1
3397	0
3398	0
3399	1
3400	0
3401	0
3402	0
3403	1
3404	1
3405	1
3406	1
3407	0
3408	0
3409	1
3410	1
3411	0
3412	1
3413	2
3414	1
3415	0
3416	0
3417	0
3418	1
3419	0
3420	0
3421	0
3422	1
3423	1
3424	2
3425	2
3426	3
3427	1
3428	0
3429	0
3430	0
3431	0
3432	1
3433	0
3434	1
3435	0
3436	1
3437	0
3438	0
3439	0
3440	0
3441	1
3442	0
3443	0
3444	1
3445	0
3446	2
3447	0
3448	1
3449	0
3450	0
3451	1
3452	1
3453	1
3454	0
3455	1
3456	1
3457	0
3458	0
3459	2
3460	1
3461	2
3462	0
3463	0
3464	1
3465	3
3466	0
3467	1
3468	1
3469	2
3470	2
3471	1
3472	0
3473	1
3474	1
3475	1
3476	1
3477	0
3478	1
3479	0
3480	1
3481	1
3482	0
3483	2
3484	0
3485	0
3486	0
3487	1
3488	0
3489	0
3490	1
3491	0
3492	1
3493	0
3494	0
3495	2
3496	1
3497	0
3498	0
3499	1
3500	0
3501	0
3502	0
3503	1
3504	0
3505	1
3506	1
3507	0
3508	0
3509	1
3510	1
3511	1
3512	3
3513	2
3514	2
3515	0
3516	0
3517	2
3518	0
3519	3
3520	0
3521	0
3522	0
3523	0
3524	0
3525	1
3526	1
3527	0
3528	2
3529	1
3530	0
3531	0
3532	1
3533	0
3534	1
3535	1
3536	0
3537	1
3538	0
3539	1
3540	1
3541	2
3542	0
3543	2
3544	1
3545	1
3546	0
3547	0
3548	1
3549	1
3550	0
3551	0
3552	1
3553	1
3554	0
3555	3
3556	0
3557	1
3558	1
3559	1
3560	0
3561	1
3562	1
3563	2
3564	1
3565	1
3566	0
3567	0
3568	0
3569	1
3570	1
3571	0
3572	0
3573	0
3574	1
3575	1
3576	0
3577	3
3578	2
3579	1
3580	1
3581	1
3582	1
3583	1
3584	0
3585	1
3586	0
3587	0
3588	0
3589	0
3590	0
3591	0
3592	1
3593	3
3594	0
3595	0
3596	1
3597	0
3598	2
3599	2
3600	0
3601	1
3602	1
3603	2
3604	2
3605	1
3606	0
3607	0
3608	0
3609	1
3610	0
3611	0
3612	0
3613	1
3614	0
3615	1
3616	0
3617	0
3618	1
3619	1
3620	1
3621	0
3622	1
3623	2
3624	1
3625	2
3626	0
3627	2
3628	2
3629	0
3630	0
3631	0
3632	1
3633	1
3634	0
3635	1
3636	3
3637	0
3638	0
3639	1
3640	2
3641	0
3642	1
3643	0
3644	0
3645	2
3646	0
3647	0
3648	0
3649	2
3650	0
3651	0
3652	1
3653	0
3654	2
3655	0
3656	0
3657	2
3658	1
3659	0
3660	1
3661	2
3662	1
3663	1
3664	1
3665	0
3666	0
3667	1
3668	2
3669	0
3670	2
3671	1
3672	0
3673	1
3674	1
3675	0
3676	1
3677	0
3678	0
3679	0
3680	1
3681	2
3682	1
3683	0
3684	1
3685	0
3686	1
3687	1
3688	0
3689	2
3690	0
3691	1
3692	2
3693	3
3694	2
3695	0
3696	0
3697	0
3698	1
3699	0
3700	2
3701	0
3702	3
3703	0
3704	0
3705	2
3706	0
3707	1
3708	0
3709	3
3710	0
3711	0
3712	1
3713	0
3714	1
3715	0
3716	0
3717	0
3718	0
3719	0
3720	0
3721	1
3722	0
3723	0
3724	1
3725	0
3726	0
3727	0
3728	0
3729	1
3730	1
3731	0
3732	0
3733	0
3734	1
3735	1
3736	0
3737	2
3738	2
3739	1
3740	0
3741	0
3742	3
3743	1
3744	1
3745	0
3746	1
3747	1
3748	2
3749	1
3750	0
3751	1
3752	1
3753	0
3754	1
3755	1
3756	0
3757	0
3758	0
3759	0
3760	1
3761	3
3762	0
3763	0
3764	0
3765	0
3766	1
3767	0
3768	0
3769	0
3770	0
3771	0
3772	0
3773	1
3774	0
3775	2
3776	0
3777	0
3778	0
3779	0
3780	1
3781	1
3782	0
3783	0
3784	1
3785	1
3786	0
3787	2
3788	0
3789	1
3790	1
3791	0
3792	0
3793	2
3794	0
3795	0
3796	0
3797	0
3798	1
3799	0
3800	0
3801	0
3802	1
3803	0
3804	1
3805	0
3806	0
3807	0
3808	1
3809	0
3810	0
3811	0
3812	0
3813	0
3814	0
3815	0
3816	0
3817	0
3818	1
3819	1
3820	0
3821	1
3822	1
3823	1
3824	4
3825	0
3826	0
3827	0
3828	2
3829	1
3830	1
3831	0
3832	0
3833	1
3834	1
3835	1
3836	1
3837	0
3838	0
3839	0
3840	0
3841	0
3842	2
3843	1
3844	0
3845	1
3846	0
3847	0
3848	0
3849	1
3850	1
3851	0
3852	0
3853	1
3854	0
3855	0
3856	0
3857	0
3858	1
3859	1
3860	1
3861	0
3862	1
3863	0
3864	0
3865	0
3866	1
3867	0
3868	1
3869	3
3870	0
3871	0
3872	0
3873	2
3874	1
3875	1
3876	0
3877	0
3878	1
3879	0
3880	1
3881	0
3882	1
3883	0
3884	0
3885	0
3886	0
3887	0
3888	1
3889	1
3890	0
3891	1
3892	1
3893	0
3894	0
3895	1
3896	1
3897	2
3898	1
3899	0
3900	2
3901	1
3902	1
3903	0
3904	0
3905	1
3906	2
3907	1
3908	0
3909	0
3910	1
3911	1
3912	0
3913	2
3914	0
3915	0
3916	3
3917	0
3918	1
3919	1
3920	0
3921	1
3922	0
3923	0
3924	2
3925	0
3926	3
3927	0
3928	0
3929	0
3930	1
3931	0
3932	0
3933	0
3934	0
3935	0
3936	1
3937	0
3938	0
3939	1
3940	0
3941	2
3942	0
3943	0
3944	1
3945	3
3946	0
3947	0
3948	1
3949	0
3950	2
3951	0
3952	0
3953	0
3954	0
3955	0
3956	1
3957	0
3958	0
3959	1
3960	0
3961	0
3962	0
3963	0
3964	0
3965	0
3966	0
3967	0
3968	0
3969	2
3970	2
3971	1
3972	0
3973	0
3974	0
3975	0
3976	0
3977	0
3978	1
3979	0
3980	1
3981	0
3982	0
3983	1
3984	2
3985	0
3986	0
3987	0
3988	2
3989	0
3990	1
3991	0
3992	0
3993	0
3994	1
3995	0
3996	1
3997	0
3998	0
3999	1
4000	2
4001	0
4002	2
4003	1
4004	1
4005	0
4006	2
4007	0
4008	0
4009	0
4010	0
4011	0
4012	0
4013	1
4014	1
4015	0
4016	0
4017	1
4018	1
4019	0
4020	2
4021	0
4022	0
4023	0
4024	1
4025	0
4026	2
4027	0
4028	1
4029	1
4030	0
4031	1
4032	0
4033	0
4034	1
4035	2
4036	2
4037	0
4038	1
4039	1
4040	0
4041	0
4042	0
4043	1
4044	2
4045	1
4046	0
4047	2
4048	1
4049	0
4050	0
4051	0
4052	0
4053	0
4054	1
4055	0
4056	1
4057	1
4058	0
4059	1
4060	0
4061	0
4062	2
4063	0
4064	1
4065	1
4066	0
4067	0
4068	0
4069	0
4070	1
4071	1
4072	0
4073	0
4074	3
4075	1
4076	1
4077	1
4078	0
4079	0
4080	0
4081	0
4082	0
4083	0
4084	0
4085	1
4086	1
4087	0
4088	0
4089	1
4090	0
4091	1
4092	0
4093	1
4094	2
4095	0
4096	0
4097	2
4098	0
4099	0
4100	0
4101	0
4102	0
4103	0
4104	1
4105	1
4106	0
4107	0
4108	1
4109	0
4110	2
4111	1
4112	1
4113	0
4114	0
4115	1
4116	1
4117	1
4118	0
4119	0
4120	0
4121	0
4122	1
4123	2
4124	2
4125	1
4126	0
4127	0
4128	1
4129	1
4130	0
4131	0
4132	1
4133	2
4134	1
4135	1
4136	1
4137	0
4138	0
4139	0
4140	1
4141	0
4142	1
4143	0
4144	0
4145	0
4146	0
4147	2
4148	0
4149	1
4150	0
4151	0
4152	0
4153	1
4154	0
4155	0
4156	0
4157	0
4158	1
4159	0
4160	1
4161	0
4162	2
4163	1
4164	0
4165	1
4166	0
4167	0
4168	1
4169	0
4170	0
4171	1
4172	0
4173	0
4174	0
4175	0
4176	0
4177	0
4178	0
4179	0
4180	0
4181	1
4182	0
4183	0
4184	0
4185	0
4186	0
4187	0
4188	1
4189	1
4190	0
4191	0
4192	0
4193	0
4194	0
4195	0
4196	0
4197	1
4198	0
4199	2
4200	0
4201	1
4202	0
4203	1
4204	0
4205	1
4206	1
4207	0
4208	0
4209	0
4210	1
4211	0
4212	0
4213	0
4214	0
4215	0
4216	3
4217	0
4218	0
4219	0
4220	0
4221	1
4222	0
4223	0
4224	0
4225	0
4226	0
4227	0
4228	0
4229	0
4230	1
4231	0
4232	2
4233	2
4234	0
4235	0
4236	1
4237	2
4238	0
4239	0
4240	1
4241	0
4242	0
4243	0
4244	2
4245	0
4246	0
4247	3
4248	0
4249	0
4250	0
4251	0
4252	1
4253	0
4254	0
4255	0
4256	0
4257	0
4258	0
4259	1
4260	0
4261	0
4262	0
4263	0
4264	0
4265	3
4266	1
4267	1
4268	0
4269	0
4270	1
4271	0
4272	0
4273	1
4274	1
4275	1
4276	0
4277	1
4278	1
4279	2
4280	3
4281	0
4282	0
4283	0
4284	0
4285	1
4286	2
4287	0
4288	1
4289	1
4290	0
4291	0
4292	0
4293	0
4294	0
4295	1
4296	0
4297	0
4298	0
4299	0
4300	0
4301	1
4302	1
4303	1
4304	0
4305	2
4306	2
4307	1
4308	0
4309	2
4310	1
4311	0
4312	1
4313	2
4314	1
4315	0
4316	1
4317	0
4318	0
4319	0
4320	0
4321	0
4322	0
4323	0
4324	1
4325	0
4326	1
4327	1
4328	2
4329	0
4330	2
4331	1
4332	2
4333	0
4334	0
4335	0
4336	1
4337	0
4338	1
4339	0
4340	0
4341	0
4342	1
4343	2
4344	0
4345	0
4346	1
4347	0
4348	0
4349	1
4350	0
4351	1
4352	0
4353	0
4354	0
4355	1
4356	0
4357	0
4358	0
4359	0
4360	0
4361	0
4362	1
4363	1
4364	2
4365	1
4366	0
4367	2
4368	0
4369	0
4370	1
4371	0
4372	0
4373	2
4374	0
4375	0
4376	1
4377	1
4378	1
4379	1
4380	0
4381	0
4382	1
4383	0
4384	0
4385	1
4386	1
4387	0
4388	1
4389	1
4390	0
4391	1
4392	1
4393	0
4394	0
4395	1
4396	1
4397	0
4398	0
4399	0
4400	0
4401	0
4402	1
4403	0
4404	0
4405	0
4406	2
4407	0
4408	0
4409	1
4410	0
4411	1
4412	0
4413	2
4414	0
4415	0
4416	0
4417	0
4418	0
4419	2
4420	0
4421	1
4422	0
4423	2
4424	0
4425	1
4426	0
4427	1
4428	0
4429	0
4430	2
4431	1
4432	0
4433	0
4434	0
4435	3
4436	0
4437	0
4438	1
4439	0
4440	0
4441	1
4442	0
4443	0
4444	0
4445	1
4446	0
4447	0
4448	2
4449	1
4450	0
4451	1
4452	1
4453	0
4454	0
4455	0
4456	1
4457	0
4458	1
4459	0
4460	2
4461	0
4462	1
4463	3
4464	2
4465	0
4466	0
4467	0
4468	1
4469	3
4470	0
4471	0
4472	0
4473	0
4474	0
4475	0
4476	0
4477	0
4478	0
4479	0
4480	1
4481	0
4482	0
4483	2
4484	0
4485	1
4486	1
4487	2
4488	1
4489	0
4490	0
4491	0
4492	0
4493	1
4494	3
4495	0
4496	1
4497	0
4498	0
4499	0
4500	1
4501	0
4502	3
4503	1
4504	0
4505	0
4506	0
4507	0
4508	1
4509	2
4510	1
4511	0
4512	0
4513	1
4514	0
4515	2
4516	2
4517	1
4518	0
4519	0
4520	1
4521	1
4522	0
4523	0
4524	1
4525	0
4526	0
4527	1
4528	0
4529	0
4530	2
4531	0
4532	1
4533	1
4534	0
4535	1
4536	1
4537	0
4538	1
4539	0
4540	0
4541	0
4542	0
4543	0
4544	0
4545	1
4546	0
4547	0
4548	0
4549	0
4550	2
4551	1
4552	0
4553	0
4554	0
4555	0
4556	1
4557	0
4558	2
4559	0
4560	0
4561	0
4562	0
4563	0
4564	0
4565	1
4566	2
4567	0
4568	0
4569	1
4570	0
4571	1
4572	0
4573	1
4574	0
4575	0
4576	1
4577	0
4578	1
4579	1
4580	0
4581	1
4582	0
4583	0
4584	0
4585	0
4586	1
4587	2
4588	1
4589	0
4590	0
4591	0
4592	0
4593	1
4594	0
4595	2
4596	2
4597	2
4598	0
4599	0
4600	0
4601	1
4602	2
4603	2
4604	0
4605	0
4606	0
4607	1
4608	0
4609	0
4610	0
4611	0
4612	0
4613	0
4614	0
4615	1
4616	0
4617	0
4618	2
4619	0
4620	0
4621	0
4622	0
4623	1
4624	0
4625	2
4626	0
4627	0
4628	0
4629	1
4630	0
4631	1
4632	0
4633	0
4634	0
4635	1
4636	0
4637	2
4638	0
4639	0
4640	1
4641	2
4642	3
4643	0
4644	0
4645	0
4646	0
4647	1
4648	0
4649	0
4650	1
4651	1
4652	1
4653	1
4654	0
4655	0
4656	0
4657	0
4658	0
4659	0
4660	1
4661	0
4662	0
4663	0
4664	1
4665	0
4666	0
4667	0
4668	0
4669	0
4670	1
4671	1
4672	1
4673	1
4674	1
4675	1
4676	1
4677	1
4678	0
4679	0
4680	0
4681	0
4682	1
4683	1
4684	0
4685	0
4686	0
4687	2
4688	0
4689	0
4690	1
4691	2
4692	0
4693	1
4694	0
4695	1
4696	0
4697	0
4698	0
4699	0
4700	0
4701	0
4702	0
4703	2
4704	0
4705	0
4706	1
4707	0
4708	0
4709	0
4710	0
4711	0
4712	0
4713	1
4714	0
4715	0
4716	1
4717	1
4718	2
4719	1
4720	0
4721	1
4722	1
4723	2
4724	2
4725	0
4726	2
4727	0
4728	0
4729	0
4730	0
4731	0
4732	0
4733	0
4734	1
4735	1
4736	2
4737	0
4738	1
4739	1
4740	0
4741	0
4742	0
4743	0
4744	1
4745	1
4746	1
4747	1
4748	1
4749	1
4750	1
4751	1
4752	0
4753	1
4754	0
4755	0
4756	0
4757	0
4758	0
4759	0
4760	0
4761	2
4762	1
4763	1
4764	1
4765	0
4766	0
4767	0
4768	0
4769	1
4770	0
4771	0
4772	0
4773	1
4774	0
4775	0
4776	1
4777	3
4778	0
4779	1
4780	2
4781	0
4782	0
4783	0
4784	0
4785	0
4786	0
4787	1
4788	1
4789	0
4790	1
4791	0
4792	0
4793	1
4794	0
4795	1
4796	0
4797	2
4798	1
4799	0
4800	0
4801	1
4802	0
4803	1
4804	0
4805	0
4806	0
4807	0
4808	2
4809	1
4810	2
4811	2
4812	0
4813	0
4814	0
4815	0
4816	1
4817	0
4818	0
4819	1
4820	0
4821	1
4822	0
4823	1
4824	1
4825	0
4826	0
4827	0
4828	0
4829	0
4830	1
4831	0
4832	1
4833	0
4834	0
4835	1
4836	3
4837	0
4838	0
4839	1
4840	0
4841	0
4842	1
4843	0
4844	1
4845	1
4846	0
4847	3
4848	0
4849	1
4850	2
4851	0
4852	1
4853	0
4854	1
4855	2
4856	0
4857	1
4858	0
4859	0
4860	0
4861	0
4862	1
4863	1
4864	0
4865	1
4866	0
4867	0
4868	0
4869	0
4870	0
4871	0
4872	0
4873	0
4874	3
4875	2
4876	1
4877	0
4878	1
4879	2
4880	1
4881	0
4882	1
4883	0
4884	0
4885	2
4886	0
4887	2
4888	1
4889	1
4890	1
4891	1
4892	0
4893	0
4894	1
4895	0
4896	0
4897	0
4898	0
4899	0
4900	0
4901	0
4902	0
4903	1
4904	0
4905	0
4906	0
4907	0
4908	0
4909	1
4910	1
4911	2
4912	0
4913	0
4914	0
4915	0
4916	0
4917	0
4918	0
4919	0
4920	0
4921	0
4922	0
4923	0
4924	0
4925	1
4926	0
4927	1
4928	0
4929	0
4930	0
4931	0
4932	0
4933	0
4934	0
4935	0
4936	1
4937	0
4938	1
4939	2
4940	0
4941	1
4942	0
4943	0
4944	0
4945	0
4946	0
4947	0
4948	0
4949	1
4950	1
4951	0
4952	1
4953	0
4954	1
4955	0
4956	0
4957	0
4958	2
4959	0
4960	0
4961	0
4962	1
4963	1
4964	0
4965	1
4966	0
4967	0
4968	2
4969	0
4970	0
4971	0
4972	2
4973	0
4974	0
4975	0
4976	1
4977	0
4978	0
4979	0
4980	0
4981	0
4982	0
4983	0
4984	0
4985	0
4986	0
4987	0
4988	0
4989	0
4990	1
4991	0
4992	0
4993	0
4994	0
4995	0
4996	0
4997	0
4998	2
4999	0
5000	0
5001	0
5002	0
5003	1
5004	0
5005	1
5006	0
5007	0
5008	0
5009	0
5010	0
5011	2
5012	0
5013	2
5014	1
5015	1
5016	0
5017	0
5018	1
5019	1
5020	0
5021	0
5022	0
5023	0
5024	0
5025	0
5026	0
5027	2
5028	0
5029	0
5030	0
5031	0
5032	1
5033	1
5034	1
5035	1
5036	0
5037	0
5038	1
5039	1
5040	1
5041	0
5042	0
5043	0
5044	1
5045	0
5046	1
5047	0
5048	1
5049	1
5050	1
5051	1
5052	0
5053	2
5054	1
5055	0
5056	0
5057	0
5058	1
5059	0
5060	0
5061	1
5062	0
5063	0
5064	1
5065	0
5066	0
5067	1
5068	1
5069	1
5070	0
5071	2
5072	0
5073	1
5074	1
5075	0
5076	0
5077	0
5078	0
5079	0
5080	0
5081	1
5082	0
5083	0
5084	0
5085	0
5086	0
5087	0
5088	0
5089	0
5090	1
5091	0
5092	0
5093	0
5094	0
5095	0
5096	0
5097	0
5098	0
5099	1
5100	2
5101	1
5102	2
5103	1
5104	0
5105	0
5106	0
5107	1
5108	0
5109	1
5110	0
5111	0
5112	0
5113	0
5114	0
5115	0
5116	0
5117	0
5118	1
5119	1
5120	1
5121	0
5122	0
5123	3
5124	0
5125	0
5126	0
5127	0
5128	2
5129	1
5130	0
5131	0
5132	0
5133	1
5134	0
5135	1
5136	0
5137	0
5138	0
5139	2
5140	1
5141	0
5142	0
5143	0
5144	0
5145	1
5146	0
5147	1
5148	0
5149	1
5150	2
5151	0
5152	1
5153	2
5154	1
5155	1
5156	2
5157	0
5158	1
5159	0
5160	0
5161	0
5162	0
5163	0
5164	1
5165	0
5166	0
5167	0
5168	0
5169	0
5170	0
5171	1
5172	1
5173	0
5174	2
5175	0
5176	0
5177	1
5178	0
5179	0
5180	1
5181	0
5182	0
5183	1
5184	1
5185	2
5186	0
5187	1
5188	0
5189	0
5190	0
5191	1
5192	0
5193	0
5194	0
5195	0
5196	0
5197	0
5198	1
5199	0
5200	1
5201	0
5202	1
5203	0
5204	0
5205	1
5206	0
5207	0
5208	2
5209	0
5210	0
5211	1
5212	0
5213	0
5214	3
5215	0
5216	1
5217	0
5218	1
5219	1
5220	0
5221	0
5222	2
5223	1
5224	0
5225	1
5226	1
5227	1
5228	1
5229	1
5230	0
5231	1
5232	0
5233	0
5234	0
5235	1
5236	0
5237	1
5238	0
5239	0
5240	0
5241	0
5242	0
5243	0
5244	0
5245	0
5246	0
5247	0
5248	1
5249	0
5250	0
5251	0
5252	0
5253	0
5254	0
5255	0
5256	0
5257	1
5258	0
5259	1
5260	0
5261	0
5262	1
5263	1
5264	0
5265	0
5266	0
5267	0
5268	0
5269	1
5270	0
5271	1
5272	1
5273	1
5274	0
5275	1
5276	0
5277	0
5278	0
5279	1
5280	2
5281	0
5282	0
5283	1
5284	0
5285	2
5286	0
5287	1
5288	0
5289	0
5290	0
5291	3
5292	1
5293	1
5294	0
5295	0
5296	1
5297	1
5298	0
5299	0
5300	0
5301	0
5302	0
5303	1
5304	0
5305	0
5306	0
5307	0
5308	0
5309	1
5310	1
5311	1
5312	0
5313	0
5314	0
5315	0
5316	0
5317	0
5318	1
5319	1
5320	1
5321	0
5322	0
5323	0
5324	1
5325	0
5326	1
5327	1
5328	1
5329	1
5330	0
5331	0
5332	0
5333	1
5334	0
5335	0
5336	0
5337	0
5338	1
5339	1
5340	0
5341	0
5342	0
5343	0
5344	0
5345	1
5346	0
5347	0
5348	0
5349	0
5350	0
5351	0
5352	0
5353	1
5354	0
5355	0
5356	0
5357	0
5358	0
5359	0
5360	1
5361	0
5362	0
5363	1
5364	0
5365	1
5366	0
5367	1
5368	0
5369	1
5370	0
5371	0
5372	0
5373	0
5374	0
5375	0
5376	1
5377	0
5378	0
5379	0
5380	0
5381	2
5382	1
5383	0
5384	0
5385	0
5386	0
5387	0
5388	0
5389	0
5390	1
5391	0
5392	0
5393	1
5394	0
5395	1
5396	0
5397	0
5398	0
5399	1
5400	0
5401	1
5402	0
5403	0
5404	0
5405	1
5406	0
5407	0
5408	0
5409	0
5410	1
5411	0
5412	0
5413	1
5414	1
5415	0
5416	1
5417	0
5418	1
5419	0
5420	0
5421	0
5422	0
5423	1
5424	0
5425	2
5426	0
5427	1
5428	1
5429	1
5430	0
5431	0
5432	0
5433	0
5434	2
5435	0
5436	0
5437	1
5438	1
5439	0
5440	1
5441	1
5442	2
5443	1
5444	0
5445	0
5446	1
5447	0
5448	1
5449	0
5450	1
5451	0
5452	1
5453	0
5454	0
5455	2
5456	0
5457	0
5458	0
5459	1
5460	0
5461	0
5462	0
5463	1
5464	0
5465	1
5466	1
5467	0
5468	0
5469	0
5470	0
5471	0
5472	0
5473	0
5474	0
5475	0
5476	0
5477	0
5478	0
5479	1
5480	0
5481	0
5482	0
5483	0
5484	0
5485	1
5486	0
5487	0
5488	2
5489	0
5490	1
5491	1
5492	1
5493	0
5494	0
5495	0
5496	0
5497	1
5498	1
5499	0
5500	0
5501	0
5502	1
5503	0
5504	0
5505	1
5506	0
5507	0
5508	0
5509	2
5510	0
5511	0
5512	0
5513	0
5514	0
5515	0
5516	1
5517	0
5518	0
5519	2
5520	0
5521	1
5522	0
5523	0
5524	0
5525	0
5526	0
5527	2
5528	0
5529	0
5530	1
5531	0
5532	0
5533	1
5534	0
5535	0
5536	1
5537	0
5538	0
5539	0
5540	0
5541	0
5542	1
5543	0
5544	0
5545	0
5546	1
5547	0
5548	0
5549	0
5550	1
5551	1
5552	0
5553	0
5554	1
5555	0
5556	0
5557	0
5558	1
5559	0
5560	2
5561	0
5562	0
5563	0
5564	2
5565	0
5566	1
5567	0
5568	0
5569	0
5570	0
5571	0
5572	0
5573	0
5574	0
5575	0
5576	0
5577	1
5578	0
5579	0
5580	0
5581	1
5582	0
5583	0
5584	0
5585	0
5586	0
5587	2
5588	1
5589	2
5590	0
5591	1
5592	1
5593	0
5594	0
5595	1
5596	0
5597	1
5598	0
5599	0
5600	0
5601	0
5602	0
5603	1
5604	1
5605	0
5606	1
5607	0
5608	1
5609	1
5610	1
5611	0
5612	0
5613	0
5614	0
5615	0
5616	0
5617	0
5618	0
5619	1
5620	2
5621	0
5622	0
5623	1
5624	0
5625	0
5626	0
5627	0
5628	0
5629	0
5630	0
5631	1
5632	0
5633	2
5634	1
5635	1
5636	0
5637	0
5638	0
5639	0
5640	0
5641	0
5642	0
5643	0
5644	0
5645	0
5646	0
5647	2
5648	0
5649	1
5650	0
5651	0
5652	0
5653	1
5654	0
5655	0
5656	0
5657	1
5658	0
5659	1
5660	1
5661	1
5662	0
5663	1
5664	1
5665	1
5666	1
5667	1
5668	0
5669	1
5670	0
5671	0
5672	1
5673	0
5674	0
5675	0
5676	0
5677	0
5678	0
5679	0
5680	0
5681	0
5682	1
5683	0
5684	0
5685	0
5686	2
5687	1
5688	1
5689	0
5690	0
5691	1
5692	0
5693	1
5694	1
5695	1
5696	0
5697	0
5698	0
5699	0
5700	1
5701	0
5702	0
5703	1
5704	0
5705	0
5706	0
5707	0
5708	0
5709	0
5710	0
5711	0
5712	0
5713	0
5714	1
5715	0
5716	0
5717	0
5718	1
5719	0
5720	0
5721	0
5722	0
5723	0
5724	0
5725	0
5726	1
5727	1
5728	0
5729	1
5730	1
5731	1
5732	0
5733	1
5734	1
5735	1
5736	0
5737	1
5738	0
5739	1
5740	1
5741	0
5742	0
5743	0
5744	0
5745	1
5746	2
5747	2
5748	2
5749	0
5750	1
5751	0
5752	3
5753	0
5754	1
5755	0
5756	0
5757	0
5758	0
5759	0
5760	0
5761	1
5762	0
5763	0
5764	1
5765	0
5766	0
5767	0
5768	0
5769	1
5770	0
5771	0
5772	0
5773	0
5774	0
5775	0
5776	0
5777	0
5778	0
5779	0
5780	1
5781	1
5782	0
5783	0
5784	0
5785	0
5786	0
5787	1
5788	2
5789	0
5790	0
5791	0
5792	1
5793	0
5794	0
5795	0
5796	0
5797	0
5798	0
5799	0
5800	0
5801	0
5802	0
5803	0
5804	1
5805	0
5806	1
5807	1
5808	0
5809	1
5810	1
5811	1
5812	1
5813	1
5814	1
5815	0
5816	0
5817	0
5818	0
5819	1
5820	0
5821	1
5822	1
5823	0
5824	0
5825	1
5826	2
5827	0
5828	1
5829	1
5830	0
5831	0
5832	0
5833	0
5834	0
5835	0
5836	0
5837	1
5838	0
5839	1
5840	0
5841	0
5842	0
5843	0
5844	0
5845	0
5846	1
5847	0
5848	0
5849	1
5850	0
5851	0
5852	0
5853	0
5854	0
5855	0
5856	0
5857	0
5858	0
5859	1
5860	1
5861	0
5862	0
5863	0
5864	1
5865	2
5866	0
5867	1
5868	0
5869	0
5870	0
5871	0
5872	2
5873	0
5874	0
5875	0
5876	0
5877	0
5878	0
5879	1
5880	0
5881	1
5882	1
5883	0
5884	0
5885	0
5886	0
5887	0
5888	0
5889	0
5890	0
5891	0
5892	1
5893	0
5894	3
5895	1
5896	0
5897	0
5898	0
5899	0
5900	0
5901	0
5902	0
5903	0
5904	1
5905	0
5906	2
5907	0
5908	0
5909	1
5910	0
5911	0
5912	0
5913	0
5914	1
5915	2
5916	0
5917	0
5918	0
5919	0
5920	0
5921	0
5922	0
5923	0
5924	1
5925	0
5926	1
5927	1
5928	0
5929	0
5930	0
5931	0
5932	0
5933	1
5934	0
5935	0
5936	0
5937	0
5938	0
5939	0
5940	0
5941	0
5942	2
5943	0
5944	1
5945	0
5946	0
5947	0
5948	1
5949	1
5950	1
5951	0
5952	0
5953	0
5954	0
5955	0
5956	0
5957	0
5958	0
5959	1
5960	0
5961	0
5962	1
5963	0
5964	0
5965	0
5966	0
5967	0
5968	0
5969	0
5970	0
5971	0
5972	1
5973	1
5974	0
5975	0
5976	1
5977	0
5978	0
5979	0
5980	0
5981	0
5982	0
5983	0
5984	0
5985	2
5986	0
5987	0
5988	1
5989	1
5990	0
5991	0
5992	0
5993	0
5994	0
5995	0
5996	0
5997	0
5998	0
5999	0
6000	0
6001	0
6002	1
6003	0
6004	1
6005	2
6006	0
6007	0
6008	0
6009	1
6010	1
6011	0
6012	0
6013	0
6014	0
6015	0
6016	1
6017	0
6018	1
6019	2
6020	0
6021	0
6022	0
6023	1
6024	0
6025	0
6026	1
6027	0
6028	0
6029	0
6030	0
6031	0
6032	0
6033	1
6034	0
6035	0
6036	0
6037	1
6038	1
6039	0
6040	0
6041	0
6042	1
6043	0
6044	0
6045	1
6046	0
6047	0
6048	0
6049	0
6050	0
6051	0
6052	0
6053	0
6054	0
6055	0
6056	2
6057	0
6058	0
6059	0
6060	0
6061	0
6062	2
6063	0
6064	0
6065	0
6066	0
6067	0
6068	0
6069	0
6070	1
6071	1
6072	0
6073	1
6074	0
6075	0
6076	0
6077	0
6078	0
6079	0
6080	0
6081	0
6082	0
6083	1
6084	1
6085	0
6086	1
6087	0
6088	0
6089	0
6090	1
6091	0
6092	1
6093	0
6094	0
6095	4
6096	1
6097	0
6098	0
6099	1
6100	0
6101	0
6102	0
6103	0
6104	1
6105	1
6106	0
6107	0
6108	0
6109	0
6110	0
6111	0
6112	1
6113	0
6114	1
6115	0
6116	2
6117	0
6118	1
6119	0
6120	0
6121	0
6122	1
6123	0
6124	0
6125	1
6126	1
6127	0
6128	0
6129	0
6130	0
6131	2
6132	0
6133	0
6134	1
6135	0
6136	0
6137	1
6138	0
6139	0
6140	0
6141	0
6142	2
6143	0
6144	0
6145	0
6146	0
6147	0
6148	0
6149	0
6150	0
6151	0
6152	1
6153	0
6154	0
6155	0
6156	1
6157	0
6158	3
6159	1
6160	1
6161	0
6162	0
6163	0
6164	0
6165	0
6166	1
6167	0
6168	1
6169	1
6170	0
6171	0
6172	0
6173	0
6174	1
6175	1
6176	1
6177	0
6178	0
6179	0
6180	0
6181	0
6182	0
6183	1
6184	1
6185	0
6186	0
6187	0
6188	0
6189	0
6190	1
6191	1
6192	0
6193	0
6194	0
6195	1
6196	0
6197	0
6198	1
6199	0
6200	1
6201	0
6202	0
6203	0
6204	0
6205	1
6206	1
6207	0
6208	0
6209	1
6210	0
6211	0
6212	0
6213	1
6214	2
6215	1
6216	2
6217	0
6218	1
6219	0
6220	0
6221	0
6222	1
6223	0
6224	0
6225	0
6226	0
6227	0
6228	0
6229	0
6230	1
6231	0
6232	0
6233	0
6234	1
6235	2
6236	0
6237	0
6238	1
6239	1
6240	1
6241	1
6242	2
6243	0
6244	0
6245	0
6246	0
6247	0
6248	1
6249	0
6250	0
6251	0
6252	0
6253	0
6254	0
6255	0
6256	0
6257	1
6258	0
6259	0
6260	0
6261	0
6262	0
6263	0
6264	0
6265	1
6266	0
6267	0
6268	1
6269	0
6270	0
6271	0
6272	1
6273	0
6274	0
6275	0
6276	1
6277	0
6278	0
6279	0
6280	0
6281	0
6282	0
6283	0
6284	0
6285	0
6286	0
6287	0
6288	0
6289	0
6290	0
6291	0
6292	1
6293	0
6294	0
6295	0
6296	1
6297	0
6298	0
6299	0
6300	0
6301	1
6302	0
6303	1
6304	0
6305	1
6306	1
6307	0
6308	1
6309	1
6310	0
6311	0
6312	0
6313	0
6314	0
6315	0
6316	0
6317	1
6318	1
6319	0
6320	0
6321	0
6322	0
6323	0
6324	0
6325	1
6326	1
6327	0
6328	0
6329	0
6330	0
6331	0
6332	1
6333	0
6334	0
6335	0
6336	0
6337	2
6338	0
6339	0
6340	1
6341	0
6342	1
6343	1
6344	0
6345	0
6346	0
6347	0
6348	0
6349	1
6350	0
6351	0
6352	0
6353	1
6354	0
6355	0
6356	1
6357	1
6358	0
6359	1
6360	1
6361	0
6362	0
6363	1
6364	0
6365	0
6366	0
6367	0
6368	0
6369	0
6370	0
6371	2
6372	0
6373	0
6374	0
6375	1
6376	0
6377	0
6378	0
6379	0
6380	2
6381	0
6382	1
6383	0
6384	0
6385	0
6386	1
6387	0
6388	0
6389	1
6390	1
6391	1
6392	0
6393	1
6394	0
6395	1
6396	0
6397	0
6398	0
6399	3
6400	1
6401	0
6402	0
6403	0
6404	0
6405	0
6406	0
6407	0
6408	1
6409	0
6410	0
6411	0
6412	0
6413	1
6414	1
6415	1
6416	1
6417	0
6418	0
6419	0
6420	0
6421	0
6422	1
6423	0
6424	1
6425	1
6426	0
6427	0
6428	0
6429	0
6430	0
6431	0
6432	0
6433	0
6434	0
6435	1
6436	0
6437	0
6438	0
6439	0
6440	0
6441	0
6442	1
6443	0
6444	0
6445	1
6446	3
6447	0
6448	0
6449	0
6450	0
6451	1
6452	0
6453	0
6454	1
6455	0
6456	0
6457	0
6458	0
6459	2
6460	0
6461	1
6462	0
6463	1
6464	0
6465	0
6466	0
6467	0
6468	0
6469	2
6470	0
6471	1
6472	1
6473	0
6474	0
6475	0
6476	0
6477	0
6478	2
6479	0
6480	1
6481	0
6482	1
6483	0
6484	1
6485	1
6486	0
6487	1
6488	0
6489	0
6490	0
6491	1
6492	0
6493	1
6494	1
6495	0
6496	0
6497	0
6498	2
6499	0
6500	2
6501	1
6502	0
6503	2
6504	0
6505	0
6506	1
6507	0
6508	0
6509	0
6510	1
6511	0
6512	0
6513	1
6514	1
6515	1
6516	0
6517	0
6518	1
6519	1
6520	0
6521	0
6522	0
6523	2
6524	0
6525	1
6526	0
6527	0
6528	0
6529	0
6530	2
6531	0
6532	0
6533	0
6534	1
6535	0
6536	0
6537	0
6538	0
6539	1
6540	0
6541	1
6542	0
6543	0
6544	0
6545	1
6546	0
6547	0
6548	1
6549	0
6550	0
6551	0
6552	1
6553	0
6554	0
6555	0
6556	1
6557	0
6558	0
6559	1
6560	0
6561	2
6562	0
6563	0
6564	0
6565	0
6566	0
6567	0
6568	0
6569	1
6570	0
6571	0
6572	0
6573	0
6574	0
6575	0
6576	0
6577	0
6578	0
6579	0
6580	0
6581	0
6582	0
6583	0
6584	1
6585	0
6586	0
6587	0
6588	1
6589	0
6590	0
6591	1
6592	0
6593	0
6594	1
6595	0
6596	1
6597	0
6598	0
6599	1
6600	0
6601	0
6602	0
6603	0
6604	0
6605	0
6606	0
6607	0
6608	0
6609	1
6610	0
6611	0
6612	0
6613	0
6614	1
6615	0
6616	0
6617	0
6618	1
6619	0
6620	0
6621	0
6622	0
6623	0
6624	0
6625	1
6626	0
6627	0
6628	0
6629	0
6630	0
6631	2
6632	1
6633	2
6634	0
6635	0
6636	0
6637	0
6638	1
6639	0
6640	0
6641	1
6642	0
6643	0
6644	0
6645	0
6646	0
6647	0
6648	0
6649	0
6650	0
6651	0
6652	0
6653	0
6654	1
6655	0
6656	0
6657	0
6658	0
6659	0
6660	0
6661	0
6662	1
6663	0
6664	1
6665	1
6666	0
6667	0
6668	0
6669	0
6670	0
6671	0
6672	0
6673	0
6674	1
6675	0
6676	1
6677	0
6678	0
6679	0
6680	1
6681	0
6682	1
6683	0
6684	0
6685	0
6686	0
6687	0
6688	1
6689	0
6690	0
6691	0
6692	2
6693	0
6694	0
6695	0
6696	0
6697	0
6698	1
6699	1
6700	0
6701	0
6702	1
6703	0
6704	0
6705	0
6706	1
6707	0
6708	0
6709	0
6710	0
6711	0
6712	0
6713	0
6714	0
6715	0
6716	1
6717	0
6718	0
6719	0
6720	0
6721	0
6722	0
6723	0
6724	0
6725	0
6726	0
6727	0
6728	0
6729	0
6730	0
6731	0
6732	0
6733	0
6734	1
6735	0
6736	0
6737	1
6738	0
6739	0
6740	1
6741	0
6742	0
6743	0
6744	0
6745	1
6746	1
6747	0
6748	0
6749	0
6750	0
6751	0
6752	0
6753	2
6754	0
6755	0
6756	2
6757	0
6758	1
6759	0
6760	0
6761	0
6762	0
6763	1
6764	0
6765	1
6766	2
6767	0
6768	1
6769	0
6770	0
6771	2
6772	0
6773	1
6774	0
6775	1
6776	0
6777	0
6778	0
6779	0
6780	0
6781	0
6782	0
6783	0
6784	0
6785	1
6786	0
6787	0
6788	0
6789	1
6790	0
6791	0
6792	1
6793	0
6794	1
6795	0
6796	0
6797	0
6798	0
6799	0
6800	2
6801	1
6802	0
6803	0
6804	1
6805	1
6806	0
6807	0
6808	0
6809	1
6810	1
6811	0
6812	0
6813	0
6814	0
6815	0
6816	1
6817	0
6818	0
6819	0
6820	0
6821	0
6822	0
6823	0
6824	0
6825	1
6826	1
6827	1
6828	0
6829	0
6830	0
6831	0
6832	2
6833	0
6834	1
6835	0
6836	0
6837	1
6838	0
6839	0
6840	0
6841	2
6842	0
6843	0
6844	1
6845	1
6846	0
6847	1
6848	0
6849	0
6850	0
6851	0
6852	0
6853	0
6854	0
6855	1
6856	0
6857	0
6858	0
6859	0
6860	1
6861	0
6862	1
6863	0
6864	1
6865	0
6866	0
6867	0
6868	0
6869	0
6870	0
6871	0
6872	1
6873	2
6874	1
6875	0
6876	0
6877	0
6878	0
6879	0
6880	0
6881	2
6882	0
6883	0
6884	0
6885	0
6886	0
6887	1
6888	0
6889	0
6890	3
6891	0
6892	0
6893	0
6894	0
6895	0
6896	0
6897	2
6898	0
6899	0
6900	0
6901	0
6902	0
6903	0
6904	0
6905	0
6906	2
6907	0
6908	1
6909	0
6910	0
6911	1
6912	1
6913	0
6914	0
6915	0
6916	0
6917	0
6918	1
6919	1
6920	1
6921	1
6922	0
6923	1
6924	0
6925	0
6926	0
6927	0
6928	0
6929	1
6930	1
6931	1
6932	1
6933	0
6934	0
6935	0
6936	1
6937	0
6938	0
6939	0
6940	1
6941	0
6942	0
6943	0
6944	2
6945	1
6946	0
6947	1
6948	1
6949	1
6950	1
6951	0
6952	0
6953	0
6954	0
6955	0
6956	0
6957	1
6958	0
6959	1
6960	0
6961	0
6962	1
6963	0
6964	0
6965	2
6966	1
6967	0
6968	0
6969	1
6970	0
6971	0
6972	0
6973	0
6974	0
6975	0
6976	2
6977	0
6978	0
6979	0
6980	0
6981	0
6982	1
6983	0
6984	0
6985	1
6986	0
6987	0
6988	1
6989	0
6990	1
6991	0
6992	0
6993	0
6994	2
6995	0
6996	1
6997	0
6998	0
6999	1
7000	0
7001	0
7002	0
7003	0
7004	0
7005	0
7006	0
7007	1
7008	0
7009	1
7010	0
7011	0
7012	0
7013	0
7014	1
7015	0
7016	2
7017	0
7018	0
7019	0
7020	0
7021	0
7022	0
7023	0
7024	0
7025	0
7026	0
7027	0
7028	0
7029	0
7030	0
7031	0
7032	2
7033	0
7034	0
7035	0
7036	0
7037	1
7038	0
7039	0
7040	0
7041	0
7042	0
7043	1
7044	0
7045	0
7046	0
7047	0
7048	0
7049	0
7050	0
7051	0
7052	0
7053	0
7054	1
7055	1
7056	0
7057	0
7058	1
7059	0
7060	1
7061	1
7062	1
7063	0
7064	0
7065	0
7066	0
7067	0
7068	1
7069	1
7070	0
7071	0
7072	0
7073	0
7074	0
7075	0
7076	1
7077	0
7078	2
7079	0
7080	0
7081	0
7082	1
7083	0
7084	0
7085	0
7086	0
7087	0
7088	0
7089	0
7090	0
7091	0
7092	0
7093	0
7094	0
7095	0
7096	0
7097	0
7098	0
7099	0
7100	0
7101	0
7102	0
7103	0
7104	0
7105	0
7106	0
7107	0
7108	0
7109	1
7110	0
7111	0
7112	1
7113	0
7114	0
7115	2
7116	0
7117	0
7118	0
7119	0
7120	0
7121	0
7122	0
7123	1
7124	1
7125	0
7126	0
7127	1
7128	0
7129	0
7130	1
7131	0
7132	0
7133	0
7134	0
7135	0
7136	2
7137	1
7138	0
7139	0
7140	0
7141	1
7142	1
7143	0
7144	0
7145	0
7146	0
7147	0
7148	0
7149	0
7150	0
7151	1
7152	0
7153	1
7154	0
7155	0
7156	1
7157	0
7158	0
7159	0
7160	0
7161	0
7162	0
7163	1
7164	1
7165	0
7166	0
7167	0
7168	0
7169	0
7170	0
7171	0
7172	0
7173	0
7174	0
7175	0
7176	0
7177	1
7178	0
7179	0
7180	0
7181	1
7182	0
7183	0
7184	0
7185	2
7186	0
7187	0
7188	0
7189	1
7190	0
7191	0
7192	1
7193	1
7194	0
7195	0
7196	0
7197	1
7198	0
7199	1
7200	0
7201	0
7202	1
7203	0
7204	0
7205	0
7206	0
7207	0
7208	0
7209	2
7210	0
7211	0
7212	0
7213	0
7214	2
7215	0
7216	0
7217	0
7218	1
7219	0
7220	2
7221	0
7222	0
7223	0
7224	1
7225	0
7226	0
7227	0
7228	2
7229	2
7230	0
7231	1
7232	0
7233	0
7234	0
7235	0
7236	0
7237	0
7238	0
7239	1
7240	1
7241	0
7242	1
7243	1
7244	1
7245	0
7246	0
7247	0
7248	0
7249	0
7250	0
7251	0
7252	0
7253	0
7254	1
7255	0
7256	1
7257	0
7258	0
7259	1
7260	0
7261	0
7262	0
7263	0
7264	1
7265	1
7266	0
7267	1
7268	0
7269	0
7270	1
7271	0
7272	0
7273	0
7274	2
7275	0
7276	0
7277	1
7278	0
7279	0
7280	0
7281	1
7282	1
7283	1
7284	0
7285	0
7286	1
7287	0
7288	0
7289	0
7290	0
7291	0
7292	0
7293	0
7294	0
7295	0
7296	1
7297	1
7298	1
7299	0
7300	0
7301	0
7302	1
7303	2
7304	0
7305	0
7306	0
7307	0
7308	0
7309	1
7310	1
7311	0
7312	1
7313	0
7314	1
7315	0
7316	1
7317	0
7318	0
7319	1
7320	0
7321	0
7322	0
7323	0
7324	0
7325	0
7326	0
7327	0
7328	0
7329	1
7330	0
7331	0
7332	0
7333	0
7334	0
7335	0
7336	0
7337	2
7338	0
7339	1
7340	0
7341	0
7342	0
7343	1
7344	0
7345	0
7346	0
7347	0
7348	0
7349	1
7350	1
7351	0
7352	0
7353	0
7354	0
7355	0
7356	0
7357	0
7358	0
7359	0
7360	0
7361	1
7362	1
7363	0
7364	0
7365	0
7366	1
7367	0
7368	0
7369	0
7370	0
7371	1
7372	0
7373	1
7374	0
7375	0
7376	1
7377	0
7378	1
7379	0
7380	0
7381	0
7382	0
7383	0
7384	0
7385	1
7386	0
7387	0
7388	0
7389	1
7390	0
7391	1
7392	0
7393	0
7394	0
7395	0
7396	0
7397	1
7398	0
7399	0
7400	0
7401	0
7402	0
7403	0
7404	0
7405	0
7406	0
7407	0
7408	0
7409	1
7410	1
7411	0
7412	0
7413	0
7414	0
7415	0
7416	1
7417	0
7418	0
7419	1
7420	2
7421	0
7422	0
7423	0
7424	0
7425	1
7426	0
7427	0
7428	0
7429	0
7430	0
7431	1
7432	0
7433	1
7434	0
7435	1
7436	1
7437	0
7438	0
7439	0
7440	0
7441	1
7442	1
7443	0
7444	0
7445	0
7446	0
7447	0
7448	0
7449	1
7450	1
7451	0
7452	1
7453	0
7454	0
7455	0
7456	0
7457	0
7458	1
7459	1
7460	0
7461	0
7462	0
7463	0
7464	1
7465	0
7466	0
7467	0
7468	0
7469	0
7470	0
7471	0
7472	0
7473	0
7474	1
7475	1
7476	0
7477	0
7478	0
7479	0
7480	0
7481	1
7482	1
7483	0
7484	0
7485	0
7486	0
7487	1
7488	0
7489	0
7490	0
7491	0
7492	0
7493	0
7494	0
7495	1
7496	0
7497	1
7498	3
7499	1
7500	0
7501	0
7502	0
7503	0
7504	1
7505	1
7506	0
7507	0
7508	1
7509	0
7510	0
7511	1
7512	1
7513	0
7514	0
7515	0
7516	1
7517	0
7518	1
7519	0
7520	0
7521	1
7522	0
7523	0
7524	1
7525	0
7526	0
7527	0
7528	0
7529	2
7530	0
7531	0
7532	0
7533	1
7534	0
7535	1
7536	0
7537	1
7538	0
7539	0
7540	2
7541	1
7542	0
7543	1
7544	0
7545	0
7546	0
7547	1
7548	0
7549	0
7550	0
7551	0
7552	1
7553	0
7554	0
7555	1
7556	1
7557	0
7558	0
7559	0
7560	0
7561	0
7562	0
7563	0
7564	0
7565	0
7566	0
7567	0
7568	0
7569	0
7570	0
7571	0
7572	1
7573	0
7574	0
7575	0
7576	0
7577	0
7578	0
7579	0
7580	0
7581	1
7582	2
7583	0
7584	1
7585	0
7586	0
7587	0
7588	0
7589	0
7590	0
7591	0
7592	0
7593	0
7594	1
7595	0
7596	0
7597	0
7598	0
7599	1
7600	0
7601	0
7602	0
7603	1
7604	0
7605	0
7606	1
7607	0
7608	0
7609	1
7610	0
7611	1
7612	0
7613	0
7614	0
7615	0
7616	0
7617	0
7618	0
7619	1
7620	0
7621	0
7622	1
7623	1
7624	0
7625	2
7626	0
7627	0
7628	2
7629	0
7630	1
7631	0
7632	0
7633	0
7634	2
7635	1
7636	0
7637	0
7638	0
7639	0
7640	0
7641	0
7642	0
7643	0
7644	1
7645	1
7646	1
7647	1
7648	1
7649	1
7650	0
7651	0
7652	0
7653	0
7654	0
7655	1
7656	0
7657	0
7658	0
7659	1
7660	1
7661	0
7662	0
7663	0
7664	0
7665	0
7666	0
7667	0
7668	0
7669	0
7670	1
7671	0
7672	0
7673	0
7674	0
7675	0
7676	0
7677	1
7678	0
7679	0
7680	1
7681	1
7682	1
7683	0
7684	1
7685	1
7686	0
7687	0
7688	2
7689	0
7690	0
7691	0
7692	1
7693	0
7694	0
7695	0
7696	0
7697	0
7698	0
7699	0
7700	0
7701	1
7702	0
7703	1
7704	0
7705	0
7706	1
7707	1
7708	0
7709	0
7710	0
7711	0
7712	0
7713	0
7714	0
7715	2
7716	0
7717	0
7718	1
7719	0
7720	0
7721	0
7722	0
7723	0
7724	0
7725	1
7726	1
7727	0
7728	0
7729	1
7730	0
7731	1
7732	0
7733	0
7734	0
7735	0
7736	0
7737	0
7738	0
7739	2
7740	0
7741	0
7742	0
7743	0
7744	0
7745	0
7746	0
7747	0
7748	0
7749	1
7750	0
7751	0
7752	0
7753	1
7754	0
7755	0
7756	0
7757	0
7758	0
7759	0
7760	0
7761	0
7762	1
7763	2
7764	0
7765	1
7766	1
7767	0
7768	1
7769	0
7770	0
7771	0
7772	1
7773	1
7774	0
7775	0
7776	0
7777	0
7778	0
7779	1
7780	0
7781	0
7782	0
7783	0
7784	1
7785	0
7786	0
7787	0
7788	0
7789	0
7790	1
7791	1
7792	0
7793	0
7794	0
7795	0
7796	0
7797	0
7798	1
7799	2
7800	0
7801	0
7802	1
7803	0
7804	0
7805	1
7806	0
7807	0
7808	0
7809	0
7810	1
7811	2
7812	0
7813	0
7814	0
7815	1
7816	0
7817	0
7818	0
7819	0
7820	1
7821	0
7822	0
7823	0
7824	0
7825	0
7826	0
7827	1
7828	0
7829	0
7830	0
7831	0
7832	0
7833	0
7834	0
7835	0
7836	0
7837	0
7838	0
7839	0
7840	0
7841	0
7842	0
7843	0
7844	1
7845	0
7846	0
7847	0
7848	1
7849	0
7850	0
7851	0
7852	0
7853	1
7854	0
7855	1
7856	0
7857	0
7858	0
7859	1
7860	1
7861	0
7862	1
7863	0
7864	2
7865	0
7866	0
7867	0
7868	0
7869	2
7870	1
7871	2
7872	1
7873	0
7874	0
7875	0
7876	0
7877	0
7878	0
7879	0
7880	0
7881	0
7882	0
7883	0
7884	0
7885	2
7886	1
7887	0
7888	0
7889	0
7890	0
7891	0
7892	0
7893	1
7894	0
7895	0
7896	0
7897	0
7898	0
7899	0
7900	0
7901	0
7902	0
7903	0
7904	0
7905	0
7906	1
7907	0
7908	0
7909	0
7910	0
7911	0
7912	0
7913	0
7914	0
7915	0
7916	0
7917	0
7918	0
7919	0
7920	0
7921	0
7922	0
7923	1
7924	1
7925	0
7926	0
7927	2
7928	0
7929	0
7930	0
7931	1
7932	0
7933	0
7934	1
7935	0
7936	0
7937	0
7938	0
7939	0
7940	0
7941	0
7942	0
7943	0
7944	1
7945	0
7946	0
7947	0
7948	0
7949	1
7950	0
7951	0
7952	0
7953	0
7954	0
7955	0
7956	0
7957	0
7958	0
7959	0
7960	0
7961	0
7962	0
7963	1
7964	0
7965	0
7966	1
7967	0
7968	0
7969	0
7970	1
7971	0
7972	0
7973	0
7974	0
7975	1
7976	0
7977	0
7978	1
7979	0
7980	0
7981	0
7982	0
7983	0
7984	0
7985	0
7986	0
7987	0
7988	0
7989	0
7990	0
7991	0
7992	0
7993	0
7994	0
7995	0
7996	2
7997	0
7998	0
7999	0
8000	0
8001	1
8002	0
8003	1
8004	2
8005	0
8006	0
8007	0
8008	1
8009	0
8010	1
8011	0
8012	0
8013	0
8014	0
8015	0
8016	0
8017	0
8018	0
8019	0
8020	0
8021	0
8022	0
8023	1
8024	0
8025	1
8026	0
8027	0
8028	0
8029	0
8030	1
8031	0
8032	0
8033	0
8034	0
8035	0
8036	0
8037	0
8038	0
8039	0
8040	0
8041	1
8042	0
8043	0
8044	0
8045	0
8046	0
8047	1
8048	0
8049	0
8050	0
8051	0
8052	0
8053	0
8054	0
8055	0
8056	1
8057	1
8058	0
8059	0
8060	1
8061	0
8062	0
8063	0
8064	0
8065	0
8066	0
8067	0
8068	0
8069	0
8070	0
8071	0
8072	0
8073	0
8074	0
8075	0
8076	0
8077	0
8078	0
8079	0
8080	0
8081	0
8082	0
8083	0
8084	0
8085	0
8086	0
8087	0
8088	0
8089	0
8090	0
8091	0
8092	0
8093	0
8094	0
8095	0
8096	0
8097	0
8098	0
8099	0
8100	0
8101	0
8102	0
8103	0
8104	0
8105	0
8106	0
8107	0
8108	0
8109	0
8110	0
8111	0
8112	0
8113	0
8114	0
8115	0
8116	0
8117	0
8118	0
8119	0
8120	0
8121	0
8122	0
8123	0
8124	0
8125	0
8126	0
8127	0
8128	0
8129	0
8130	0
8131	0
8132	0
8133	0
8134	0
8135	0
8136	0
8137	0
8138	0
8139	0
8140	0
8141	0
8142	0
8143	0
8144	0
8145	0
8146	0
8147	0
8148	0
8149	0
8150	0
8151	0
8152	0
8153	0
8154	0
8155	0
8156	0
8157	0
8158	0
8159	0
8160	0
8161	0
8162	0
8163	0
8164	0
8165	0
8166	0
8167	0
8168	0
8169	0
8170	0
8171	0
8172	0
8173	0
8174	0
8175	0
8176	0
8177	0
8178	0
8179	0
8180	0
8181	0
8182	0
8183	0
8184	0
8185	0
8186	0
8187	0
8188	0
8189	0
8190	0
8191	0
