-2	86400
-1	88264.92
0	0
1	0
2	0
3	0
4	0
5	0
6	0
7	0
8	0
9	0
10	0
11	0
12	0
13	0
14	0
15	0
16	0
17	0
18	0
19	0
20	0
21	0
22	0
23	0
24	0
25	0
26	0
27	0
28	0
29	0
30	0
31	0
32	0
33	0
34	0
35	0
36	0
37	0
38	0
39	0
40	0
41	0
42	0
43	0
44	0
45	0
46	3
47	2
48	2
49	29
50	138
51	149
52	169
53	180
54	204
55	269
56	208
57	268
58	283
59	254
60	254
61	219
62	250
63	244
64	220
65	237
66	258
67	236
68	222
69	247
70	271
71	260
72	264
73	297
74	292
75	249
76	233
77	255
78	237
79	243
80	258
81	290
82	280
83	245
84	240
85	224
86	251
87	234
88	264
89	231
90	261
91	242
92	277
93	221
94	258
95	256
96	230
97	289
98	265
99	286
100	264
101	285
102	254
103	256
104	254
105	273
106	298
107	287
108	286
109	289
110	272
111	285
112	307
113	303
114	274
115	320
116	330
117	329
118	331
119	324
120	316
121	324
122	355
123	349
124	341
125	390
126	340
127	361
128	354
129	369
130	341
131	365
132	386
133	381
134	393
135	381
136	384
137	393
138	403
139	443
140	405
141	382
142	420
143	440
144	391
145	379
146	376
147	410
148	435
149	435
150	428
151	427
152	437
153	429
154	450
155	439
156	448
157	433
158	424
159	469
160	412
161	489
162	449
163	432
164	464
165	463
166	421
167	468
168	463
169	460
170	446
171	450
172	425
173	485
174	428
175	469
176	503
177	462
178	455
179	477
180	443
181	470
182	436
183	435
184	445
185	439
186	483
187	473
188	464
189	468
190	475
191	490
192	435
193	458
194	455
195	461
196	458
197	411
198	486
199	443
200	498
201	475
202	444
203	422
204	438
205	450
206	451
207	461
208	483
209	432
210	415
211	493
212	440
213	448
214	464
215	428
216	459
217	432
218	461
219	472
220	496
221	497
222	468
223	476
224	434
225	462
226	450
227	417
228	437
229	428
230	405
231	428
232	423
233	416
234	441
235	408
236	461
237	421
238	454
239	436
240	424
241	416
242	407
243	442
244	440
245	424
246	421
247	386
248	391
249	398
250	388
251	429
252	407
253	403
254	408
255	377
256	429
257	403
258	389
259	416
260	395
261	397
262	402
263	356
264	387
265	429
266	380
267	397
268	382
269	422
270	368
271	391
272	393
273	396
274	403
275	374
276	361
277	368
278	390
279	365
280	370
281	371
282	324
283	339
284	350
285	346
286	345
287	375
288	342
289	364
290	346
291	366
292	345
293	335
294	341
295	344
296	317
297	352
298	370
299	327
300	313
301	307
302	320
303	326
304	331
305	317
306	358
307	312
308	299
309	330
310	305
311	313
312	317
313	321
314	322
315	319
316	297
317	333
318	350
319	281
320	305
321	302
322	276
323	301
324	322
325	308
326	298
327	286
328	308
329	301
330	293
331	275
332	291
333	296
334	286
335	311
336	277
337	252
338	287
339	263
340	281
341	288
342	321
343	296
344	270
345	274
346	259
347	277
348	265
349	292
350	268
351	283
352	267
353	292
354	275
355	291
356	278
357	282
358	308
359	259
360	276
361	263
362	274
363	297
364	279
365	237
366	275
367	263
368	238
369	266
370	261
371	276
372	277
373	254
374	261
375	275
376	245
377	255
378	241
379	248
380	254
381	259
382	242
383	250
384	218
385	221
386	274
387	233
388	247
389	272
390	266
391	223
392	226
393	210
394	243
395	280
396	229
397	220
398	218
399	198
400	223
401	240
402	227
403	193
404	204
405	229
406	231
407	216
408	232
409	191
410	246
411	191
412	220
413	220
414	233
415	188
416	224
417	197
418	189
419	220
420	206
421	199
422	209
423	228
424	198
425	223
426	201
427	225
428	184
429	211
430	201
431	192
432	188
433	204
434	216
435	191
436	213
437	189
438	216
439	205
440	216
441	180
442	208
443	177
444	222
445	203
446	190
447	188
448	204
449	204
450	210
451	196
452	216
453	201
454	173
455	211
456	189
457	232
458	192
459	206
460	176
461	192
462	184
463	184
464	188
465	194
466	193
467	165
468	185
469	189
470	191
471	173
472	211
473	193
474	174
475	207
476	212
477	199
478	182
479	191
480	166
481	195
482	183
483	173
484	197
485	195
486	185
487	163
488	182
489	180
490	193
491	180
492	146
493	138
494	163
495	178
496	182
497	178
498	156
499	157
500	191
501	182
502	168
503	173
504	192
505	188
506	174
507	175
508	170
509	162
510	174
511	174
512	175
513	177
514	190
515	163
516	167
517	171
518	165
519	153
520	142
521	156
522	148
523	177
524	122
525	164
526	184
527	173
528	148
529	157
530	151
531	143
532	154
533	194
534	171
535	172
536	155
537	147
538	154
539	154
540	169
541	147
542	154
543	167
544	159
545	174
546	165
547	164
548	141
549	165
550	145
551	147
552	150
553	158
554	142
555	150
556	151
557	136
558	133
559	164
560	172
561	158
562	182
563	263
564	305
565	344
566	340
567	254
568	220
569	185
570	158
571	156
572	145
573	151
574	142
575	141
576	126
577	130
578	115
579	135
580	137
581	122
582	136
583	152
584	125
585	128
586	141
587	140
588	132
589	129
590	133
591	158
592	115
593	139
594	131
595	154
596	134
597	158
598	118
599	141
600	128
601	142
602	121
603	152
604	163
605	137
606	137
607	116
608	156
609	111
610	155
611	147
612	150
613	141
614	125
615	139
616	135
617	136
618	138
619	147
620	138
621	135
622	131
623	119
624	134
625	139
626	126
627	136
628	128
629	112
630	114
631	109
632	137
633	124
634	125
635	128
636	112
637	143
638	131
639	112
640	147
641	113
642	145
643	153
644	137
645	146
646	184
647	162
648	134
649	134
650	117
651	117
652	127
653	121
654	113
655	137
656	130
657	140
658	132
659	107
660	135
661	141
662	141
663	132
664	134
665	127
666	136
667	110
668	133
669	122
670	134
671	132
672	151
673	175
674	214
675	200
676	157
677	139
678	118
679	111
680	110
681	132
682	108
683	127
684	128
685	125
686	105
687	113
688	103
689	117
690	117
691	139
692	100
693	113
694	113
695	113
696	101
697	135
698	106
699	107
700	113
701	115
702	111
703	118
704	96
705	114
706	126
707	104
708	120
709	106
710	115
711	105
712	108
713	96
714	115
715	90
716	90
717	118
718	135
719	105
720	93
721	116
722	94
723	102
724	91
725	115
726	100
727	95
728	123
729	93
730	109
731	109
732	101
733	99
734	107
735	110
736	123
737	118
738	134
739	91
740	101
741	119
742	104
743	112
744	111
745	107
746	102
747	109
748	99
749	91
750	104
751	93
752	100
753	97
754	83
755	86
756	86
757	103
758	112
759	109
760	84
761	94
762	99
763	88
764	94
765	106
766	107
767	119
768	113
769	115
770	116
771	112
772	95
773	104
774	118
775	105
776	107
777	101
778	100
779	94
780	88
781	92
782	116
783	93
784	101
785	111
786	107
787	98
788	116
789	105
790	98
791	100
792	81
793	100
794	93
795	96
796	87
797	82
798	102
799	107
800	79
801	78
802	109
803	109
804	111
805	110
806	106
807	96
808	109
809	87
810	88
811	88
812	101
813	90
814	99
815	95
816	102
817	102
818	86
819	92
820	78
821	88
822	92
823	93
824	87
825	92
826	90
827	84
828	84
829	87
830	85
831	97
832	73
833	87
834	101
835	69
836	87
837	91
838	95
839	90
840	95
841	83
842	104
843	76
844	84
845	97
846	95
847	86
848	85
849	108
850	85
851	111
852	114
853	89
854	86
855	103
856	95
857	97
858	81
859	101
860	96
861	86
862	89
863	75
864	101
865	77
866	84
867	91
868	76
869	83
870	103
871	84
872	100
873	79
874	78
875	82
876	80
877	95
878	92
879	85
880	91
881	86
882	100
883	87
884	76
885	83
886	82
887	94
888	66
889	88
890	81
891	75
892	83
893	79
894	83
895	75
896	96
897	68
898	87
899	85
900	84
901	92
902	90
903	95
904	71
905	92
906	80
907	84
908	83
909	109
910	56
911	94
912	82
913	75
914	70
915	80
916	77
917	85
918	90
919	105
920	80
921	84
922	70
923	93
924	83
925	77
926	77
927	102
928	91
929	96
930	98
931	91
932	96
933	104
934	83
935	92
936	84
937	78
938	80
939	80
940	62
941	71
942	75
943	75
944	74
945	90
946	88
947	90
948	79
949	76
950	75
951	88
952	100
953	104
954	87
955	69
956	76
957	74
958	62
959	87
960	67
961	91
962	80
963	83
964	90
965	66
966	65
967	81
968	75
969	69
970	62
971	83
972	64
973	82
974	62
975	73
976	88
977	60
978	71
979	80
980	88
981	67
982	77
983	64
984	79
985	72
986	65
987	74
988	75
989	90
990	73
991	69
992	76
993	79
994	87
995	63
996	76
997	68
998	83
999	76
1000	80
1001	88
1002	66
1003	94
1004	83
1005	71
1006	89
1007	129
1008	174
1009	134
1010	94
1011	65
1012	74
1013	76
1014	61
1015	64
1016	58
1017	68
1018	68
1019	64
1020	66
1021	70
1022	72
1023	68
1024	80
1025	75
1026	67
1027	65
1028	72
1029	74
1030	82
1031	64
1032	75
1033	74
1034	78
1035	66
1036	52
1037	71
1038	62
1039	78
1040	52
1041	62
1042	60
1043	73
1044	66
1045	75
1046	72
1047	70
1048	61
1049	63
1050	61
1051	63
1052	59
1053	67
1054	51
1055	72
1056	57
1057	65
1058	72
1059	64
1060	78
1061	80
1062	87
1063	83
1064	83
1065	82
1066	81
1067	102
1068	91
1069	76
1070	104
1071	118
1072	101
1073	80
1074	92
1075	56
1076	67
1077	58
1078	51
1079	73
1080	53
1081	62
1082	70
1083	64
1084	68
1085	62
1086	55
1087	60
1088	63
1089	49
1090	63
1091	67
1092	61
1093	70
1094	69
1095	56
1096	67
1097	53
1098	57
1099	62
1100	57
1101	65
1102	64
1103	60
1104	65
1105	59
1106	82
1107	52
1108	45
1109	54
1110	65
1111	61
1112	59
1113	72
1114	56
1115	69
1116	59
1117	60
1118	64
1119	64
1120	69
1121	69
1122	51
1123	57
1124	55
1125	54
1126	64
1127	53
1128	56
1129	59
1130	48
1131	58
1132	49
1133	60
1134	61
1135	70
1136	50
1137	67
1138	70
1139	48
1140	64
1141	49
1142	48
1143	46
1144	60
1145	56
1146	59
1147	68
1148	64
1149	60
1150	50
1151	68
1152	71
1153	64
1154	51
1155	47
1156	52
1157	59
1158	56
1159	50
1160	58
1161	59
1162	56
1163	55
1164	56
1165	57
1166	56
1167	66
1168	51
1169	57
1170	66
1171	61
1172	47
1173	65
1174	58
1175	53
1176	58
1177	71
1178	55
1179	52
1180	65
1181	62
1182	51
1183	45
1184	57
1185	71
1186	55
1187	52
1188	71
1189	47
1190	55
1191	59
1192	62
1193	68
1194	59
1195	54
1196	53
1197	61
1198	61
1199	54
1200	69
1201	53
1202	54
1203	61
1204	50
1205	61
1206	70
1207	41
1208	69
1209	54
1210	56
1211	66
1212	55
1213	64
1214	63
1215	47
1216	55
1217	58
1218	62
1219	51
1220	53
1221	54
1222	53
1223	74
1224	62
1225	52
1226	55
1227	68
1228	58
1229	55
1230	57
1231	62
1232	59
1233	70
1234	76
1235	54
1236	75
1237	105
1238	127
1239	130
1240	100
1241	85
1242	52
1243	49
1244	71
1245	65
1246	58
1247	57
1248	52
1249	62
1250	54
1251	58
1252	48
1253	59
1254	56
1255	60
1256	50
1257	48
1258	60
1259	64
1260	45
1261	44
1262	54
1263	44
1264	53
1265	59
1266	47
1267	54
1268	48
1269	52
1270	52
1271	66
1272	41
1273	61
1274	60
1275	70
1276	54
1277	75
1278	64
1279	59
1280	63
1281	62
1282	57
1283	52
1284	63
1285	52
1286	61
1287	50
1288	50
1289	40
1290	52
1291	57
1292	51
1293	45
1294	54
1295	64
1296	54
1297	64
1298	51
1299	55
1300	40
1301	51
1302	61
1303	49
1304	63
1305	59
1306	48
1307	46
1308	59
1309	59
1310	54
1311	59
1312	53
1313	53
1314	58
1315	48
1316	58
1317	51
1318	50
1319	59
1320	50
1321	51
1322	52
1323	48
1324	43
1325	57
1326	55
1327	52
1328	48
1329	55
1330	68
1331	57
1332	49
1333	58
1334	61
1335	56
1336	59
1337	54
1338	60
1339	56
1340	59
1341	53
1342	51
1343	47
1344	47
1345	51
1346	55
1347	48
1348	52
1349	69
1350	53
1351	39
1352	59
1353	37
1354	64
1355	54
1356	54
1357	39
1358	67
1359	50
1360	52
1361	40
1362	63
1363	51
1364	45
1365	50
1366	52
1367	61
1368	76
1369	82
1370	61
1371	80
1372	53
1373	39
1374	44
1375	54
1376	54
1377	49
1378	51
1379	45
1380	49
1381	43
1382	60
1383	37
1384	49
1385	51
1386	54
1387	44
1388	45
1389	39
1390	45
1391	31
1392	45
1393	29
1394	48
1395	38
1396	43
1397	39
1398	40
1399	36
1400	37
1401	45
1402	38
1403	41
1404	44
1405	51
1406	32
1407	49
1408	44
1409	41
1410	38
1411	48
1412	40
1413	46
1414	38
1415	62
1416	38
1417	46
1418	46
1419	44
1420	53
1421	37
1422	40
1423	36
1424	29
1425	34
1426	36
1427	35
1428	25
1429	34
1430	43
1431	45
1432	36
1433	35
1434	47
1435	30
1436	38
1437	28
1438	34
1439	30
1440	45
1441	38
1442	42
1443	28
1444	34
1445	34
1446	39
1447	36
1448	30
1449	34
1450	39
1451	37
1452	25
1453	36
1454	32
1455	28
1456	30
1457	34
1458	29
1459	46
1460	29
1461	34
1462	44
1463	33
1464	47
1465	35
1466	39
1467	47
1468	44
1469	42
1470	29
1471	38
1472	31
1473	33
1474	39
1475	38
1476	33
1477	25
1478	24
1479	28
1480	34
1481	22
1482	31
1483	29
1484	39
1485	31
1486	27
1487	37
1488	40
1489	33
1490	36
1491	31
1492	30
1493	42
1494	33
1495	31
1496	31
1497	36
1498	28
1499	29
1500	24
1501	45
1502	29
1503	28
1504	31
1505	28
1506	31
1507	32
1508	25
1509	33
1510	40
1511	29
1512	32
1513	31
1514	38
1515	20
1516	27
1517	30
1518	33
1519	35
1520	35
1521	36
1522	53
1523	50
1524	45
1525	34
1526	40
1527	32
1528	36
1529	37
1530	37
1531	36
1532	33
1533	33
1534	29
1535	24
1536	31
1537	23
1538	21
1539	28
1540	33
1541	27
1542	21
1543	26
1544	26
1545	36
1546	30
1547	24
1548	32
1549	31
1550	27
1551	37
1552	28
1553	28
1554	33
1555	34
1556	39
1557	43
1558	38
1559	35
1560	27
1561	24
1562	38
1563	22
1564	15
1565	27
1566	18
1567	23
1568	26
1569	30
1570	29
1571	33
1572	31
1573	29
1574	26
1575	29
1576	28
1577	28
1578	33
1579	25
1580	31
1581	21
1582	22
1583	39
1584	23
1585	40
1586	27
1587	23
1588	27
1589	36
1590	38
1591	27
1592	25
1593	24
1594	27
1595	26
1596	26
1597	28
1598	26
1599	30
1600	24
1601	24
1602	30
1603	39
1604	34
1605	29
1606	23
1607	24
1608	35
1609	37
1610	42
1611	88
1612	215
1613	547
1614	783
1615	902
1616	802
1617	468
1618	180
1619	67
1620	17
1621	15
1622	17
1623	20
1624	14
1625	24
1626	16
1627	20
1628	16
1629	8
1630	19
1631	17
1632	20
1633	12
1634	18
1635	25
1636	20
1637	20
1638	16
1639	19
1640	20
1641	11
1642	19
1643	19
1644	17
1645	16
1646	18
1647	10
1648	25
1649	13
1650	14
1651	17
1652	22
1653	16
1654	26
1655	15
1656	19
1657	18
1658	25
1659	11
1660	12
1661	21
1662	19
1663	17
1664	12
1665	14
1666	19
1667	27
1668	34
1669	24
1670	19
1671	22
1672	16
1673	11
1674	21
1675	26
1676	19
1677	9
1678	15
1679	18
1680	9
1681	21
1682	16
1683	13
1684	15
1685	21
1686	18
1687	11
1688	17
1689	22
1690	10
1691	11
1692	14
1693	12
1694	15
1695	13
1696	15
1697	18
1698	17
1699	21
1700	17
1701	17
1702	21
1703	23
1704	12
1705	14
1706	13
1707	12
1708	17
1709	11
1710	19
1711	25
1712	11
1713	12
1714	19
1715	14
1716	16
1717	18
1718	15
1719	10
1720	18
1721	11
1722	10
1723	10
1724	16
1725	11
1726	18
1727	19
1728	13
1729	12
1730	16
1731	16
1732	14
1733	4
1734	15
1735	17
1736	20
1737	11
1738	10
1739	17
1740	10
1741	7
1742	15
1743	9
1744	14
1745	12
1746	18
1747	26
1748	16
1749	12
1750	16
1751	23
1752	19
1753	19
1754	30
1755	23
1756	49
1757	34
1758	24
1759	26
1760	15
1761	27
1762	13
1763	18
1764	15
1765	13
1766	16
1767	16
1768	15
1769	12
1770	12
1771	16
1772	13
1773	18
1774	16
1775	7
1776	15
1777	15
1778	16
1779	7
1780	17
1781	10
1782	19
1783	14
1784	14
1785	16
1786	13
1787	8
1788	7
1789	19
1790	12
1791	22
1792	21
1793	14
1794	17
1795	19
1796	24
1797	15
1798	14
1799	17
1800	15
1801	31
1802	19
1803	22
1804	23
1805	10
1806	10
1807	16
1808	14
1809	13
1810	12
1811	15
1812	10
1813	8
1814	15
1815	13
1816	6
1817	19
1818	9
1819	13
1820	13
1821	9
1822	18
1823	10
1824	14
1825	6
1826	19
1827	11
1828	19
1829	16
1830	14
1831	11
1832	9
1833	14
1834	16
1835	15
1836	23
1837	19
1838	20
1839	10
1840	22
1841	11
1842	8
1843	9
1844	11
1845	7
1846	16
1847	18
1848	8
1849	12
1850	6
1851	10
1852	8
1853	15
1854	12
1855	9
1856	16
1857	10
1858	8
1859	15
1860	11
1861	10
1862	14
1863	11
1864	10
1865	10
1866	11
1867	10
1868	7
1869	13
1870	17
1871	12
1872	11
1873	14
1874	14
1875	8
1876	12
1877	8
1878	14
1879	10
1880	14
1881	12
1882	11
1883	15
1884	10
1885	6
1886	13
1887	12
1888	16
1889	7
1890	12
1891	12
1892	13
1893	12
1894	7
1895	16
1896	15
1897	11
1898	12
1899	8
1900	11
1901	13
1902	13
1903	12
1904	12
1905	12
1906	12
1907	11
1908	15
1909	14
1910	19
1911	28
1912	25
1913	22
1914	22
1915	20
1916	16
1917	11
1918	12
1919	7
1920	7
1921	15
1922	8
1923	7
1924	13
1925	10
1926	14
1927	8
1928	10
1929	10
1930	12
1931	12
1932	8
1933	16
1934	6
1935	17
1936	12
1937	12
1938	9
1939	5
1940	10
1941	13
1942	9
1943	20
1944	14
1945	19
1946	19
1947	13
1948	51
1949	84
1950	78
1951	99
1952	70
1953	44
1954	24
1955	20
1956	12
1957	10
1958	13
1959	11
1960	6
1961	8
1962	8
1963	12
1964	16
1965	15
1966	14
1967	10
1968	10
1969	8
1970	8
1971	10
1972	16
1973	13
1974	6
1975	15
1976	11
1977	7
1978	8
1979	12
1980	12
1981	11
1982	8
1983	9
1984	7
1985	9
1986	8
1987	7
1988	7
1989	4
1990	8
1991	6
1992	14
1993	11
1994	13
1995	10
1996	9
1997	7
1998	9
1999	11
2000	11
2001	8
2002	19
2003	9
2004	11
2005	9
2006	7
2007	7
2008	9
2009	10
2010	10
2011	5
2012	4
2013	9
2014	4
2015	8
2016	15
2017	9
2018	11
2019	11
2020	10
2021	9
2022	10
2023	7
2024	10
2025	9
2026	8
2027	17
2028	10
2029	8
2030	10
2031	11
2032	11
2033	15
2034	8
2035	12
2036	12
2037	10
2038	2
2039	8
2040	18
2041	19
2042	19
2043	11
2044	17
2045	15
2046	6
2047	7
2048	11
2049	10
2050	10
2051	7
2052	9
2053	6
2054	8
2055	11
2056	12
2057	11
2058	9
2059	14
2060	12
2061	12
2062	10
2063	6
2064	13
2065	4
2066	13
2067	15
2068	11
2069	9
2070	16
2071	14
2072	11
2073	11
2074	7
2075	10
2076	1
2077	6
2078	12
2079	8
2080	10
2081	11
2082	11
2083	9
2084	9
2085	13
2086	12
2087	8
2088	14
2089	14
2090	15
2091	12
2092	15
2093	12
2094	11
2095	8
2096	9
2097	13
2098	11
2099	15
2100	7
2101	13
2102	17
2103	8
2104	7
2105	9
2106	9
2107	15
2108	5
2109	10
2110	11
2111	9
2112	12
2113	8
2114	9
2115	12
2116	8
2117	8
2118	7
2119	8
2120	16
2121	9
2122	15
2123	12
2124	8
2125	9
2126	8
2127	7
2128	7
2129	9
2130	5
2131	16
2132	8
2133	11
2134	17
2135	10
2136	9
2137	11
2138	10
2139	10
2140	9
2141	15
2142	9
2143	10
2144	16
2145	14
2146	5
2147	11
2148	10
2149	8
2150	10
2151	16
2152	9
2153	9
2154	7
2155	13
2156	8
2157	8
2158	11
2159	12
2160	12
2161	10
2162	7
2163	7
2164	10
2165	11
2166	10
2167	11
2168	7
2169	7
2170	13
2171	11
2172	8
2173	12
2174	10
2175	10
2176	7
2177	9
2178	5
2179	16
2180	8
2181	6
2182	9
2183	9
2184	15
2185	16
2186	14
2187	7
2188	7
2189	10
2190	6
2191	5
2192	4
2193	11
2194	7
2195	8
2196	12
2197	12
2198	9
2199	4
2200	12
2201	11
2202	6
2203	5
2204	8
2205	7
2206	13
2207	11
2208	5
2209	11
2210	8
2211	8
2212	11
2213	5
2214	9
2215	12
2216	9
2217	10
2218	3
2219	9
2220	10
2221	11
2222	7
2223	9
2224	12
2225	9
2226	10
2227	4
2228	5
2229	6
2230	9
2231	10
2232	5
2233	9
2234	8
2235	8
2236	10
2237	3
2238	7
2239	10
2240	8
2241	8
2242	9
2243	7
2244	11
2245	8
2246	9
2247	17
2248	13
2249	8
2250	8
2251	9
2252	7
2253	9
2254	7
2255	7
2256	8
2257	6
2258	6
2259	15
2260	11
2261	8
2262	11
2263	15
2264	10
2265	5
2266	8
2267	12
2268	8
2269	7
2270	10
2271	9
2272	7
2273	10
2274	11
2275	9
2276	9
2277	4
2278	4
2279	9
2280	7
2281	4
2282	10
2283	11
2284	11
2285	9
2286	6
2287	7
2288	7
2289	9
2290	7
2291	8
2292	6
2293	11
2294	8
2295	7
2296	6
2297	7
2298	9
2299	11
2300	7
2301	10
2302	9
2303	11
2304	5
2305	9
2306	10
2307	10
2308	8
2309	9
2310	4
2311	11
2312	8
2313	11
2314	5
2315	11
2316	8
2317	6
2318	15
2319	10
2320	14
2321	10
2322	17
2323	28
2324	29
2325	33
2326	29
2327	27
2328	19
2329	16
2330	14
2331	6
2332	8
2333	7
2334	6
2335	5
2336	7
2337	12
2338	16
2339	4
2340	11
2341	19
2342	18
2343	17
2344	6
2345	8
2346	8
2347	9
2348	9
2349	8
2350	10
2351	5
2352	8
2353	7
2354	9
2355	8
2356	9
2357	6
2358	8
2359	6
2360	12
2361	9
2362	5
2363	11
2364	10
2365	8
2366	7
2367	5
2368	15
2369	12
2370	12
2371	7
2372	3
2373	3
2374	13
2375	9
2376	6
2377	14
2378	8
2379	5
2380	8
2381	5
2382	7
2383	7
2384	10
2385	11
2386	8
2387	4
2388	6
2389	6
2390	5
2391	6
2392	9
2393	13
2394	5
2395	8
2396	11
2397	10
2398	12
2399	6
2400	10
2401	7
2402	3
2403	5
2404	8
2405	8
2406	7
2407	8
2408	14
2409	7
2410	10
2411	4
2412	10
2413	10
2414	13
2415	9
2416	6
2417	9
2418	12
2419	6
2420	11
2421	5
2422	7
2423	7
2424	10
2425	7
2426	11
2427	14
2428	15
2429	6
2430	10
2431	12
2432	16
2433	20
2434	22
2435	43
2436	22
2437	25
2438	25
2439	14
2440	9
2441	5
2442	8
2443	5
2444	8
2445	10
2446	8
2447	9
2448	6
2449	5
2450	11
2451	12
2452	12
2453	10
2454	13
2455	7
2456	11
2457	4
2458	12
2459	11
2460	12
2461	7
2462	7
2463	13
2464	14
2465	9
2466	8
2467	10
2468	8
2469	13
2470	14
2471	6
2472	5
2473	6
2474	9
2475	5
2476	6
2477	5
2478	5
2479	7
2480	4
2481	15
2482	11
2483	3
2484	7
2485	9
2486	11
2487	6
2488	7
2489	8
2490	12
2491	5
2492	6
2493	9
2494	10
2495	9
2496	6
2497	4
2498	10
2499	15
2500	7
2501	5
2502	5
2503	10
2504	12
2505	6
2506	11
2507	8
2508	7
2509	9
2510	9
2511	6
2512	11
2513	7
2514	11
2515	11
2516	8
2517	7
2518	5
2519	8
2520	6
2521	9
2522	10
2523	7
2524	10
2525	6
2526	7
2527	12
2528	6
2529	6
2530	5
2531	13
2532	22
2533	21
2534	12
2535	11
2536	7
2537	9
2538	3
2539	6
2540	13
2541	9
2542	10
2543	8
2544	7
2545	7
2546	9
2547	6
2548	10
2549	6
2550	7
2551	11
2552	6
2553	7
2554	6
2555	4
2556	7
2557	10
2558	4
2559	11
2560	6
2561	7
2562	8
2563	6
2564	7
2565	5
2566	13
2567	5
2568	11
2569	6
2570	11
2571	5
2572	8
2573	13
2574	11
2575	11
2576	9
2577	10
2578	8
2579	14
2580	15
2581	7
2582	7
2583	11
2584	7
2585	6
2586	3
2587	11
2588	6
2589	5
2590	13
2591	6
2592	13
2593	11
2594	7
2595	8
2596	13
2597	5
2598	7
2599	7
2600	10
2601	9
2602	6
2603	3
2604	10
2605	8
2606	6
2607	9
2608	6
2609	8
2610	7
2611	8
2612	8
2613	6
2614	5
2615	7
2616	11
2617	9
2618	5
2619	7
2620	11
2621	7
2622	5
2623	6
2624	10
2625	12
2626	6
2627	7
2628	9
2629	18
2630	10
2631	3
2632	4
2633	11
2634	8
2635	7
2636	6
2637	7
2638	11
2639	6
2640	10
2641	8
2642	7
2643	4
2644	11
2645	9
2646	4
2647	4
2648	12
2649	7
2650	4
2651	4
2652	8
2653	4
2654	8
2655	6
2656	5
2657	5
2658	5
2659	5
2660	8
2661	5
2662	5
2663	6
2664	3
2665	6
2666	6
2667	6
2668	7
2669	6
2670	6
2671	6
2672	6
2673	11
2674	3
2675	8
2676	5
2677	5
2678	6
2679	5
2680	1
2681	5
2682	6
2683	8
2684	8
2685	7
2686	9
2687	4
2688	4
2689	6
2690	5
2691	7
2692	8
2693	6
2694	5
2695	4
2696	6
2697	4
2698	5
2699	7
2700	7
2701	13
2702	3
2703	7
2704	16
2705	16
2706	18
2707	8
2708	7
2709	2
2710	2
2711	7
2712	3
2713	6
2714	9
2715	4
2716	3
2717	4
2718	3
2719	4
2720	9
2721	5
2722	7
2723	6
2724	6
2725	4
2726	5
2727	3
2728	5
2729	2
2730	4
2731	7
2732	6
2733	5
2734	6
2735	4
2736	5
2737	4
2738	6
2739	6
2740	2
2741	2
2742	2
2743	7
2744	2
2745	4
2746	5
2747	4
2748	0
2749	1
2750	9
2751	6
2752	4
2753	3
2754	4
2755	3
2756	2
2757	5
2758	7
2759	3
2760	5
2761	5
2762	7
2763	2
2764	1
2765	4
2766	2
2767	1
2768	4
2769	4
2770	2
2771	4
2772	5
2773	3
2774	1
2775	5
2776	6
2777	5
2778	2
2779	6
2780	0
2781	5
2782	5
2783	3
2784	1
2785	4
2786	3
2787	8
2788	4
2789	3
2790	2
2791	6
2792	2
2793	2
2794	3
2795	4
2796	4
2797	2
2798	4
2799	0
2800	0
2801	3
2802	3
2803	3
2804	1
2805	4
2806	6
2807	1
2808	3
2809	0
2810	1
2811	3
2812	3
2813	3
2814	2
2815	2
2816	7
2817	2
2818	5
2819	6
2820	2
2821	5
2822	3
2823	4
2824	2
2825	3
2826	2
2827	2
2828	1
2829	2
2830	3
2831	1
2832	4
2833	4
2834	1
2835	5
2836	3
2837	4
2838	3
2839	0
2840	2
2841	0
2842	3
2843	1
2844	4
2845	0
2846	6
2847	3
2848	2
2849	3
2850	0
2851	6
2852	1
2853	1
2854	1
2855	5
2856	2
2857	3
2858	5
2859	3
2860	2
2861	2
2862	1
2863	2
2864	0
2865	0
2866	1
2867	2
2868	2
2869	1
2870	2
2871	3
2872	3
2873	3
2874	4
2875	2
2876	4
2877	1
2878	3
2879	4
2880	3
2881	3
2882	4
2883	11
2884	26
2885	43
2886	101
2887	172
2888	232
2889	242
2890	249
2891	212
2892	114
2893	75
2894	23
2895	8
2896	1
2897	0
2898	0
2899	1
2900	0
2901	3
2902	1
2903	0
2904	1
2905	0
2906	2
2907	0
2908	1
2909	0
2910	0
2911	1
2912	1
2913	0
2914	0
2915	0
2916	0
2917	1
2918	2
2919	1
2920	1
2921	2
2922	2
2923	1
2924	1
2925	2
2926	0
2927	0
2928	0
2929	2
2930	1
2931	3
2932	2
2933	0
2934	0
2935	0
2936	0
2937	0
2938	1
2939	1
2940	0
2941	1
2942	2
2943	1
2944	1
2945	1
2946	0
2947	0
2948	1
2949	0
2950	1
2951	0
2952	3
2953	1
2954	1
2955	0
2956	0
2957	1
2958	2
2959	0
2960	2
2961	1
2962	1
2963	1
2964	2
2965	1
2966	1
2967	1
2968	1
2969	0
2970	1
2971	1
2972	3
2973	1
2974	1
2975	0
2976	0
2977	3
2978	0
2979	3
2980	1
2981	1
2982	0
2983	2
2984	0
2985	0
2986	1
2987	1
2988	2
2989	0
2990	0
2991	0
2992	2
2993	1
2994	2
2995	1
2996	1
2997	0
2998	1
2999	0
3000	0
3001	2
3002	1
3003	0
3004	1
3005	2
3006	0
3007	1
3008	0
3009	0
3010	2
3011	0
3012	0
3013	0
3014	0
3015	0
3016	1
3017	1
3018	2
3019	0
3020	3
3021	1
3022	2
3023	0
3024	3
3025	0
3026	1
3027	1
3028	1
3029	2
3030	1
3031	0
3032	4
3033	1
3034	0
3035	0
3036	1
3037	0
3038	0
3039	0
3040	0
3041	1
3042	0
3043	1
3044	1
3045	0
3046	1
3047	1
3048	1
3049	3
3050	1
3051	0
3052	2
3053	1
3054	0
3055	1
3056	1
3057	2
3058	0
3059	1
3060	2
3061	4
3062	0
3063	0
3064	0
3065	2
3066	0
3067	0
3068	0
3069	0
3070	3
3071	0
3072	1
3073	0
3074	0
3075	3
3076	1
3077	1
3078	1
3079	2
3080	2
3081	0
3082	0
3083	2
3084	2
3085	0
3086	1
3087	0
3088	3
3089	1
3090	0
3091	1
3092	1
3093	0
3094	2
3095	0
3096	2
3097	0
3098	0
3099	1
3100	0
3101	0
3102	1
3103	2
3104	0
3105	1
3106	0
3107	2
3108	2
3109	0
3110	1
3111	2
3112	2
3113	2
3114	1
3115	2
3116	0
3117	1
3118	1
3119	1
3120	1
3121	0
3122	0
3123	0
3124	2
3125	1
3126	3
3127	1
3128	0
3129	1
3130	0
3131	0
3132	1
3133	0
3134	0
3135	1
3136	2
3137	3
3138	1
3139	3
3140	1
3141	1
3142	2
3143	0
3144	1
3145	3
3146	1
3147	0
3148	1
3149	0
3150	1
3151	0
3152	2
3153	0
3154	0
3155	3
3156	0
3157	1
3158	1
3159	1
3160	3
3161	1
3162	1
3163	0
3164	0
3165	1
3166	0
3167	0
3168	2
3169	0
3170	1
3171	0
3172	2
3173	1
3174	0
3175	2
3176	0
3177	1
3178	2
3179	0
3180	0
3181	2
3182	0
3183	1
3184	1
3185	1
3186	0
3187	0
3188	0
3189	2
3190	2
3191	0
3192	1
3193	1
3194	1
3195	0
3196	1
3197	0
3198	2
3199	0
3200	2
3201	1
3202	1
3203	0
3204	0
3205	0
3206	1
3207	0
3208	1
3209	0
3210	2
3211	0
3212	1
3213	1
3214	1
3215	3
3216	1
3217	0
3218	1
3219	0
3220	2
3221	0
3222	0
3223	1
3224	1
3225	1
3226	0
3227	1
3228	1
3229	2
3230	0
3231	0
3232	0
3233	0
3234	1
3235	1
3236	0
3237	0
3238	1
3239	0
3240	0
3241	1
3242	1
3243	2
3244	1
3245	0
3246	0
3247	3
3248	0
3249	1
3250	1
3251	0
3252	1
3253	0
3254	2
3255	0
3256	0
3257	3
3258	1
3259	0
3260	1
3261	0
3262	1
3263	0
3264	2
3265	0
3266	1
3267	1
3268	0
3269	2
3270	1
3271	1
3272	2
3273	0
3274	4
3275	1
3276	0
3277	1
3278	0
3279	1
3280	0
3281	2
3282	0
3283	1
3284	1
3285	3
3286	0
3287	0
3288	0
3289	0
3290	0
3291	1
3292	1
3293	0
3294	1
3295	2
3296	0
3297	1
3298	1
3299	0
3300	1
3301	2
3302	1
3303	0
3304	0
3305	1
3306	0
3307	1
3308	0
3309	1
3310	0
3311	1
3312	2
3313	0
3314	0
3315	0
3316	1
3317	2
3318	0
3319	1
3320	0
3321	2
3322	0
3323	2
3324	0
3325	0
3326	0
3327	0
3328	0
3329	1
3330	1
3331	2
3332	0
3333	1
3334	0
3335	0
3336	1
3337	0
3338	1
3339	0
3340	0
3341	1
3342	1
3343	0
3344	0
3345	0
3346	0
3347	0
3348	1
3349	0
3350	1
3351	0
3352	1
3353	0
3354	0
3355	1
3356	2
3357	0
3358	1
3359	0
3360	1
3361	0
3362	2
3363	0
3364	0
3365	1
3366	0
3367	0
3368	1
3369	1
3370	1
3371	3
3372	0
3373	2
3374	1
3375	0
3376	1
3377	1
3378	1
3379	5
3380	0
3381	0
3382	2
3383	0
3384	2
3385	0
3386	1
3387	1
3388	0
3389	1
3390	0
3391	1
3392	1
3393	0
3394	1
3395	1
3396	1
3397	1
3398	0
3399	1
3400	0
3401	1
3402	2
3403	0
3404	0
3405	1
3406	1
3407	0
3408	1
3409	0
3410	1
3411	1
3412	0
3413	1
3414	0
3415	1
3416	0
3417	0
3418	1
3419	1
3420	1
3421	1
3422	0
3423	0
3424	0
3425	2
3426	0
3427	2
3428	1
3429	1
3430	3
3431	1
3432	0
3433	1
3434	0
3435	0
3436	0
3437	0
3438	0
3439	1
3440	0
3441	0
3442	1
3443	2
3444	1
3445	0
3446	1
3447	2
3448	1
3449	0
3450	1
3451	1
3452	0
3453	1
3454	1
3455	0
3456	0
3457	1
3458	0
3459	2
3460	0
3461	0
3462	0
3463	0
3464	0
3465	0
3466	0
3467	0
3468	0
3469	1
3470	0
3471	0
3472	1
3473	1
3474	0
3475	1
3476	1
3477	1
3478	0
3479	0
3480	1
3481	0
3482	0
3483	1
3484	0
3485	0
3486	1
3487	0
3488	0
3489	0
3490	1
3491	0
3492	0
3493	0
3494	0
3495	1
3496	2
3497	0
3498	1
3499	0
3500	0
3501	1
3502	2
3503	1
3504	0
3505	0
3506	0
3507	1
3508	0
3509	0
3510	2
3511	0
3512	1
3513	0
3514	0
3515	0
3516	0
3517	2
3518	1
3519	0
3520	0
3521	1
3522	0
3523	1
3524	0
3525	0
3526	2
3527	1
3528	1
3529	0
3530	0
3531	0
3532	0
3533	0
3534	1
3535	1
3536	0
3537	0
3538	0
3539	1
3540	0
3541	0
3542	1
3543	0
3544	1
3545	1
3546	1
3547	3
3548	3
3549	1
3550	0
3551	1
3552	1
3553	0
3554	0
3555	0
3556	0
3557	0
3558	0
3559	1
3560	0
3561	2
3562	0
3563	0
3564	0
3565	0
3566	2
3567	2
3568	0
3569	0
3570	3
3571	0
3572	0
3573	0
3574	0
3575	0
3576	0
3577	0
3578	1
3579	0
3580	1
3581	3
3582	1
3583	0
3584	0
3585	0
3586	0
3587	1
3588	0
3589	3
3590	0
3591	0
3592	1
3593	1
3594	0
3595	0
3596	0
3597	2
3598	0
3599	1
3600	0
3601	1
3602	0
3603	2
3604	1
3605	0
3606	1
3607	0
3608	1
3609	0
3610	1
3611	1
3612	0
3613	0
3614	2
3615	1
3616	0
3617	0
3618	1
3619	2
3620	1
3621	1
3622	2
3623	1
3624	0
3625	1
3626	1
3627	1
3628	0
3629	2
3630	0
3631	2
3632	0
3633	1
3634	1
3635	0
3636	1
3637	0
3638	0
3639	2
3640	0
3641	0
3642	0
3643	0
3644	0
3645	0
3646	1
3647	1
3648	2
3649	1
3650	1
3651	1
3652	1
3653	0
3654	0
3655	0
3656	1
3657	1
3658	1
3659	1
3660	0
3661	1
3662	0
3663	0
3664	2
3665	0
3666	0
3667	1
3668	0
3669	0
3670	0
3671	0
3672	2
3673	0
3674	0
3675	0
3676	1
3677	0
3678	0
3679	0
3680	1
3681	2
3682	0
3683	0
3684	0
3685	1
3686	0
3687	0
3688	0
3689	0
3690	0
3691	2
3692	0
3693	1
3694	0
3695	2
3696	1
3697	3
3698	0
3699	0
3700	1
3701	1
3702	0
3703	1
3704	2
3705	0
3706	0
3707	0
3708	0
3709	1
3710	0
3711	1
3712	0
3713	1
3714	0
3715	1
3716	0
3717	0
3718	2
3719	0
3720	1
3721	0
3722	1
3723	0
3724	1
3725	2
3726	0
3727	0
3728	0
3729	0
3730	1
3731	1
3732	0
3733	1
3734	0
3735	1
3736	2
3737	0
3738	0
3739	0
3740	0
3741	0
3742	0
3743	1
3744	1
3745	1
3746	0
3747	0
3748	0
3749	1
3750	0
3751	0
3752	1
3753	0
3754	0
3755	0
3756	0
3757	0
3758	1
3759	1
3760	1
3761	1
3762	1
3763	1
3764	0
3765	0
3766	0
3767	1
3768	0
3769	1
3770	1
3771	0
3772	1
3773	0
3774	0
3775	0
3776	0
3777	0
3778	0
3779	0
3780	2
3781	0
3782	2
3783	0
3784	0
3785	4
3786	0
3787	0
3788	0
3789	0
3790	1
3791	0
3792	2
3793	0
3794	0
3795	0
3796	0
3797	0
3798	0
3799	1
3800	0
3801	0
3802	0
3803	2
3804	0
3805	2
3806	1
3807	2
3808	2
3809	0
3810	0
3811	0
3812	0
3813	0
3814	1
3815	1
3816	0
3817	0
3818	0
3819	2
3820	2
3821	0
3822	0
3823	0
3824	0
3825	2
3826	0
3827	3
3828	1
3829	0
3830	0
3831	1
3832	0
3833	1
3834	0
3835	0
3836	1
3837	1
3838	0
3839	0
3840	0
3841	1
3842	0
3843	0
3844	0
3845	0
3846	0
3847	2
3848	1
3849	1
3850	1
3851	1
3852	0
3853	0
3854	0
3855	2
3856	0
3857	0
3858	0
3859	0
3860	1
3861	0
3862	0
3863	0
3864	0
3865	0
3866	0
3867	0
3868	2
3869	2
3870	1
3871	1
3872	3
3873	0
3874	0
3875	0
3876	0
3877	1
3878	0
3879	2
3880	0
3881	0
3882	0
3883	0
3884	1
3885	1
3886	0
3887	2
3888	1
3889	0
3890	1
3891	0
3892	1
3893	2
3894	0
3895	0
3896	2
3897	0
3898	0
3899	1
3900	1
3901	1
3902	1
3903	0
3904	1
3905	0
3906	0
3907	1
3908	1
3909	0
3910	0
3911	0
3912	0
3913	0
3914	0
3915	2
3916	1
3917	1
3918	2
3919	0
3920	3
3921	1
3922	0
3923	0
3924	0
3925	0
3926	2
3927	1
3928	0
3929	0
3930	2
3931	0
3932	2
3933	0
3934	2
3935	1
3936	0
3937	1
3938	0
3939	0
3940	0
3941	1
3942	0
3943	1
3944	1
3945	1
3946	1
3947	2
3948	0
3949	0
3950	0
3951	0
3952	0
3953	1
3954	1
3955	0
3956	0
3957	0
3958	0
3959	0
3960	0
3961	0
3962	1
3963	1
3964	3
3965	0
3966	0
3967	1
3968	1
3969	0
3970	1
3971	1
3972	0
3973	1
3974	1
3975	0
3976	2
3977	2
3978	1
3979	0
3980	1
3981	0
3982	3
3983	0
3984	0
3985	0
3986	0
3987	1
3988	0
3989	0
3990	1
3991	1
3992	0
3993	0
3994	0
3995	1
3996	4
3997	1
3998	1
3999	0
4000	2
4001	0
4002	1
4003	0
4004	2
4005	1
4006	0
4007	2
4008	1
4009	0
4010	1
4011	2
4012	1
4013	0
4014	2
4015	1
4016	0
4017	0
4018	2
4019	1
4020	2
4021	0
4022	0
4023	1
4024	1
4025	0
4026	0
4027	0
4028	1
4029	0
4030	0
4031	0
4032	0
4033	0
4034	0
4035	0
4036	0
4037	1
4038	0
4039	0
4040	1
4041	2
4042	0
4043	1
4044	1
4045	0
4046	0
4047	0
4048	0
4049	1
4050	0
4051	1
4052	2
4053	1
4054	0
4055	0
4056	0
4057	0
4058	2
4059	1
4060	1
4061	2
4062	1
4063	0
4064	1
4065	0
4066	1
4067	0
4068	1
4069	0
4070	0
4071	0
4072	1
4073	0
4074	0
4075	0
4076	1
4077	0
4078	0
4079	1
4080	0
4081	0
4082	1
4083	0
4084	1
4085	0
4086	1
4087	0
4088	1
4089	1
4090	0
4091	1
4092	1
4093	1
4094	1
4095	0
4096	0
4097	1
4098	0
4099	1
4100	0
4101	1
4102	1
4103	0
4104	0
4105	2
4106	1
4107	0
4108	0
4109	0
4110	0
4111	0
4112	0
4113	2
4114	1
4115	0
4116	0
4117	0
4118	1
4119	1
4120	1
4121	0
4122	0
4123	1
4124	0
4125	0
4126	1
4127	1
4128	2
4129	0
4130	2
4131	0
4132	0
4133	1
4134	0
4135	0
4136	0
4137	0
4138	0
4139	0
4140	0
4141	0
4142	1
4143	0
4144	0
4145	0
4146	0
4147	0
4148	0
4149	0
4150	2
4151	1
4152	1
4153	0
4154	0
4155	0
4156	1
4157	0
4158	0
4159	1
4160	0
4161	0
4162	0
4163	1
4164	1
4165	0
4166	0
4167	2
4168	0
4169	0
4170	1
4171	1
4172	0
4173	0
4174	0
4175	0
4176	0
4177	0
4178	1
4179	0
4180	0
4181	1
4182	0
4183	1
4184	0
4185	1
4186	4
4187	1
4188	0
4189	0
4190	2
4191	3
4192	1
4193	2
4194	0
4195	0
4196	0
4197	0
4198	0
4199	0
4200	0
4201	0
4202	0
4203	0
4204	0
4205	0
4206	0
4207	1
4208	0
4209	0
4210	1
4211	1
4212	1
4213	0
4214	0
4215	0
4216	0
4217	2
4218	1
4219	0
4220	0
4221	0
4222	0
4223	1
4224	0
4225	0
4226	0
4227	0
4228	2
4229	0
4230	1
4231	0
4232	0
4233	0
4234	0
4235	0
4236	0
4237	1
4238	1
4239	2
4240	0
4241	3
4242	0
4243	1
4244	2
4245	0
4246	1
4247	0
4248	0
4249	2
4250	0
4251	1
4252	1
4253	0
4254	2
4255	0
4256	2
4257	1
4258	0
4259	0
4260	0
4261	1
4262	0
4263	1
4264	0
4265	0
4266	0
4267	0
4268	1
4269	0
4270	1
4271	1
4272	1
4273	0
4274	0
4275	1
4276	1
4277	2
4278	0
4279	0
4280	3
4281	2
4282	1
4283	1
4284	0
4285	0
4286	2
4287	0
4288	0
4289	0
4290	0
4291	0
4292	1
4293	2
4294	1
4295	0
4296	0
4297	0
4298	3
4299	1
4300	1
4301	1
4302	0
4303	1
4304	0
4305	0
4306	0
4307	0
4308	0
4309	0
4310	0
4311	0
4312	0
4313	0
4314	0
4315	1
4316	0
4317	0
4318	0
4319	1
4320	0
4321	0
4322	1
4323	1
4324	1
4325	1
4326	0
4327	0
4328	0
4329	0
4330	0
4331	2
4332	2
4333	0
4334	1
4335	0
4336	1
4337	1
4338	0
4339	0
4340	0
4341	0
4342	0
4343	1
4344	0
4345	0
4346	0
4347	1
4348	0
4349	0
4350	1
4351	1
4352	1
4353	1
4354	0
4355	0
4356	0
4357	0
4358	0
4359	1
4360	0
4361	0
4362	2
4363	0
4364	0
4365	0
4366	1
4367	0
4368	0
4369	0
4370	1
4371	0
4372	0
4373	0
4374	1
4375	0
4376	0
4377	0
4378	0
4379	0
4380	1
4381	3
4382	1
4383	1
4384	0
4385	0
4386	0
4387	0
4388	0
4389	0
4390	0
4391	0
4392	1
4393	1
4394	0
4395	0
4396	0
4397	2
4398	4
4399	1
4400	0
4401	0
4402	0
4403	1
4404	1
4405	2
4406	0
4407	0
4408	0
4409	0
4410	0
4411	0
4412	0
4413	1
4414	1
4415	0
4416	2
4417	0
4418	0
4419	0
4420	1
4421	0
4422	0
4423	1
4424	0
4425	0
4426	1
4427	1
4428	1
4429	1
4430	0
4431	0
4432	0
4433	2
4434	0
4435	0
4436	0
4437	0
4438	0
4439	0
4440	0
4441	0
4442	2
4443	0
4444	0
4445	0
4446	0
4447	0
4448	0
4449	1
4450	0
4451	1
4452	0
4453	0
4454	1
4455	0
4456	1
4457	0
4458	0
4459	0
4460	1
4461	2
4462	2
4463	0
4464	2
4465	1
4466	0
4467	1
4468	0
4469	0
4470	2
4471	1
4472	0
4473	0
4474	0
4475	1
4476	1
4477	0
4478	0
4479	0
4480	0
4481	0
4482	0
4483	0
4484	2
4485	0
4486	1
4487	0
4488	1
4489	1
4490	2
4491	0
4492	1
4493	0
4494	1
4495	0
4496	0
4497	1
4498	0
4499	0
4500	0
4501	1
4502	0
4503	0
4504	1
4505	0
4506	0
4507	0
4508	0
4509	0
4510	1
4511	3
4512	0
4513	0
4514	0
4515	0
4516	0
4517	0
4518	3
4519	1
4520	0
4521	2
4522	1
4523	1
4524	1
4525	0
4526	0
4527	0
4528	1
4529	0
4530	0
4531	0
4532	0
4533	0
4534	1
4535	1
4536	0
4537	1
4538	1
4539	0
4540	0
4541	0
4542	0
4543	1
4544	1
4545	0
4546	1
4547	0
4548	3
4549	1
4550	1
4551	1
4552	1
4553	1
4554	0
4555	0
4556	0
4557	1
4558	0
4559	0
4560	0
4561	1
4562	0
4563	1
4564	1
4565	1
4566	1
4567	1
4568	0
4569	0
4570	1
4571	1
4572	0
4573	0
4574	0
4575	1
4576	0
4577	0
4578	1
4579	1
4580	1
4581	0
4582	0
4583	1
4584	0
4585	0
4586	1
4587	0
4588	0
4589	2
4590	0
4591	0
4592	0
4593	0
4594	0
4595	1
4596	0
4597	0
4598	0
4599	0
4600	0
4601	0
4602	3
4603	1
4604	0
4605	2
4606	0
4607	1
4608	0
4609	0
4610	0
4611	0
4612	0
4613	2
4614	0
4615	1
4616	0
4617	0
4618	0
4619	1
4620	2
4621	1
4622	0
4623	0
4624	1
4625	1
4626	1
4627	0
4628	0
4629	0
4630	0
4631	0
4632	0
4633	0
4634	0
4635	1
4636	1
4637	0
4638	1
4639	0
4640	1
4641	1
4642	0
4643	1
4644	1
4645	1
4646	0
4647	1
4648	0
4649	0
4650	0
4651	1
4652	1
4653	0
4654	0
4655	2
4656	0
4657	0
4658	0
4659	1
4660	3
4661	1
4662	0
4663	0
4664	0
4665	2
4666	0
4667	0
4668	0
4669	0
4670	0
4671	1
4672	1
4673	0
4674	0
4675	0
4676	0
4677	0
4678	0
4679	0
4680	0
4681	0
4682	2
4683	1
4684	0
4685	0
4686	0
4687	0
4688	0
4689	0
4690	0
4691	1
4692	1
4693	0
4694	2
4695	0
4696	0
4697	0
4698	0
4699	0
4700	1
4701	0
4702	0
4703	1
4704	0
4705	0
4706	2
4707	1
4708	0
4709	1
4710	4
4711	1
4712	0
4713	0
4714	0
4715	0
4716	0
4717	1
4718	2
4719	1
4720	1
4721	0
4722	1
4723	1
4724	3
4725	1
4726	1
4727	0
4728	1
4729	0
4730	1
4731	2
4732	1
4733	0
4734	0
4735	0
4736	0
4737	1
4738	0
4739	0
4740	0
4741	0
4742	0
4743	1
4744	0
4745	1
4746	0
4747	0
4748	0
4749	1
4750	2
4751	0
4752	2
4753	0
4754	1
4755	0
4756	0
4757	1
4758	3
4759	1
4760	1
4761	0
4762	1
4763	1
4764	0
4765	0
4766	1
4767	0
4768	0
4769	0
4770	0
4771	1
4772	0
4773	0
4774	0
4775	1
4776	1
4777	0
4778	0
4779	0
4780	1
4781	1
4782	1
4783	1
4784	0
4785	0
4786	0
4787	0
4788	0
4789	0
4790	1
4791	1
4792	1
4793	1
4794	0
4795	0
4796	0
4797	0
4798	0
4799	0
4800	0
4801	0
4802	1
4803	1
4804	0
4805	0
4806	0
4807	0
4808	0
4809	0
4810	0
4811	2
4812	0
4813	0
4814	0
4815	1
4816	0
4817	1
4818	1
4819	0
4820	3
4821	0
4822	0
4823	1
4824	1
4825	0
4826	0
4827	1
4828	0
4829	0
4830	1
4831	0
4832	1
4833	0
4834	0
4835	0
4836	0
4837	0
4838	0
4839	0
4840	0
4841	1
4842	0
4843	0
4844	1
4845	0
4846	0
4847	0
4848	3
4849	1
4850	1
4851	0
4852	1
4853	0
4854	2
4855	1
4856	1
4857	0
4858	2
4859	2
4860	0
4861	0
4862	0
4863	0
4864	1
4865	0
4866	2
4867	0
4868	0
4869	0
4870	1
4871	3
4872	0
4873	0
4874	0
4875	0
4876	2
4877	1
4878	1
4879	1
4880	0
4881	0
4882	1
4883	0
4884	2
4885	1
4886	0
4887	1
4888	0
4889	3
4890	0
4891	1
4892	0
4893	0
4894	0
4895	0
4896	1
4897	0
4898	0
4899	0
4900	0
4901	0
4902	1
4903	2
4904	0
4905	1
4906	0
4907	0
4908	0
4909	0
4910	2
4911	0
4912	0
4913	0
4914	0
4915	1
4916	0
4917	3
4918	0
4919	0
4920	0
4921	0
4922	0
4923	1
4924	0
4925	0
4926	0
4927	0
4928	0
4929	1
4930	0
4931	2
4932	0
4933	1
4934	1
4935	0
4936	0
4937	0
4938	0
4939	0
4940	1
4941	2
4942	0
4943	2
4944	0
4945	0
4946	0
4947	2
4948	0
4949	0
4950	1
4951	1
4952	2
4953	1
4954	0
4955	0
4956	1
4957	0
4958	0
4959	0
4960	2
4961	1
4962	0
4963	0
4964	1
4965	0
4966	0
4967	2
4968	1
4969	0
4970	0
4971	1
4972	0
4973	1
4974	1
4975	0
4976	0
4977	0
4978	0
4979	0
4980	0
4981	0
4982	0
4983	0
4984	0
4985	0
4986	0
4987	0
4988	1
4989	0
4990	0
4991	0
4992	0
4993	0
4994	0
4995	1
4996	0
4997	0
4998	0
4999	0
5000	1
5001	2
5002	1
5003	0
5004	0
5005	0
5006	1
5007	1
5008	2
5009	0
5010	0
5011	1
5012	0
5013	0
5014	1
5015	1
5016	0
5017	0
5018	0
5019	0
5020	0
5021	1
5022	0
5023	0
5024	0
5025	1
5026	0
5027	0
5028	0
5029	1
5030	0
5031	0
5032	2
5033	0
5034	0
5035	0
5036	0
5037	1
5038	1
5039	0
5040	1
5041	0
5042	0
5043	0
5044	0
5045	0
5046	0
5047	2
5048	0
5049	2
5050	1
5051	1
5052	0
5053	0
5054	0
5055	1
5056	0
5057	0
5058	1
5059	1
5060	1
5061	0
5062	0
5063	0
5064	1
5065	1
5066	1
5067	0
5068	0
5069	1
5070	0
5071	0
5072	0
5073	0
5074	0
5075	0
5076	0
5077	0
5078	0
5079	0
5080	0
5081	0
5082	1
5083	0
5084	0
5085	0
5086	0
5087	1
5088	0
5089	0
5090	0
5091	0
5092	0
5093	0
5094	2
5095	1
5096	0
5097	1
5098	0
5099	1
5100	0
5101	0
5102	1
5103	0
5104	1
5105	0
5106	0
5107	1
5108	0
5109	1
5110	0
5111	0
5112	1
5113	1
5114	2
5115	0
5116	0
5117	1
5118	0
5119	0
5120	2
5121	2
5122	0
5123	0
5124	2
5125	0
5126	1
5127	0
5128	1
5129	0
5130	1
5131	0
5132	0
5133	0
5134	1
5135	0
5136	0
5137	0
5138	0
5139	0
5140	0
5141	1
5142	0
5143	1
5144	1
5145	0
5146	0
5147	0
5148	0
5149	0
5150	1
5151	0
5152	0
5153	1
5154	2
5155	1
5156	0
5157	1
5158	0
5159	0
5160	0
5161	0
5162	0
5163	1
5164	0
5165	0
5166	0
5167	2
5168	0
5169	0
5170	0
5171	0
5172	1
5173	0
5174	0
5175	1
5176	1
5177	0
5178	0
5179	1
5180	0
5181	0
5182	0
5183	1
5184	1
5185	0
5186	0
5187	0
5188	0
5189	0
5190	0
5191	1
5192	0
5193	0
5194	0
5195	1
5196	0
5197	0
5198	0
5199	1
5200	0
5201	0
5202	0
5203	0
5204	0
5205	1
5206	0
5207	0
5208	0
5209	1
5210	0
5211	1
5212	1
5213	0
5214	0
5215	0
5216	1
5217	0
5218	1
5219	0
5220	0
5221	1
5222	0
5223	0
5224	0
5225	1
5226	0
5227	0
5228	0
5229	1
5230	0
5231	0
5232	2
5233	1
5234	0
5235	1
5236	0
5237	0
5238	1
5239	1
5240	1
5241	0
5242	0
5243	1
5244	0
5245	1
5246	0
5247	0
5248	0
5249	0
5250	1
5251	0
5252	0
5253	0
5254	0
5255	1
5256	1
5257	0
5258	0
5259	1
5260	0
5261	2
5262	0
5263	0
5264	0
5265	0
5266	2
5267	0
5268	2
5269	1
5270	1
5271	1
5272	0
5273	1
5274	0
5275	0
5276	1
5277	2
5278	0
5279	0
5280	0
5281	1
5282	0
5283	0
5284	0
5285	2
5286	1
5287	1
5288	0
5289	0
5290	0
5291	0
5292	0
5293	1
5294	1
5295	0
5296	0
5297	1
5298	1
5299	1
5300	2
5301	1
5302	0
5303	0
5304	0
5305	1
5306	0
5307	0
5308	0
5309	0
5310	1
5311	0
5312	0
5313	0
5314	0
5315	0
5316	0
5317	1
5318	0
5319	0
5320	0
5321	0
5322	0
5323	1
5324	1
5325	0
5326	1
5327	0
5328	0
5329	0
5330	1
5331	1
5332	1
5333	0
5334	1
5335	0
5336	1
5337	0
5338	1
5339	0
5340	0
5341	0
5342	0
5343	0
5344	1
5345	0
5346	1
5347	0
5348	0
5349	0
5350	0
5351	1
5352	0
5353	0
5354	0
5355	0
5356	1
5357	0
5358	0
5359	0
5360	0
5361	2
5362	0
5363	1
5364	1
5365	1
5366	0
5367	1
5368	0
5369	2
5370	1
5371	2
5372	0
5373	0
5374	0
5375	0
5376	1
5377	0
5378	0
5379	0
5380	0
5381	1
5382	0
5383	0
5384	0
5385	1
5386	1
5387	0
5388	0
5389	0
5390	2
5391	1
5392	2
5393	0
5394	0
5395	0
5396	1
5397	0
5398	0
5399	0
5400	0
5401	1
5402	0
5403	0
5404	1
5405	0
5406	1
5407	2
5408	1
5409	1
5410	0
5411	0
5412	1
5413	0
5414	0
5415	0
5416	1
5417	1
5418	0
5419	1
5420	1
5421	0
5422	0
5423	0
5424	0
5425	0
5426	2
5427	1
5428	1
5429	1
5430	0
5431	0
5432	1
5433	0
5434	0
5435	0
5436	0
5437	0
5438	1
5439	0
5440	1
5441	0
5442	0
5443	1
5444	0
5445	0
5446	2
5447	0
5448	0
5449	0
5450	0
5451	0
5452	0
5453	0
5454	0
5455	2
5456	1
5457	0
5458	0
5459	0
5460	1
5461	0
5462	0
5463	0
5464	1
5465	0
5466	1
5467	0
5468	1
5469	0
5470	0
5471	0
5472	0
5473	0
5474	0
5475	1
5476	1
5477	0
5478	0
5479	1
5480	0
5481	0
5482	0
5483	0
5484	0
5485	1
5486	0
5487	0
5488	1
5489	0
5490	0
5491	0
5492	2
5493	0
5494	0
5495	0
5496	2
5497	0
5498	0
5499	0
5500	0
5501	0
5502	0
5503	0
5504	0
5505	2
5506	0
5507	0
5508	1
5509	2
5510	0
5511	0
5512	0
5513	1
5514	1
5515	1
5516	0
5517	0
5518	0
5519	0
5520	1
5521	0
5522	2
5523	0
5524	0
5525	0
5526	0
5527	0
5528	1
5529	0
5530	0
5531	0
5532	0
5533	2
5534	0
5535	0
5536	0
5537	0
5538	0
5539	0
5540	0
5541	0
5542	0
5543	0
5544	1
5545	1
5546	0
5547	0
5548	0
5549	1
5550	0
5551	1
5552	0
5553	0
5554	0
5555	0
5556	0
5557	0
5558	2
5559	1
5560	0
5561	0
5562	0
5563	0
5564	0
5565	0
5566	0
5567	0
5568	0
5569	1
5570	1
5571	1
5572	0
5573	0
5574	0
5575	0
5576	1
5577	0
5578	1
5579	0
5580	0
5581	0
5582	0
5583	0
5584	0
5585	0
5586	0
5587	2
5588	0
5589	0
5590	0
5591	0
5592	1
5593	1
5594	0
5595	1
5596	0
5597	0
5598	0
5599	0
5600	2
5601	0
5602	2
5603	0
5604	0
5605	1
5606	1
5607	1
5608	0
5609	0
5610	1
5611	0
5612	1
5613	0
5614	0
5615	0
5616	0
5617	0
5618	0
5619	0
5620	1
5621	1
5622	0
5623	2
5624	0
5625	2
5626	0
5627	0
5628	1
5629	0
5630	0
5631	0
5632	1
5633	2
5634	0
5635	0
5636	0
5637	0
5638	0
5639	0
5640	0
5641	0
5642	1
5643	1
5644	0
5645	1
5646	1
5647	0
5648	2
5649	0
5650	0
5651	0
5652	0
5653	1
5654	1
5655	0
5656	0
5657	0
5658	0
5659	1
5660	0
5661	3
5662	0
5663	0
5664	0
5665	0
5666	1
5667	0
5668	1
5669	0
5670	0
5671	0
5672	0
5673	0
5674	1
5675	0
5676	0
5677	2
5678	0
5679	0
5680	0
5681	0
5682	1
5683	0
5684	0
5685	1
5686	0
5687	0
5688	0
5689	0
5690	0
5691	0
5692	0
5693	0
5694	0
5695	0
5696	0
5697	0
5698	1
5699	0
5700	1
5701	0
5702	1
5703	1
5704	0
5705	0
5706	2
5707	0
5708	0
5709	0
5710	0
5711	1
5712	0
5713	0
5714	0
5715	0
5716	0
5717	0
5718	1
5719	0
5720	0
5721	0
5722	2
5723	0
5724	1
5725	1
5726	1
5727	0
5728	0
5729	0
5730	1
5731	0
5732	0
5733	0
5734	1
5735	0
5736	1
5737	1
5738	0
5739	0
5740	0
5741	1
5742	0
5743	0
5744	1
5745	0
5746	0
5747	0
5748	1
5749	0
5750	1
5751	1
5752	1
5753	0
5754	1
5755	0
5756	0
5757	0
5758	0
5759	0
5760	1
5761	0
5762	0
5763	0
5764	0
5765	1
5766	1
5767	1
5768	0
5769	0
5770	0
5771	1
5772	1
5773	0
5774	0
5775	0
5776	0
5777	1
5778	2
5779	2
5780	0
5781	0
5782	1
5783	0
5784	0
5785	1
5786	0
5787	0
5788	0
5789	0
5790	0
5791	0
5792	0
5793	0
5794	1
5795	2
5796	1
5797	0
5798	0
5799	0
5800	0
5801	0
5802	1
5803	0
5804	0
5805	0
5806	0
5807	0
5808	0
5809	0
5810	0
5811	1
5812	0
5813	0
5814	0
5815	0
5816	0
5817	0
5818	1
5819	0
5820	0
5821	0
5822	0
5823	0
5824	0
5825	0
5826	1
5827	0
5828	0
5829	1
5830	1
5831	1
5832	1
5833	1
5834	0
5835	0
5836	1
5837	0
5838	0
5839	1
5840	0
5841	0
5842	1
5843	0
5844	0
5845	2
5846	0
5847	0
5848	0
5849	0
5850	0
5851	0
5852	0
5853	0
5854	1
5855	0
5856	1
5857	0
5858	0
5859	0
5860	0
5861	1
5862	0
5863	1
5864	1
5865	0
5866	0
5867	1
5868	0
5869	0
5870	0
5871	0
5872	2
5873	0
5874	0
5875	1
5876	0
5877	0
5878	0
5879	0
5880	0
5881	0
5882	0
5883	1
5884	0
5885	2
5886	1
5887	0
5888	0
5889	2
5890	0
5891	0
5892	0
5893	0
5894	1
5895	0
5896	0
5897	1
5898	0
5899	1
5900	0
5901	0
5902	0
5903	0
5904	1
5905	0
5906	0
5907	0
5908	0
5909	0
5910	1
5911	0
5912	0
5913	1
5914	1
5915	0
5916	0
5917	0
5918	0
5919	0
5920	0
5921	0
5922	0
5923	0
5924	0
5925	0
5926	0
5927	0
5928	0
5929	0
5930	0
5931	0
5932	0
5933	1
5934	0
5935	0
5936	0
5937	0
5938	0
5939	1
5940	1
5941	1
5942	1
5943	1
5944	0
5945	0
5946	0
5947	0
5948	0
5949	0
5950	0
5951	0
5952	1
5953	0
5954	0
5955	0
5956	2
5957	1
5958	0
5959	1
5960	0
5961	0
5962	0
5963	2
5964	1
5965	0
5966	0
5967	0
5968	0
5969	0
5970	1
5971	0
5972	0
5973	0
5974	0
5975	0
5976	1
5977	0
5978	1
5979	0
5980	0
5981	0
5982	0
5983	1
5984	0
5985	0
5986	0
5987	0
5988	1
5989	0
5990	0
5991	1
5992	1
5993	1
5994	0
5995	0
5996	0
5997	1
5998	0
5999	0
6000	0
6001	0
6002	1
6003	0
6004	0
6005	1
6006	0
6007	0
6008	0
6009	1
6010	0
6011	0
6012	0
6013	1
6014	0
6015	0
6016	1
6017	1
6018	1
6019	0
6020	0
6021	0
6022	1
6023	0
6024	0
6025	0
6026	0
6027	1
6028	0
6029	1
6030	0
6031	1
6032	0
6033	0
6034	0
6035	2
6036	0
6037	0
6038	0
6039	2
6040	0
6041	0
6042	0
6043	2
6044	0
6045	1
6046	0
6047	1
6048	1
6049	0
6050	0
6051	0
6052	0
6053	0
6054	0
6055	0
6056	0
6057	0
6058	0
6059	0
6060	0
6061	0
6062	0
6063	0
6064	0
6065	0
6066	1
6067	0
6068	0
6069	0
6070	0
6071	1
6072	0
6073	0
6074	0
6075	0
6076	0
6077	1
6078	0
6079	0
6080	0
6081	0
6082	0
6083	0
6084	0
6085	0
6086	0
6087	1
6088	1
6089	0
6090	0
6091	0
6092	0
6093	1
6094	0
6095	1
6096	0
6097	2
6098	1
6099	0
6100	0
6101	0
6102	2
6103	0
6104	1
6105	0
6106	1
6107	1
6108	0
6109	1
6110	1
6111	0
6112	1
6113	0
6114	0
6115	0
6116	0
6117	0
6118	0
6119	0
6120	0
6121	0
6122	0
6123	1
6124	1
6125	0
6126	1
6127	0
6128	0
6129	1
6130	0
6131	0
6132	0
6133	0
6134	0
6135	0
6136	1
6137	0
6138	0
6139	0
6140	0
6141	0
6142	1
6143	0
6144	1
6145	0
6146	1
6147	0
6148	0
6149	0
6150	0
6151	0
6152	0
6153	0
6154	0
6155	0
6156	1
6157	0
6158	1
6159	1
6160	1
6161	0
6162	0
6163	0
6164	0
6165	0
6166	1
6167	0
6168	1
6169	0
6170	1
6171	0
6172	1
6173	0
6174	1
6175	1
6176	0
6177	0
6178	0
6179	0
6180	0
6181	0
6182	1
6183	2
6184	0
6185	0
6186	0
6187	1
6188	1
6189	0
6190	0
6191	1
6192	0
6193	0
6194	1
6195	1
6196	1
6197	2
6198	1
6199	1
6200	1
6201	1
6202	0
6203	0
6204	0
6205	0
6206	1
6207	1
6208	0
6209	0
6210	1
6211	1
6212	0
6213	0
6214	0
6215	1
6216	0
6217	0
6218	0
6219	0
6220	0
6221	1
6222	1
6223	1
6224	1
6225	0
6226	2
6227	0
6228	0
6229	1
6230	1
6231	0
6232	1
6233	0
6234	0
6235	1
6236	0
6237	0
6238	1
6239	0
6240	1
6241	0
6242	0
6243	0
6244	1
6245	0
6246	1
6247	0
6248	0
6249	0
6250	1
6251	2
6252	0
6253	1
6254	0
6255	1
6256	0
6257	1
6258	0
6259	0
6260	0
6261	0
6262	2
6263	0
6264	0
6265	0
6266	0
6267	1
6268	0
6269	0
6270	0
6271	0
6272	0
6273	0
6274	0
6275	0
6276	0
6277	0
6278	0
6279	0
6280	0
6281	1
6282	0
6283	0
6284	0
6285	0
6286	0
6287	0
6288	0
6289	0
6290	0
6291	0
6292	0
6293	0
6294	0
6295	0
6296	1
6297	0
6298	0
6299	0
6300	0
6301	1
6302	2
6303	0
6304	0
6305	1
6306	1
6307	0
6308	1
6309	0
6310	0
6311	0
6312	1
6313	0
6314	0
6315	0
6316	1
6317	0
6318	1
6319	1
6320	1
6321	0
6322	0
6323	1
6324	1
6325	0
6326	0
6327	0
6328	0
6329	0
6330	0
6331	0
6332	0
6333	2
6334	0
6335	0
6336	0
6337	1
6338	1
6339	0
6340	0
6341	0
6342	0
6343	0
6344	0
6345	0
6346	1
6347	2
6348	0
6349	0
6350	0
6351	0
6352	0
6353	1
6354	1
6355	0
6356	1
6357	0
6358	0
6359	0
6360	1
6361	0
6362	1
6363	0
6364	0
6365	0
6366	0
6367	0
6368	0
6369	1
6370	0
6371	0
6372	0
6373	0
6374	0
6375	1
6376	0
6377	0
6378	0
6379	0
6380	1
6381	2
6382	1
6383	0
6384	2
6385	1
6386	0
6387	0
6388	1
6389	1
6390	1
6391	1
6392	1
6393	0
6394	0
6395	1
6396	1
6397	0
6398	0
6399	0
6400	0
6401	0
6402	1
6403	0
6404	1
6405	0
6406	0
6407	1
6408	0
6409	0
6410	1
6411	0
6412	0
6413	0
6414	0
6415	1
6416	0
6417	0
6418	0
6419	1
6420	0
6421	1
6422	0
6423	0
6424	0
6425	0
6426	0
6427	0
6428	0
6429	0
6430	0
6431	0
6432	1
6433	0
6434	0
6435	1
6436	0
6437	0
6438	0
6439	0
6440	0
6441	0
6442	1
6443	1
6444	0
6445	1
6446	1
6447	0
6448	1
6449	0
6450	0
6451	0
6452	1
6453	0
6454	0
6455	0
6456	0
6457	0
6458	0
6459	0
6460	0
6461	0
6462	0
6463	0
6464	1
6465	0
6466	1
6467	0
6468	0
6469	0
6470	2
6471	0
6472	0
6473	0
6474	1
6475	0
6476	0
6477	0
6478	0
6479	0
6480	0
6481	0
6482	0
6483	0
6484	0
6485	0
6486	0
6487	0
6488	0
6489	0
6490	0
6491	0
6492	3
6493	1
6494	0
6495	1
6496	1
6497	0
6498	0
6499	0
6500	0
6501	0
6502	1
6503	0
6504	0
6505	0
6506	1
6507	0
6508	0
6509	0
6510	0
6511	0
6512	1
6513	2
6514	0
6515	0
6516	0
6517	0
6518	0
6519	0
6520	0
6521	0
6522	0
6523	0
6524	0
6525	0
6526	0
6527	0
6528	1
6529	0
6530	1
6531	0
6532	1
6533	0
6534	0
6535	1
6536	0
6537	0
6538	1
6539	1
6540	0
6541	0
6542	0
6543	0
6544	0
6545	0
6546	0
6547	0
6548	0
6549	1
6550	0
6551	0
6552	1
6553	1
6554	4
6555	0
6556	0
6557	0
6558	0
6559	0
6560	0
6561	0
6562	0
6563	0
6564	0
6565	0
6566	1
6567	0
6568	0
6569	0
6570	1
6571	0
6572	0
6573	0
6574	1
6575	0
6576	1
6577	0
6578	0
6579	0
6580	0
6581	0
6582	0
6583	0
6584	0
6585	0
6586	0
6587	0
6588	0
6589	2
6590	2
6591	0
6592	0
6593	0
6594	0
6595	1
6596	1
6597	0
6598	0
6599	0
6600	0
6601	0
6602	1
6603	0
6604	0
6605	0
6606	0
6607	0
6608	0
6609	0
6610	0
6611	0
6612	0
6613	0
6614	0
6615	0
6616	0
6617	1
6618	0
6619	0
6620	0
6621	0
6622	1
6623	0
6624	0
6625	2
6626	0
6627	1
6628	0
6629	0
6630	0
6631	0
6632	2
6633	1
6634	0
6635	0
6636	1
6637	0
6638	0
6639	1
6640	0
6641	0
6642	0
6643	0
6644	0
6645	0
6646	1
6647	1
6648	0
6649	0
6650	1
6651	0
6652	0
6653	1
6654	0
6655	0
6656	0
6657	1
6658	1
6659	0
6660	1
6661	1
6662	2
6663	0
6664	0
6665	0
6666	0
6667	0
6668	0
6669	0
6670	1
6671	0
6672	0
6673	0
6674	1
6675	0
6676	0
6677	0
6678	0
6679	1
6680	0
6681	0
6682	0
6683	0
6684	1
6685	0
6686	2
6687	0
6688	0
6689	0
6690	0
6691	0
6692	0
6693	1
6694	0
6695	0
6696	1
6697	0
6698	0
6699	0
6700	0
6701	0
6702	2
6703	2
6704	1
6705	1
6706	1
6707	0
6708	2
6709	0
6710	0
6711	1
6712	0
6713	0
6714	0
6715	0
6716	1
6717	0
6718	1
6719	0
6720	0
6721	0
6722	0
6723	1
6724	0
6725	0
6726	0
6727	1
6728	0
6729	0
6730	0
6731	0
6732	1
6733	0
6734	0
6735	1
6736	1
6737	0
6738	0
6739	0
6740	0
6741	1
6742	0
6743	0
6744	0
6745	1
6746	1
6747	0
6748	0
6749	0
6750	0
6751	0
6752	0
6753	0
6754	1
6755	0
6756	0
6757	1
6758	0
6759	0
6760	1
6761	0
6762	1
6763	0
6764	0
6765	0
6766	0
6767	1
6768	0
6769	1
6770	0
6771	0
6772	0
6773	0
6774	0
6775	0
6776	0
6777	0
6778	0
6779	0
6780	0
6781	0
6782	0
6783	0
6784	0
6785	1
6786	0
6787	0
6788	0
6789	1
6790	0
6791	0
6792	0
6793	1
6794	1
6795	0
6796	0
6797	0
6798	0
6799	0
6800	1
6801	0
6802	0
6803	0
6804	1
6805	0
6806	0
6807	0
6808	0
6809	1
6810	0
6811	0
6812	0
6813	0
6814	0
6815	0
6816	0
6817	0
6818	0
6819	0
6820	1
6821	0
6822	0
6823	1
6824	0
6825	0
6826	1
6827	1
6828	1
6829	0
6830	0
6831	0
6832	0
6833	0
6834	0
6835	0
6836	1
6837	2
6838	0
6839	0
6840	0
6841	0
6842	0
6843	1
6844	0
6845	0
6846	0
6847	0
6848	1
6849	0
6850	0
6851	0
6852	0
6853	0
6854	0
6855	0
6856	0
6857	0
6858	1
6859	0
6860	0
6861	0
6862	0
6863	0
6864	0
6865	0
6866	0
6867	0
6868	0
6869	0
6870	0
6871	0
6872	0
6873	0
6874	0
6875	0
6876	1
6877	0
6878	1
6879	0
6880	0
6881	0
6882	0
6883	0
6884	0
6885	0
6886	0
6887	0
6888	0
6889	0
6890	0
6891	0
6892	2
6893	1
6894	0
6895	0
6896	1
6897	0
6898	1
6899	0
6900	0
6901	0
6902	0
6903	2
6904	0
6905	1
6906	1
6907	1
6908	1
6909	0
6910	1
6911	0
6912	0
6913	0
6914	0
6915	1
6916	0
6917	0
6918	1
6919	0
6920	1
6921	0
6922	0
6923	0
6924	0
6925	0
6926	1
6927	1
6928	0
6929	0
6930	0
6931	0
6932	0
6933	0
6934	0
6935	0
6936	0
6937	0
6938	1
6939	0
6940	0
6941	1
6942	0
6943	1
6944	0
6945	0
6946	0
6947	0
6948	0
6949	0
6950	0
6951	0
6952	0
6953	0
6954	1
6955	0
6956	1
6957	1
6958	0
6959	0
6960	1
6961	0
6962	0
6963	0
6964	0
6965	0
6966	0
6967	0
6968	0
6969	0
6970	1
6971	0
6972	0
6973	0
6974	0
6975	0
6976	0
6977	0
6978	0
6979	0
6980	0
6981	0
6982	0
6983	0
6984	1
6985	0
6986	0
6987	0
6988	0
6989	0
6990	1
6991	0
6992	0
6993	0
6994	0
6995	0
6996	0
6997	0
6998	0
6999	0
7000	2
7001	0
7002	0
7003	1
7004	0
7005	0
7006	0
7007	0
7008	0
7009	0
7010	0
7011	2
7012	1
7013	1
7014	1
7015	0
7016	0
7017	1
7018	0
7019	0
7020	0
7021	0
7022	0
7023	0
7024	0
7025	0
7026	1
7027	0
7028	0
7029	1
7030	0
7031	1
7032	0
7033	1
7034	1
7035	0
7036	0
7037	0
7038	0
7039	1
7040	0
7041	0
7042	0
7043	0
7044	0
7045	1
7046	0
7047	0
7048	0
7049	0
7050	1
7051	0
7052	0
7053	0
7054	0
7055	0
7056	0
7057	0
7058	1
7059	0
7060	0
7061	0
7062	0
7063	0
7064	1
7065	0
7066	1
7067	0
7068	0
7069	0
7070	1
7071	1
7072	1
7073	3
7074	0
7075	0
7076	0
7077	0
7078	0
7079	0
7080	0
7081	0
7082	1
7083	0
7084	1
7085	0
7086	1
7087	0
7088	0
7089	0
7090	0
7091	0
7092	0
7093	0
7094	1
7095	1
7096	0
7097	0
7098	1
7099	0
7100	0
7101	0
7102	0
7103	0
7104	1
7105	0
7106	0
7107	0
7108	1
7109	0
7110	0
7111	0
7112	0
7113	0
7114	0
7115	0
7116	0
7117	0
7118	0
7119	0
7120	0
7121	0
7122	0
7123	1
7124	0
7125	0
7126	0
7127	0
7128	0
7129	0
7130	0
7131	1
7132	0
7133	0
7134	1
7135	0
7136	0
7137	1
7138	1
7139	1
7140	0
7141	0
7142	0
7143	0
7144	0
7145	1
7146	0
7147	0
7148	0
7149	1
7150	0
7151	0
7152	0
7153	0
7154	0
7155	0
7156	1
7157	0
7158	0
7159	1
7160	0
7161	0
7162	0
7163	1
7164	0
7165	0
7166	0
7167	0
7168	0
7169	0
7170	0
7171	0
7172	0
7173	0
7174	0
7175	0
7176	1
7177	0
7178	0
7179	0
7180	0
7181	0
7182	1
7183	0
7184	0
7185	1
7186	1
7187	0
7188	0
7189	1
7190	0
7191	0
7192	0
7193	3
7194	0
7195	0
7196	0
7197	0
7198	0
7199	0
7200	0
7201	1
7202	0
7203	0
7204	0
7205	0
7206	0
7207	0
7208	0
7209	1
7210	0
7211	0
7212	0
7213	1
7214	0
7215	0
7216	0
7217	0
7218	0
7219	0
7220	0
7221	0
7222	0
7223	0
7224	0
7225	0
7226	0
7227	0
7228	0
7229	1
7230	0
7231	0
7232	1
7233	0
7234	0
7235	0
7236	0
7237	0
7238	2
7239	0
7240	0
7241	1
7242	0
7243	0
7244	1
7245	0
7246	1
7247	0
7248	0
7249	1
7250	0
7251	1
7252	1
7253	0
7254	0
7255	1
7256	0
7257	2
7258	0
7259	0
7260	0
7261	0
7262	2
7263	0
7264	0
7265	0
7266	0
7267	1
7268	0
7269	1
7270	0
7271	0
7272	0
7273	0
7274	0
7275	0
7276	0
7277	1
7278	2
7279	0
7280	0
7281	0
7282	1
7283	2
7284	0
7285	1
7286	1
7287	1
7288	0
7289	0
7290	0
7291	0
7292	0
7293	0
7294	0
7295	0
7296	0
7297	0
7298	0
7299	1
7300	0
7301	0
7302	0
7303	1
7304	1
7305	1
7306	0
7307	1
7308	0
7309	1
7310	0
7311	0
7312	0
7313	0
7314	0
7315	0
7316	0
7317	0
7318	1
7319	0
7320	0
7321	0
7322	0
7323	2
7324	0
7325	0
7326	2
7327	1
7328	1
7329	0
7330	0
7331	0
7332	0
7333	0
7334	0
7335	0
7336	0
7337	0
7338	0
7339	0
7340	1
7341	1
7342	1
7343	0
7344	0
7345	0
7346	0
7347	1
7348	0
7349	0
7350	1
7351	0
7352	0
7353	2
7354	0
7355	0
7356	2
7357	1
7358	1
7359	2
7360	0
7361	1
7362	0
7363	0
7364	0
7365	1
7366	0
7367	0
7368	1
7369	0
7370	0
7371	1
7372	0
7373	0
7374	0
7375	0
7376	2
7377	0
7378	0
7379	0
7380	0
7381	0
7382	1
7383	1
7384	0
7385	0
7386	1
7387	0
7388	0
7389	0
7390	0
7391	0
7392	1
7393	0
7394	1
7395	0
7396	0
7397	0
7398	0
7399	0
7400	0
7401	0
7402	0
7403	0
7404	1
7405	0
7406	0
7407	0
7408	0
7409	1
7410	0
7411	0
7412	0
7413	0
7414	0
7415	2
7416	0
7417	1
7418	0
7419	0
7420	0
7421	1
7422	1
7423	0
7424	0
7425	0
7426	0
7427	1
7428	1
7429	0
7430	0
7431	1
7432	2
7433	0
7434	0
7435	0
7436	0
7437	1
7438	1
7439	1
7440	1
7441	0
7442	0
7443	0
7444	0
7445	1
7446	1
7447	0
7448	1
7449	0
7450	0
7451	0
7452	0
7453	1
7454	0
7455	0
7456	0
7457	0
7458	1
7459	0
7460	0
7461	0
7462	0
7463	0
7464	0
7465	0
7466	1
7467	0
7468	0
7469	0
7470	3
7471	0
7472	0
7473	1
7474	0
7475	0
7476	0
7477	1
7478	0
7479	0
7480	0
7481	0
7482	0
7483	0
7484	0
7485	0
7486	0
7487	0
7488	2
7489	0
7490	0
7491	0
7492	0
7493	0
7494	1
7495	0
7496	1
7497	0
7498	0
7499	0
7500	0
7501	1
7502	0
7503	1
7504	1
7505	1
7506	0
7507	0
7508	1
7509	3
7510	1
7511	0
7512	0
7513	1
7514	0
7515	0
7516	2
7517	0
7518	0
7519	1
7520	0
7521	2
7522	0
7523	1
7524	1
7525	0
7526	1
7527	0
7528	2
7529	0
7530	0
7531	0
7532	0
7533	0
7534	0
7535	1
7536	0
7537	0
7538	0
7539	0
7540	0
7541	0
7542	0
7543	0
7544	0
7545	1
7546	0
7547	1
7548	0
7549	0
7550	1
7551	0
7552	0
7553	0
7554	0
7555	0
7556	0
7557	0
7558	0
7559	1
7560	0
7561	0
7562	0
7563	0
7564	0
7565	0
7566	0
7567	1
7568	0
7569	0
7570	0
7571	0
7572	1
7573	0
7574	0
7575	0
7576	0
7577	0
7578	0
7579	0
7580	1
7581	1
7582	0
7583	0
7584	0
7585	1
7586	0
7587	1
7588	0
7589	0
7590	0
7591	0
7592	0
7593	0
7594	0
7595	0
7596	0
7597	0
7598	0
7599	0
7600	0
7601	1
7602	0
7603	0
7604	0
7605	0
7606	0
7607	0
7608	1
7609	0
7610	1
7611	0
7612	0
7613	1
7614	0
7615	0
7616	0
7617	2
7618	0
7619	2
7620	0
7621	0
7622	0
7623	0
7624	0
7625	0
7626	0
7627	0
7628	0
7629	0
7630	1
7631	1
7632	3
7633	1
7634	0
7635	1
7636	0
7637	0
7638	0
7639	0
7640	0
7641	1
7642	0
7643	0
7644	1
7645	0
7646	0
7647	0
7648	0
7649	1
7650	0
7651	0
7652	0
7653	1
7654	2
7655	1
7656	0
7657	2
7658	0
7659	0
7660	0
7661	0
7662	0
7663	0
7664	1
7665	0
7666	0
7667	0
7668	0
7669	0
7670	1
7671	1
7672	0
7673	0
7674	0
7675	0
7676	0
7677	0
7678	0
7679	1
7680	0
7681	0
7682	0
7683	0
7684	1
7685	0
7686	0
7687	0
7688	1
7689	1
7690	0
7691	1
7692	0
7693	0
7694	0
7695	0
7696	0
7697	0
7698	0
7699	0
7700	1
7701	0
7702	0
7703	0
7704	0
7705	0
7706	0
7707	0
7708	1
7709	0
7710	1
7711	1
7712	0
7713	0
7714	0
7715	1
7716	1
7717	0
7718	0
7719	0
7720	0
7721	0
7722	0
7723	0
7724	1
7725	0
7726	1
7727	1
7728	0
7729	0
7730	0
7731	1
7732	0
7733	0
7734	0
7735	1
7736	0
7737	0
7738	0
7739	0
7740	0
7741	0
7742	0
7743	0
7744	0
7745	1
7746	0
7747	0
7748	0
7749	0
7750	1
7751	0
7752	0
7753	2
7754	1
7755	0
7756	0
7757	0
7758	1
7759	0
7760	0
7761	0
7762	0
7763	1
7764	0
7765	0
7766	1
7767	1
7768	0
7769	0
7770	0
7771	0
7772	0
7773	1
7774	0
7775	0
7776	0
7777	0
7778	0
7779	0
7780	0
7781	1
7782	0
7783	0
7784	0
7785	0
7786	0
7787	0
7788	0
7789	0
7790	0
7791	0
7792	0
7793	1
7794	0
7795	0
7796	0
7797	0
7798	1
7799	0
7800	0
7801	0
7802	1
7803	0
7804	0
7805	0
7806	0
7807	0
7808	0
7809	0
7810	1
7811	1
7812	0
7813	0
7814	0
7815	0
7816	0
7817	0
7818	0
7819	0
7820	0
7821	0
7822	0
7823	0
7824	0
7825	0
7826	0
7827	0
7828	0
7829	0
7830	0
7831	0
7832	0
7833	1
7834	0
7835	0
7836	0
7837	1
7838	0
7839	1
7840	1
7841	1
7842	0
7843	0
7844	0
7845	0
7846	0
7847	0
7848	0
7849	1
7850	2
7851	0
7852	0
7853	0
7854	0
7855	0
7856	0
7857	0
7858	1
7859	1
7860	0
7861	1
7862	1
7863	0
7864	0
7865	0
7866	1
7867	0
7868	1
7869	0
7870	1
7871	0
7872	0
7873	0
7874	1
7875	1
7876	0
7877	0
7878	1
7879	0
7880	0
7881	0
7882	0
7883	1
7884	0
7885	0
7886	0
7887	0
7888	0
7889	0
7890	0
7891	1
7892	0
7893	0
7894	1
7895	0
7896	0
7897	0
7898	0
7899	0
7900	0
7901	0
7902	0
7903	0
7904	1
7905	1
7906	0
7907	1
7908	0
7909	0
7910	0
7911	0
7912	0
7913	0
7914	0
7915	0
7916	1
7917	0
7918	1
7919	1
7920	1
7921	1
7922	1
7923	0
7924	1
7925	1
7926	0
7927	0
7928	0
7929	0
7930	0
7931	0
7932	1
7933	0
7934	1
7935	0
7936	0
7937	1
7938	0
7939	1
7940	0
7941	0
7942	0
7943	0
7944	1
7945	0
7946	1
7947	1
7948	0
7949	0
7950	0
7951	0
7952	0
7953	0
7954	2
7955	2
7956	0
7957	0
7958	0
7959	0
7960	0
7961	0
7962	1
7963	0
7964	1
7965	0
7966	1
7967	0
7968	0
7969	0
7970	0
7971	1
7972	1
7973	0
7974	1
7975	0
7976	1
7977	1
7978	0
7979	0
7980	0
7981	0
7982	0
7983	0
7984	1
7985	0
7986	0
7987	0
7988	0
7989	1
7990	0
7991	0
7992	1
7993	0
7994	0
7995	0
7996	0
7997	0
7998	0
7999	0
8000	0
8001	0
8002	0
8003	0
8004	1
8005	0
8006	1
8007	1
8008	0
8009	1
8010	1
8011	0
8012	0
8013	0
8014	0
8015	0
8016	0
8017	0
8018	1
8019	0
8020	0
8021	0
8022	1
8023	0
8024	0
8025	0
8026	0
8027	0
8028	0
8029	0
8030	1
8031	0
8032	0
8033	0
8034	1
8035	0
8036	0
8037	0
8038	1
8039	1
8040	0
8041	1
8042	1
8043	0
8044	1
8045	0
8046	2
8047	0
8048	0
8049	0
8050	0
8051	0
8052	0
8053	0
8054	0
8055	0
8056	1
8057	1
8058	0
8059	0
8060	0
8061	1
8062	0
8063	0
8064	0
8065	0
8066	0
8067	0
8068	0
8069	0
8070	0
8071	0
8072	0
8073	0
8074	0
8075	0
8076	0
8077	0
8078	0
8079	0
8080	0
8081	0
8082	0
8083	0
8084	0
8085	0
8086	0
8087	0
8088	0
8089	0
8090	0
8091	0
8092	0
8093	0
8094	0
8095	0
8096	0
8097	0
8098	0
8099	0
8100	0
8101	0
8102	0
8103	0
8104	0
8105	0
8106	0
8107	0
8108	0
8109	0
8110	0
8111	0
8112	0
8113	0
8114	0
8115	0
8116	0
8117	0
8118	0
8119	0
8120	0
8121	0
8122	0
8123	0
8124	0
8125	0
8126	0
8127	0
8128	0
8129	0
8130	0
8131	0
8132	0
8133	0
8134	0
8135	0
8136	0
8137	0
8138	0
8139	0
8140	0
8141	0
8142	0
8143	0
8144	0
8145	0
8146	0
8147	0
8148	0
8149	0
8150	0
8151	0
8152	0
8153	0
8154	0
8155	0
8156	0
8157	0
8158	0
8159	0
8160	0
8161	0
8162	0
8163	0
8164	0
8165	0
8166	0
8167	0
8168	0
8169	0
8170	0
8171	0
8172	0
8173	0
8174	0
8175	0
8176	0
8177	0
8178	0
8179	0
8180	0
8181	0
8182	0
8183	0
8184	0
8185	0
8186	0
8187	0
8188	0
8189	0
8190	0
8191	0
