-2	86400
-1	88278.4
0	0
1	0
2	0
3	0
4	0
5	0
6	0
7	0
8	0
9	0
10	0
11	0
12	0
13	0
14	0
15	0
16	0
17	0
18	0
19	0
20	0
21	0
22	0
23	0
24	0
25	0
26	0
27	0
28	0
29	0
30	0
31	0
32	0
33	0
34	0
35	0
36	0
37	0
38	0
39	0
40	0
41	0
42	0
43	0
44	0
45	0
46	5
47	3
48	0
49	21
50	108
51	152
52	170
53	203
54	211
55	229
56	262
57	239
58	289
59	244
60	261
61	219
62	246
63	240
64	239
65	255
66	242
67	254
68	242
69	247
70	250
71	231
72	250
73	295
74	262
75	279
76	237
77	254
78	269
79	210
80	247
81	263
82	242
83	228
84	229
85	235
86	258
87	244
88	232
89	220
90	250
91	237
92	256
93	240
94	239
95	234
96	217
97	298
98	260
99	273
100	295
101	291
102	256
103	264
104	271
105	264
106	281
107	292
108	294
109	266
110	284
111	292
112	305
113	302
114	305
115	314
116	353
117	303
118	304
119	329
120	340
121	346
122	378
123	316
124	339
125	356
126	367
127	360
128	398
129	373
130	366
131	381
132	373
133	382
134	364
135	382
136	393
137	387
138	409
139	367
140	372
141	414
142	422
143	396
144	429
145	402
146	420
147	419
148	456
149	417
150	446
151	427
152	404
153	430
154	473
155	455
156	495
157	507
158	461
159	427
160	424
161	451
162	439
163	438
164	464
165	472
166	401
167	418
168	455
169	448
170	433
171	455
172	448
173	453
174	461
175	495
176	447
177	508
178	459
179	459
180	481
181	469
182	408
183	430
184	450
185	468
186	431
187	431
188	453
189	471
190	494
191	477
192	431
193	490
194	498
195	448
196	447
197	471
198	468
199	455
200	450
201	483
202	445
203	453
204	486
205	460
206	426
207	456
208	458
209	482
210	444
211	449
212	458
213	466
214	425
215	436
216	434
217	448
218	425
219	437
220	436
221	475
222	422
223	453
224	470
225	436
226	377
227	435
228	431
229	429
230	396
231	428
232	442
233	463
234	448
235	394
236	402
237	435
238	423
239	429
240	403
241	417
242	376
243	414
244	438
245	471
246	368
247	422
248	394
249	390
250	446
251	403
252	422
253	421
254	392
255	415
256	382
257	398
258	402
259	404
260	425
261	410
262	397
263	406
264	361
265	436
266	381
267	377
268	368
269	383
270	387
271	386
272	372
273	366
274	401
275	397
276	372
277	366
278	371
279	369
280	332
281	349
282	344
283	365
284	384
285	357
286	318
287	338
288	357
289	344
290	331
291	360
292	328
293	348
294	316
295	330
296	336
297	332
298	378
299	352
300	319
301	358
302	342
303	298
304	323
305	303
306	321
307	324
308	339
309	290
310	320
311	313
312	320
313	310
314	303
315	294
316	329
317	305
318	308
319	271
320	286
321	327
322	274
323	316
324	309
325	278
326	267
327	304
328	307
329	295
330	301
331	269
332	288
333	301
334	281
335	282
336	290
337	274
338	303
339	274
340	253
341	269
342	272
343	292
344	299
345	238
346	251
347	299
348	267
349	274
350	269
351	265
352	280
353	292
354	258
355	245
356	255
357	261
358	275
359	255
360	258
361	251
362	267
363	258
364	243
365	265
366	245
367	265
368	220
369	259
370	254
371	230
372	230
373	265
374	250
375	235
376	261
377	268
378	246
379	266
380	288
381	229
382	236
383	210
384	229
385	224
386	243
387	224
388	258
389	250
390	234
391	248
392	225
393	230
394	225
395	215
396	242
397	214
398	239
399	217
400	245
401	227
402	192
403	242
404	222
405	207
406	221
407	247
408	234
409	218
410	202
411	227
412	239
413	235
414	224
415	198
416	226
417	220
418	236
419	183
420	203
421	199
422	218
423	214
424	230
425	217
426	198
427	199
428	219
429	241
430	200
431	207
432	198
433	196
434	204
435	184
436	210
437	208
438	199
439	156
440	179
441	185
442	200
443	217
444	200
445	198
446	202
447	208
448	207
449	182
450	196
451	186
452	172
453	209
454	196
455	175
456	211
457	182
458	189
459	201
460	180
461	197
462	207
463	219
464	182
465	191
466	195
467	199
468	209
469	181
470	175
471	163
472	196
473	191
474	177
475	183
476	193
477	193
478	209
479	214
480	177
481	166
482	184
483	183
484	174
485	166
486	178
487	191
488	183
489	179
490	176
491	148
492	176
493	164
494	176
495	161
496	161
497	163
498	171
499	160
500	190
501	195
502	177
503	167
504	184
505	151
506	172
507	172
508	163
509	174
510	181
511	145
512	178
513	185
514	188
515	168
516	172
517	167
518	193
519	167
520	152
521	160
522	165
523	159
524	166
525	183
526	195
527	159
528	165
529	149
530	158
531	168
532	173
533	170
534	140
535	153
536	168
537	167
538	157
539	154
540	135
541	164
542	162
543	164
544	161
545	153
546	155
547	146
548	172
549	155
550	151
551	143
552	167
553	171
554	147
555	135
556	156
557	160
558	144
559	146
560	151
561	168
562	196
563	231
564	300
565	361
566	343
567	304
568	234
569	171
570	173
571	158
572	143
573	168
574	123
575	139
576	149
577	147
578	149
579	130
580	140
581	126
582	155
583	148
584	156
585	136
586	112
587	134
588	135
589	138
590	143
591	145
592	161
593	157
594	146
595	139
596	141
597	153
598	135
599	112
600	129
601	140
602	136
603	127
604	116
605	132
606	114
607	138
608	121
609	129
610	130
611	126
612	130
613	144
614	131
615	143
616	149
617	116
618	131
619	118
620	132
621	124
622	120
623	129
624	131
625	125
626	168
627	162
628	120
629	134
630	110
631	137
632	128
633	142
634	134
635	138
636	137
637	111
638	128
639	128
640	122
641	116
642	153
643	114
644	154
645	176
646	166
647	156
648	152
649	128
650	133
651	117
652	128
653	120
654	115
655	113
656	116
657	136
658	118
659	129
660	130
661	125
662	109
663	126
664	130
665	118
666	109
667	123
668	125
669	128
670	116
671	118
672	157
673	157
674	207
675	186
676	135
677	117
678	126
679	118
680	113
681	132
682	139
683	124
684	106
685	104
686	112
687	120
688	137
689	108
690	120
691	122
692	101
693	111
694	105
695	118
696	114
697	120
698	114
699	96
700	124
701	118
702	111
703	110
704	120
705	121
706	121
707	114
708	102
709	112
710	103
711	99
712	109
713	99
714	97
715	100
716	115
717	112
718	124
719	118
720	82
721	97
722	112
723	100
724	120
725	98
726	111
727	109
728	112
729	102
730	101
731	119
732	94
733	91
734	110
735	126
736	106
737	106
738	99
739	109
740	106
741	118
742	116
743	124
744	114
745	109
746	105
747	109
748	107
749	112
750	115
751	129
752	109
753	90
754	103
755	103
756	105
757	93
758	91
759	107
760	112
761	109
762	116
763	96
764	101
765	107
766	106
767	100
768	100
769	118
770	121
771	85
772	92
773	112
774	115
775	105
776	96
777	98
778	93
779	95
780	109
781	102
782	103
783	100
784	91
785	95
786	107
787	106
788	98
789	92
790	110
791	113
792	104
793	77
794	86
795	76
796	90
797	82
798	110
799	105
800	93
801	105
802	109
803	115
804	99
805	100
806	89
807	114
808	95
809	109
810	99
811	113
812	88
813	98
814	90
815	100
816	94
817	82
818	79
819	98
820	110
821	90
822	79
823	87
824	100
825	90
826	92
827	94
828	78
829	84
830	97
831	84
832	87
833	86
834	98
835	86
836	101
837	92
838	77
839	103
840	85
841	78
842	83
843	99
844	85
845	99
846	85
847	91
848	94
849	99
850	118
851	80
852	103
853	91
854	97
855	84
856	97
857	93
858	79
859	82
860	93
861	87
862	71
863	78
864	90
865	91
866	86
867	93
868	100
869	94
870	100
871	94
872	80
873	76
874	99
875	103
876	77
877	80
878	96
879	101
880	88
881	104
882	71
883	96
884	82
885	85
886	103
887	94
888	80
889	83
890	91
891	88
892	77
893	69
894	79
895	63
896	84
897	77
898	101
899	78
900	82
901	67
902	72
903	75
904	82
905	71
906	65
907	79
908	91
909	70
910	82
911	84
912	79
913	81
914	85
915	60
916	69
917	79
918	85
919	66
920	80
921	70
922	76
923	85
924	74
925	67
926	85
927	78
928	82
929	80
930	87
931	84
932	83
933	70
934	98
935	86
936	89
937	110
938	85
939	78
940	69
941	55
942	83
943	77
944	73
945	97
946	89
947	81
948	70
949	82
950	90
951	74
952	98
953	93
954	62
955	75
956	73
957	77
958	85
959	70
960	65
961	69
962	63
963	79
964	68
965	91
966	94
967	68
968	68
969	73
970	79
971	66
972	81
973	86
974	84
975	69
976	75
977	64
978	71
979	61
980	83
981	72
982	72
983	56
984	73
985	75
986	80
987	67
988	91
989	68
990	81
991	73
992	66
993	84
994	64
995	58
996	67
997	68
998	64
999	66
1000	90
1001	74
1002	67
1003	87
1004	73
1005	96
1006	98
1007	128
1008	157
1009	153
1010	95
1011	57
1012	70
1013	68
1014	66
1015	75
1016	70
1017	73
1018	60
1019	70
1020	63
1021	62
1022	74
1023	71
1024	71
1025	56
1026	62
1027	60
1028	69
1029	65
1030	62
1031	60
1032	73
1033	76
1034	81
1035	76
1036	71
1037	82
1038	64
1039	67
1040	60
1041	67
1042	57
1043	67
1044	56
1045	66
1046	62
1047	63
1048	81
1049	86
1050	69
1051	77
1052	76
1053	68
1054	56
1055	68
1056	66
1057	53
1058	62
1059	63
1060	67
1061	68
1062	78
1063	78
1064	95
1065	98
1066	82
1067	83
1068	76
1069	77
1070	91
1071	104
1072	129
1073	109
1074	63
1075	76
1076	58
1077	69
1078	58
1079	55
1080	62
1081	61
1082	60
1083	58
1084	62
1085	69
1086	79
1087	55
1088	73
1089	50
1090	67
1091	54
1092	47
1093	65
1094	53
1095	53
1096	58
1097	59
1098	54
1099	61
1100	60
1101	61
1102	51
1103	72
1104	44
1105	56
1106	64
1107	55
1108	70
1109	62
1110	74
1111	59
1112	59
1113	71
1114	67
1115	58
1116	64
1117	54
1118	55
1119	68
1120	61
1121	49
1122	70
1123	56
1124	47
1125	51
1126	57
1127	47
1128	59
1129	53
1130	69
1131	49
1132	53
1133	51
1134	59
1135	58
1136	57
1137	56
1138	61
1139	62
1140	64
1141	59
1142	51
1143	62
1144	59
1145	63
1146	55
1147	63
1148	44
1149	56
1150	54
1151	54
1152	60
1153	56
1154	56
1155	68
1156	70
1157	57
1158	53
1159	48
1160	62
1161	55
1162	58
1163	59
1164	61
1165	57
1166	52
1167	56
1168	55
1169	66
1170	63
1171	42
1172	60
1173	66
1174	49
1175	49
1176	52
1177	55
1178	58
1179	56
1180	63
1181	61
1182	60
1183	60
1184	47
1185	56
1186	51
1187	54
1188	61
1189	55
1190	47
1191	59
1192	52
1193	63
1194	49
1195	60
1196	62
1197	53
1198	46
1199	45
1200	58
1201	66
1202	53
1203	55
1204	55
1205	66
1206	49
1207	55
1208	57
1209	71
1210	46
1211	44
1212	60
1213	53
1214	54
1215	53
1216	53
1217	52
1218	39
1219	47
1220	66
1221	62
1222	46
1223	59
1224	45
1225	57
1226	48
1227	52
1228	52
1229	62
1230	56
1231	61
1232	59
1233	63
1234	59
1235	67
1236	66
1237	96
1238	102
1239	115
1240	94
1241	78
1242	57
1243	60
1244	46
1245	48
1246	58
1247	52
1248	53
1249	38
1250	56
1251	58
1252	50
1253	60
1254	47
1255	58
1256	56
1257	58
1258	69
1259	66
1260	62
1261	69
1262	53
1263	65
1264	54
1265	64
1266	62
1267	57
1268	46
1269	60
1270	50
1271	53
1272	53
1273	50
1274	52
1275	47
1276	51
1277	62
1278	72
1279	71
1280	50
1281	66
1282	60
1283	53
1284	53
1285	59
1286	38
1287	69
1288	42
1289	41
1290	56
1291	46
1292	54
1293	56
1294	46
1295	58
1296	54
1297	77
1298	70
1299	53
1300	43
1301	49
1302	54
1303	52
1304	40
1305	58
1306	60
1307	62
1308	59
1309	54
1310	62
1311	57
1312	57
1313	60
1314	48
1315	57
1316	55
1317	48
1318	56
1319	72
1320	56
1321	60
1322	67
1323	57
1324	58
1325	53
1326	47
1327	44
1328	44
1329	55
1330	51
1331	56
1332	57
1333	49
1334	28
1335	57
1336	57
1337	57
1338	58
1339	65
1340	59
1341	64
1342	54
1343	45
1344	57
1345	50
1346	42
1347	63
1348	47
1349	56
1350	40
1351	60
1352	43
1353	45
1354	57
1355	54
1356	59
1357	45
1358	41
1359	50
1360	57
1361	47
1362	50
1363	52
1364	46
1365	46
1366	61
1367	69
1368	66
1369	71
1370	78
1371	59
1372	45
1373	54
1374	43
1375	45
1376	44
1377	61
1378	38
1379	63
1380	43
1381	63
1382	50
1383	39
1384	43
1385	57
1386	55
1387	43
1388	51
1389	51
1390	34
1391	41
1392	55
1393	46
1394	42
1395	41
1396	41
1397	42
1398	39
1399	57
1400	42
1401	40
1402	46
1403	46
1404	38
1405	44
1406	45
1407	24
1408	29
1409	39
1410	28
1411	39
1412	51
1413	38
1414	43
1415	50
1416	57
1417	48
1418	46
1419	40
1420	41
1421	37
1422	31
1423	40
1424	46
1425	38
1426	32
1427	33
1428	46
1429	56
1430	41
1431	38
1432	37
1433	39
1434	37
1435	36
1436	37
1437	47
1438	24
1439	40
1440	39
1441	33
1442	37
1443	44
1444	42
1445	24
1446	26
1447	32
1448	35
1449	29
1450	43
1451	49
1452	44
1453	26
1454	31
1455	45
1456	23
1457	37
1458	29
1459	29
1460	35
1461	39
1462	26
1463	28
1464	29
1465	28
1466	30
1467	41
1468	28
1469	38
1470	38
1471	33
1472	30
1473	46
1474	52
1475	36
1476	32
1477	44
1478	29
1479	28
1480	35
1481	37
1482	38
1483	33
1484	34
1485	23
1486	32
1487	33
1488	33
1489	25
1490	32
1491	27
1492	34
1493	40
1494	29
1495	32
1496	30
1497	24
1498	39
1499	36
1500	39
1501	36
1502	44
1503	21
1504	30
1505	15
1506	24
1507	39
1508	38
1509	37
1510	42
1511	36
1512	35
1513	30
1514	31
1515	27
1516	35
1517	27
1518	46
1519	34
1520	40
1521	36
1522	49
1523	56
1524	40
1525	44
1526	30
1527	37
1528	27
1529	29
1530	26
1531	25
1532	24
1533	35
1534	28
1535	37
1536	30
1537	38
1538	24
1539	40
1540	27
1541	26
1542	34
1543	45
1544	26
1545	26
1546	30
1547	24
1548	29
1549	29
1550	27
1551	33
1552	30
1553	33
1554	30
1555	52
1556	44
1557	41
1558	39
1559	35
1560	34
1561	34
1562	33
1563	27
1564	30
1565	25
1566	20
1567	21
1568	25
1569	23
1570	33
1571	27
1572	35
1573	27
1574	25
1575	22
1576	36
1577	30
1578	26
1579	28
1580	32
1581	15
1582	34
1583	31
1584	29
1585	20
1586	31
1587	27
1588	26
1589	28
1590	28
1591	33
1592	28
1593	27
1594	26
1595	24
1596	24
1597	33
1598	31
1599	39
1600	25
1601	31
1602	34
1603	25
1604	21
1605	29
1606	29
1607	18
1608	24
1609	34
1610	47
1611	109
1612	281
1613	587
1614	840
1615	907
1616	739
1617	406
1618	168
1619	56
1620	20
1621	18
1622	15
1623	20
1624	19
1625	11
1626	15
1627	14
1628	14
1629	12
1630	20
1631	22
1632	21
1633	23
1634	21
1635	20
1636	18
1637	18
1638	14
1639	25
1640	12
1641	16
1642	14
1643	11
1644	20
1645	9
1646	14
1647	13
1648	21
1649	15
1650	15
1651	20
1652	14
1653	13
1654	19
1655	22
1656	15
1657	11
1658	17
1659	23
1660	20
1661	20
1662	12
1663	16
1664	15
1665	21
1666	21
1667	27
1668	23
1669	29
1670	24
1671	27
1672	17
1673	17
1674	16
1675	22
1676	17
1677	15
1678	9
1679	16
1680	14
1681	13
1682	16
1683	21
1684	17
1685	21
1686	16
1687	8
1688	11
1689	23
1690	9
1691	16
1692	17
1693	18
1694	17
1695	13
1696	19
1697	14
1698	16
1699	14
1700	15
1701	12
1702	16
1703	17
1704	9
1705	24
1706	14
1707	18
1708	16
1709	16
1710	15
1711	27
1712	15
1713	13
1714	13
1715	17
1716	17
1717	14
1718	15
1719	22
1720	12
1721	15
1722	13
1723	16
1724	17
1725	14
1726	11
1727	13
1728	5
1729	14
1730	21
1731	20
1732	12
1733	21
1734	13
1735	18
1736	19
1737	12
1738	16
1739	15
1740	10
1741	16
1742	9
1743	15
1744	12
1745	8
1746	18
1747	24
1748	15
1749	19
1750	19
1751	19
1752	21
1753	16
1754	28
1755	40
1756	33
1757	35
1758	30
1759	22
1760	26
1761	18
1762	18
1763	20
1764	14
1765	16
1766	16
1767	15
1768	14
1769	15
1770	17
1771	21
1772	10
1773	12
1774	19
1775	19
1776	17
1777	10
1778	17
1779	13
1780	10
1781	9
1782	14
1783	14
1784	18
1785	9
1786	22
1787	8
1788	12
1789	20
1790	25
1791	19
1792	25
1793	15
1794	16
1795	18
1796	13
1797	9
1798	15
1799	13
1800	17
1801	22
1802	28
1803	17
1804	13
1805	13
1806	16
1807	15
1808	8
1809	10
1810	10
1811	14
1812	10
1813	12
1814	17
1815	17
1816	14
1817	8
1818	18
1819	3
1820	11
1821	9
1822	10
1823	12
1824	8
1825	12
1826	17
1827	7
1828	13
1829	16
1830	11
1831	18
1832	11
1833	10
1834	10
1835	22
1836	18
1837	27
1838	15
1839	11
1840	15
1841	22
1842	9
1843	14
1844	21
1845	16
1846	13
1847	12
1848	8
1849	14
1850	9
1851	9
1852	11
1853	9
1854	18
1855	8
1856	15
1857	7
1858	12
1859	20
1860	19
1861	10
1862	10
1863	10
1864	14
1865	6
1866	15
1867	16
1868	9
1869	16
1870	6
1871	12
1872	15
1873	9
1874	17
1875	10
1876	12
1877	12
1878	10
1879	9
1880	14
1881	12
1882	11
1883	6
1884	12
1885	6
1886	14
1887	11
1888	7
1889	11
1890	10
1891	9
1892	8
1893	13
1894	13
1895	9
1896	12
1897	21
1898	16
1899	10
1900	8
1901	11
1902	10
1903	8
1904	13
1905	6
1906	13
1907	7
1908	19
1909	22
1910	23
1911	22
1912	27
1913	29
1914	15
1915	8
1916	8
1917	7
1918	8
1919	7
1920	12
1921	9
1922	13
1923	7
1924	9
1925	12
1926	16
1927	13
1928	10
1929	7
1930	18
1931	12
1932	14
1933	14
1934	10
1935	11
1936	12
1937	7
1938	9
1939	10
1940	11
1941	11
1942	10
1943	16
1944	15
1945	13
1946	28
1947	17
1948	59
1949	80
1950	115
1951	89
1952	61
1953	34
1954	24
1955	15
1956	7
1957	6
1958	9
1959	10
1960	15
1961	8
1962	15
1963	8
1964	7
1965	12
1966	13
1967	12
1968	7
1969	15
1970	11
1971	10
1972	6
1973	9
1974	7
1975	16
1976	9
1977	14
1978	6
1979	8
1980	10
1981	12
1982	8
1983	12
1984	10
1985	12
1986	7
1987	11
1988	6
1989	3
1990	8
1991	6
1992	9
1993	7
1994	11
1995	10
1996	12
1997	8
1998	10
1999	9
2000	5
2001	9
2002	11
2003	12
2004	10
2005	9
2006	9
2007	7
2008	4
2009	8
2010	14
2011	12
2012	12
2013	9
2014	6
2015	12
2016	13
2017	8
2018	9
2019	14
2020	11
2021	13
2022	8
2023	11
2024	8
2025	7
2026	6
2027	14
2028	11
2029	10
2030	12
2031	17
2032	17
2033	9
2034	8
2035	10
2036	13
2037	17
2038	12
2039	18
2040	16
2041	17
2042	14
2043	22
2044	16
2045	12
2046	14
2047	9
2048	5
2049	7
2050	10
2051	8
2052	6
2053	11
2054	12
2055	11
2056	11
2057	3
2058	11
2059	10
2060	11
2061	10
2062	6
2063	8
2064	8
2065	11
2066	9
2067	9
2068	16
2069	11
2070	11
2071	13
2072	7
2073	13
2074	12
2075	10
2076	12
2077	17
2078	11
2079	10
2080	12
2081	9
2082	10
2083	6
2084	11
2085	9
2086	14
2087	6
2088	12
2089	7
2090	14
2091	9
2092	7
2093	7
2094	11
2095	7
2096	11
2097	11
2098	9
2099	7
2100	7
2101	7
2102	13
2103	8
2104	8
2105	7
2106	6
2107	10
2108	6
2109	12
2110	2
2111	11
2112	9
2113	15
2114	9
2115	11
2116	8
2117	6
2118	15
2119	8
2120	7
2121	7
2122	7
2123	9
2124	12
2125	9
2126	10
2127	5
2128	7
2129	5
2130	9
2131	11
2132	6
2133	5
2134	8
2135	5
2136	15
2137	12
2138	7
2139	13
2140	8
2141	13
2142	8
2143	6
2144	6
2145	9
2146	7
2147	9
2148	10
2149	12
2150	11
2151	10
2152	8
2153	3
2154	8
2155	12
2156	7
2157	8
2158	10
2159	10
2160	4
2161	8
2162	9
2163	9
2164	7
2165	5
2166	8
2167	6
2168	11
2169	12
2170	7
2171	9
2172	12
2173	6
2174	6
2175	9
2176	6
2177	2
2178	8
2179	8
2180	11
2181	12
2182	7
2183	6
2184	13
2185	7
2186	6
2187	4
2188	8
2189	6
2190	9
2191	7
2192	4
2193	11
2194	6
2195	10
2196	9
2197	5
2198	9
2199	12
2200	5
2201	6
2202	9
2203	12
2204	4
2205	8
2206	11
2207	12
2208	6
2209	14
2210	8
2211	10
2212	9
2213	10
2214	13
2215	11
2216	9
2217	8
2218	5
2219	6
2220	13
2221	7
2222	7
2223	10
2224	8
2225	5
2226	5
2227	4
2228	15
2229	6
2230	12
2231	6
2232	8
2233	11
2234	6
2235	8
2236	8
2237	8
2238	11
2239	7
2240	12
2241	6
2242	9
2243	7
2244	10
2245	6
2246	6
2247	9
2248	7
2249	11
2250	10
2251	12
2252	7
2253	7
2254	9
2255	12
2256	7
2257	6
2258	9
2259	10
2260	6
2261	8
2262	8
2263	6
2264	6
2265	12
2266	13
2267	6
2268	9
2269	6
2270	13
2271	10
2272	8
2273	11
2274	7
2275	8
2276	7
2277	10
2278	8
2279	7
2280	6
2281	14
2282	10
2283	3
2284	9
2285	7
2286	9
2287	8
2288	13
2289	7
2290	10
2291	7
2292	6
2293	6
2294	8
2295	4
2296	7
2297	7
2298	12
2299	6
2300	11
2301	5
2302	13
2303	9
2304	7
2305	10
2306	6
2307	5
2308	7
2309	7
2310	7
2311	8
2312	9
2313	7
2314	11
2315	6
2316	11
2317	9
2318	9
2319	8
2320	16
2321	21
2322	17
2323	42
2324	45
2325	35
2326	25
2327	20
2328	16
2329	12
2330	6
2331	9
2332	12
2333	7
2334	8
2335	10
2336	10
2337	8
2338	9
2339	15
2340	8
2341	17
2342	8
2343	16
2344	6
2345	3
2346	8
2347	5
2348	8
2349	6
2350	9
2351	9
2352	10
2353	13
2354	8
2355	6
2356	7
2357	8
2358	14
2359	5
2360	6
2361	12
2362	5
2363	12
2364	7
2365	13
2366	4
2367	7
2368	5
2369	5
2370	7
2371	13
2372	16
2373	6
2374	4
2375	6
2376	4
2377	9
2378	12
2379	7
2380	4
2381	7
2382	4
2383	5
2384	9
2385	10
2386	6
2387	6
2388	7
2389	9
2390	7
2391	8
2392	9
2393	11
2394	9
2395	11
2396	8
2397	5
2398	11
2399	3
2400	7
2401	5
2402	9
2403	8
2404	9
2405	11
2406	13
2407	11
2408	10
2409	6
2410	8
2411	7
2412	7
2413	10
2414	6
2415	7
2416	14
2417	13
2418	9
2419	8
2420	7
2421	11
2422	12
2423	15
2424	11
2425	9
2426	5
2427	8
2428	6
2429	8
2430	9
2431	8
2432	11
2433	11
2434	30
2435	39
2436	39
2437	32
2438	25
2439	10
2440	7
2441	7
2442	9
2443	3
2444	10
2445	8
2446	3
2447	6
2448	6
2449	8
2450	8
2451	9
2452	13
2453	10
2454	9
2455	8
2456	9
2457	9
2458	11
2459	6
2460	10
2461	9
2462	11
2463	7
2464	7
2465	12
2466	8
2467	7
2468	9
2469	4
2470	6
2471	5
2472	3
2473	6
2474	9
2475	10
2476	9
2477	12
2478	5
2479	7
2480	5
2481	18
2482	10
2483	7
2484	12
2485	10
2486	5
2487	9
2488	11
2489	5
2490	4
2491	6
2492	2
2493	4
2494	9
2495	7
2496	3
2497	11
2498	6
2499	5
2500	6
2501	6
2502	6
2503	7
2504	7
2505	8
2506	10
2507	6
2508	10
2509	11
2510	7
2511	11
2512	12
2513	6
2514	7
2515	13
2516	11
2517	7
2518	6
2519	7
2520	6
2521	14
2522	4
2523	4
2524	6
2525	10
2526	6
2527	9
2528	8
2529	6
2530	9
2531	10
2532	9
2533	8
2534	4
2535	12
2536	11
2537	9
2538	7
2539	3
2540	7
2541	9
2542	13
2543	6
2544	19
2545	5
2546	8
2547	10
2548	18
2549	10
2550	9
2551	7
2552	7
2553	9
2554	8
2555	8
2556	7
2557	12
2558	13
2559	9
2560	6
2561	6
2562	10
2563	5
2564	12
2565	10
2566	7
2567	5
2568	12
2569	12
2570	11
2571	9
2572	6
2573	11
2574	7
2575	6
2576	3
2577	4
2578	7
2579	6
2580	9
2581	12
2582	5
2583	8
2584	10
2585	7
2586	9
2587	13
2588	9
2589	7
2590	18
2591	9
2592	13
2593	9
2594	9
2595	9
2596	6
2597	11
2598	5
2599	16
2600	9
2601	8
2602	14
2603	10
2604	9
2605	4
2606	9
2607	13
2608	6
2609	12
2610	9
2611	12
2612	11
2613	6
2614	9
2615	6
2616	7
2617	10
2618	10
2619	8
2620	11
2621	10
2622	11
2623	4
2624	8
2625	5
2626	10
2627	8
2628	3
2629	10
2630	6
2631	17
2632	11
2633	4
2634	9
2635	6
2636	6
2637	8
2638	6
2639	6
2640	8
2641	7
2642	5
2643	5
2644	5
2645	7
2646	4
2647	5
2648	8
2649	5
2650	4
2651	5
2652	8
2653	9
2654	6
2655	8
2656	4
2657	11
2658	2
2659	5
2660	8
2661	8
2662	6
2663	9
2664	2
2665	5
2666	5
2667	4
2668	12
2669	14
2670	5
2671	3
2672	12
2673	3
2674	5
2675	4
2676	8
2677	7
2678	8
2679	8
2680	9
2681	6
2682	7
2683	7
2684	8
2685	4
2686	6
2687	6
2688	5
2689	3
2690	5
2691	11
2692	4
2693	13
2694	10
2695	4
2696	6
2697	7
2698	10
2699	7
2700	10
2701	10
2702	12
2703	21
2704	13
2705	16
2706	11
2707	9
2708	11
2709	8
2710	3
2711	5
2712	4
2713	6
2714	7
2715	3
2716	1
2717	4
2718	6
2719	4
2720	3
2721	4
2722	4
2723	4
2724	5
2725	3
2726	3
2727	3
2728	5
2729	5
2730	8
2731	2
2732	6
2733	3
2734	4
2735	2
2736	4
2737	5
2738	5
2739	3
2740	8
2741	7
2742	3
2743	4
2744	4
2745	4
2746	6
2747	1
2748	4
2749	2
2750	1
2751	5
2752	3
2753	5
2754	0
2755	3
2756	4
2757	4
2758	4
2759	1
2760	4
2761	5
2762	2
2763	3
2764	3
2765	3
2766	1
2767	4
2768	5
2769	5
2770	3
2771	2
2772	4
2773	8
2774	0
2775	2
2776	2
2777	5
2778	6
2779	3
2780	5
2781	5
2782	3
2783	4
2784	2
2785	1
2786	3
2787	7
2788	1
2789	6
2790	3
2791	2
2792	1
2793	1
2794	2
2795	2
2796	6
2797	8
2798	6
2799	5
2800	5
2801	4
2802	2
2803	5
2804	3
2805	4
2806	5
2807	5
2808	3
2809	2
2810	3
2811	4
2812	4
2813	2
2814	5
2815	2
2816	3
2817	2
2818	5
2819	2
2820	2
2821	2
2822	1
2823	2
2824	6
2825	3
2826	1
2827	3
2828	6
2829	2
2830	5
2831	4
2832	3
2833	4
2834	2
2835	2
2836	4
2837	2
2838	0
2839	3
2840	4
2841	1
2842	0
2843	1
2844	2
2845	4
2846	1
2847	1
2848	1
2849	1
2850	1
2851	0
2852	2
2853	2
2854	3
2855	4
2856	7
2857	1
2858	2
2859	0
2860	2
2861	1
2862	2
2863	5
2864	3
2865	4
2866	1
2867	4
2868	2
2869	3
2870	5
2871	4
2872	3
2873	3
2874	2
2875	3
2876	1
2877	1
2878	3
2879	2
2880	3
2881	1
2882	5
2883	17
2884	29
2885	64
2886	136
2887	180
2888	248
2889	259
2890	248
2891	190
2892	96
2893	31
2894	17
2895	12
2896	1
2897	0
2898	0
2899	0
2900	1
2901	1
2902	0
2903	0
2904	0
2905	1
2906	1
2907	1
2908	1
2909	0
2910	0
2911	2
2912	0
2913	1
2914	0
2915	0
2916	1
2917	0
2918	0
2919	0
2920	0
2921	1
2922	0
2923	3
2924	0
2925	1
2926	1
2927	2
2928	0
2929	2
2930	1
2931	2
2932	0
2933	1
2934	2
2935	3
2936	2
2937	0
2938	1
2939	1
2940	1
2941	0
2942	1
2943	1
2944	0
2945	0
2946	1
2947	0
2948	1
2949	0
2950	2
2951	0
2952	0
2953	0
2954	0
2955	2
2956	0
2957	1
2958	0
2959	1
2960	0
2961	1
2962	2
2963	0
2964	3
2965	2
2966	2
2967	0
2968	0
2969	0
2970	1
2971	0
2972	0
2973	0
2974	1
2975	0
2976	0
2977	1
2978	1
2979	0
2980	0
2981	1
2982	0
2983	0
2984	0
2985	0
2986	0
2987	0
2988	1
2989	1
2990	1
2991	0
2992	0
2993	0
2994	1
2995	0
2996	1
2997	0
2998	0
2999	1
3000	0
3001	1
3002	0
3003	2
3004	2
3005	0
3006	0
3007	1
3008	0
3009	0
3010	2
3011	3
3012	1
3013	0
3014	1
3015	1
3016	2
3017	1
3018	1
3019	1
3020	1
3021	1
3022	0
3023	1
3024	0
3025	1
3026	1
3027	0
3028	1
3029	1
3030	1
3031	0
3032	3
3033	2
3034	0
3035	1
3036	2
3037	0
3038	2
3039	2
3040	1
3041	2
3042	0
3043	0
3044	1
3045	1
3046	1
3047	0
3048	0
3049	0
3050	0
3051	0
3052	4
3053	0
3054	2
3055	1
3056	0
3057	1
3058	1
3059	0
3060	0
3061	2
3062	0
3063	1
3064	1
3065	1
3066	1
3067	1
3068	0
3069	0
3070	1
3071	1
3072	2
3073	1
3074	0
3075	3
3076	0
3077	0
3078	1
3079	0
3080	3
3081	0
3082	1
3083	0
3084	2
3085	1
3086	1
3087	1
3088	0
3089	2
3090	1
3091	1
3092	0
3093	1
3094	0
3095	2
3096	1
3097	1
3098	1
3099	0
3100	0
3101	1
3102	0
3103	1
3104	0
3105	1
3106	3
3107	2
3108	1
3109	0
3110	1
3111	2
3112	1
3113	1
3114	0
3115	3
3116	0
3117	1
3118	0
3119	1
3120	0
3121	0
3122	2
3123	0
3124	1
3125	2
3126	0
3127	0
3128	2
3129	1
3130	1
3131	0
3132	1
3133	0
3134	0
3135	2
3136	1
3137	1
3138	1
3139	1
3140	1
3141	0
3142	1
3143	0
3144	0
3145	1
3146	0
3147	0
3148	1
3149	1
3150	0
3151	2
3152	1
3153	0
3154	1
3155	0
3156	1
3157	0
3158	1
3159	0
3160	0
3161	1
3162	2
3163	0
3164	1
3165	3
3166	1
3167	1
3168	0
3169	2
3170	0
3171	2
3172	0
3173	2
3174	0
3175	1
3176	1
3177	1
3178	0
3179	0
3180	0
3181	3
3182	1
3183	1
3184	1
3185	0
3186	0
3187	1
3188	0
3189	1
3190	1
3191	0
3192	0
3193	1
3194	2
3195	0
3196	1
3197	1
3198	0
3199	0
3200	0
3201	1
3202	1
3203	0
3204	1
3205	0
3206	1
3207	0
3208	4
3209	0
3210	1
3211	0
3212	1
3213	0
3214	5
3215	0
3216	0
3217	0
3218	0
3219	0
3220	0
3221	0
3222	0
3223	0
3224	1
3225	1
3226	1
3227	1
3228	1
3229	1
3230	0
3231	0
3232	2
3233	1
3234	2
3235	1
3236	2
3237	1
3238	1
3239	0
3240	1
3241	0
3242	2
3243	1
3244	1
3245	3
3246	0
3247	2
3248	1
3249	0
3250	1
3251	0
3252	0
3253	2
3254	2
3255	3
3256	0
3257	0
3258	0
3259	0
3260	1
3261	0
3262	1
3263	0
3264	0
3265	0
3266	0
3267	2
3268	0
3269	0
3270	0
3271	1
3272	2
3273	0
3274	1
3275	1
3276	0
3277	0
3278	1
3279	0
3280	1
3281	0
3282	1
3283	0
3284	1
3285	1
3286	1
3287	0
3288	0
3289	0
3290	0
3291	0
3292	2
3293	0
3294	0
3295	2
3296	0
3297	0
3298	0
3299	0
3300	1
3301	1
3302	1
3303	2
3304	0
3305	1
3306	0
3307	0
3308	3
3309	0
3310	0
3311	2
3312	0
3313	0
3314	0
3315	0
3316	1
3317	2
3318	0
3319	1
3320	0
3321	0
3322	1
3323	0
3324	1
3325	0
3326	1
3327	1
3328	0
3329	1
3330	1
3331	0
3332	2
3333	3
3334	1
3335	2
3336	0
3337	0
3338	0
3339	0
3340	0
3341	2
3342	1
3343	2
3344	1
3345	0
3346	0
3347	1
3348	1
3349	1
3350	2
3351	0
3352	1
3353	1
3354	0
3355	2
3356	2
3357	1
3358	0
3359	1
3360	1
3361	0
3362	1
3363	0
3364	0
3365	0
3366	1
3367	0
3368	1
3369	1
3370	1
3371	0
3372	0
3373	0
3374	0
3375	1
3376	1
3377	1
3378	1
3379	1
3380	0
3381	0
3382	1
3383	1
3384	1
3385	0
3386	0
3387	1
3388	0
3389	0
3390	1
3391	2
3392	1
3393	1
3394	0
3395	1
3396	1
3397	1
3398	1
3399	1
3400	0
3401	0
3402	1
3403	3
3404	0
3405	1
3406	2
3407	0
3408	1
3409	0
3410	0
3411	0
3412	1
3413	1
3414	1
3415	1
3416	2
3417	1
3418	1
3419	0
3420	1
3421	0
3422	1
3423	0
3424	0
3425	0
3426	0
3427	1
3428	1
3429	0
3430	0
3431	0
3432	1
3433	1
3434	2
3435	0
3436	3
3437	0
3438	2
3439	0
3440	2
3441	0
3442	0
3443	0
3444	1
3445	0
3446	0
3447	0
3448	1
3449	1
3450	2
3451	0
3452	0
3453	1
3454	1
3455	0
3456	0
3457	2
3458	1
3459	1
3460	0
3461	0
3462	0
3463	0
3464	1
3465	0
3466	1
3467	1
3468	0
3469	0
3470	3
3471	0
3472	0
3473	1
3474	2
3475	0
3476	1
3477	0
3478	1
3479	0
3480	2
3481	0
3482	0
3483	1
3484	1
3485	1
3486	0
3487	0
3488	0
3489	0
3490	0
3491	1
3492	1
3493	0
3494	2
3495	0
3496	0
3497	1
3498	0
3499	0
3500	2
3501	0
3502	0
3503	2
3504	0
3505	0
3506	2
3507	0
3508	1
3509	0
3510	0
3511	0
3512	0
3513	1
3514	1
3515	1
3516	0
3517	2
3518	1
3519	0
3520	4
3521	1
3522	0
3523	1
3524	0
3525	1
3526	1
3527	1
3528	1
3529	0
3530	0
3531	1
3532	1
3533	2
3534	1
3535	0
3536	0
3537	1
3538	2
3539	0
3540	2
3541	0
3542	1
3543	1
3544	0
3545	1
3546	1
3547	0
3548	0
3549	0
3550	0
3551	0
3552	0
3553	0
3554	1
3555	1
3556	1
3557	2
3558	0
3559	0
3560	1
3561	0
3562	0
3563	2
3564	0
3565	0
3566	0
3567	1
3568	1
3569	0
3570	0
3571	3
3572	0
3573	1
3574	1
3575	1
3576	0
3577	1
3578	1
3579	1
3580	1
3581	1
3582	0
3583	1
3584	0
3585	1
3586	0
3587	1
3588	1
3589	0
3590	0
3591	0
3592	0
3593	0
3594	1
3595	0
3596	0
3597	2
3598	0
3599	0
3600	0
3601	2
3602	0
3603	0
3604	0
3605	1
3606	0
3607	1
3608	2
3609	0
3610	4
3611	1
3612	0
3613	1
3614	0
3615	0
3616	0
3617	0
3618	0
3619	0
3620	0
3621	0
3622	1
3623	2
3624	1
3625	0
3626	0
3627	2
3628	1
3629	2
3630	0
3631	1
3632	2
3633	1
3634	0
3635	0
3636	2
3637	2
3638	1
3639	0
3640	0
3641	2
3642	1
3643	0
3644	0
3645	3
3646	2
3647	0
3648	0
3649	2
3650	1
3651	1
3652	0
3653	0
3654	0
3655	5
3656	0
3657	0
3658	1
3659	2
3660	0
3661	0
3662	0
3663	1
3664	2
3665	1
3666	0
3667	2
3668	2
3669	0
3670	2
3671	1
3672	0
3673	0
3674	0
3675	0
3676	1
3677	1
3678	1
3679	0
3680	1
3681	0
3682	1
3683	1
3684	0
3685	0
3686	1
3687	0
3688	0
3689	0
3690	0
3691	0
3692	0
3693	0
3694	0
3695	0
3696	1
3697	1
3698	0
3699	1
3700	0
3701	1
3702	0
3703	1
3704	0
3705	0
3706	0
3707	0
3708	0
3709	1
3710	0
3711	1
3712	0
3713	1
3714	0
3715	0
3716	0
3717	0
3718	0
3719	0
3720	0
3721	1
3722	0
3723	0
3724	0
3725	1
3726	0
3727	0
3728	1
3729	0
3730	1
3731	0
3732	0
3733	1
3734	1
3735	0
3736	0
3737	0
3738	2
3739	1
3740	1
3741	1
3742	0
3743	0
3744	1
3745	0
3746	0
3747	1
3748	2
3749	1
3750	1
3751	0
3752	1
3753	2
3754	0
3755	0
3756	0
3757	1
3758	0
3759	0
3760	0
3761	2
3762	1
3763	1
3764	0
3765	0
3766	1
3767	2
3768	0
3769	2
3770	1
3771	0
3772	0
3773	2
3774	1
3775	1
3776	1
3777	0
3778	1
3779	1
3780	1
3781	2
3782	1
3783	2
3784	0
3785	0
3786	0
3787	0
3788	0
3789	0
3790	0
3791	0
3792	0
3793	1
3794	1
3795	2
3796	0
3797	0
3798	0
3799	0
3800	0
3801	0
3802	0
3803	0
3804	0
3805	1
3806	1
3807	0
3808	2
3809	0
3810	0
3811	1
3812	0
3813	0
3814	1
3815	1
3816	0
3817	2
3818	0
3819	0
3820	1
3821	0
3822	1
3823	3
3824	0
3825	1
3826	1
3827	0
3828	1
3829	0
3830	1
3831	1
3832	0
3833	0
3834	2
3835	0
3836	4
3837	1
3838	0
3839	1
3840	0
3841	0
3842	2
3843	0
3844	0
3845	0
3846	0
3847	0
3848	0
3849	0
3850	2
3851	2
3852	1
3853	2
3854	0
3855	0
3856	0
3857	1
3858	0
3859	1
3860	1
3861	0
3862	0
3863	0
3864	0
3865	0
3866	3
3867	2
3868	0
3869	0
3870	0
3871	1
3872	2
3873	0
3874	1
3875	1
3876	0
3877	1
3878	1
3879	0
3880	0
3881	0
3882	1
3883	0
3884	0
3885	0
3886	1
3887	3
3888	1
3889	0
3890	2
3891	1
3892	1
3893	1
3894	2
3895	1
3896	0
3897	0
3898	2
3899	0
3900	1
3901	0
3902	0
3903	0
3904	0
3905	0
3906	1
3907	1
3908	2
3909	1
3910	1
3911	0
3912	0
3913	1
3914	0
3915	0
3916	1
3917	0
3918	0
3919	0
3920	1
3921	2
3922	0
3923	1
3924	1
3925	2
3926	2
3927	0
3928	0
3929	0
3930	0
3931	0
3932	0
3933	0
3934	2
3935	0
3936	0
3937	1
3938	0
3939	1
3940	1
3941	0
3942	1
3943	0
3944	0
3945	0
3946	3
3947	0
3948	0
3949	1
3950	0
3951	1
3952	0
3953	0
3954	1
3955	2
3956	0
3957	0
3958	0
3959	0
3960	0
3961	0
3962	0
3963	1
3964	1
3965	3
3966	0
3967	1
3968	0
3969	0
3970	1
3971	1
3972	1
3973	3
3974	0
3975	0
3976	1
3977	0
3978	0
3979	1
3980	0
3981	0
3982	0
3983	1
3984	0
3985	2
3986	0
3987	1
3988	1
3989	1
3990	1
3991	1
3992	0
3993	2
3994	1
3995	2
3996	0
3997	0
3998	0
3999	1
4000	0
4001	0
4002	0
4003	0
4004	0
4005	0
4006	1
4007	0
4008	0
4009	3
4010	1
4011	1
4012	0
4013	0
4014	1
4015	0
4016	0
4017	0
4018	0
4019	1
4020	1
4021	0
4022	0
4023	0
4024	0
4025	2
4026	1
4027	2
4028	0
4029	1
4030	1
4031	0
4032	2
4033	1
4034	1
4035	0
4036	1
4037	0
4038	0
4039	0
4040	0
4041	0
4042	1
4043	0
4044	1
4045	1
4046	2
4047	1
4048	1
4049	0
4050	2
4051	0
4052	0
4053	0
4054	1
4055	3
4056	1
4057	1
4058	0
4059	0
4060	0
4061	2
4062	0
4063	0
4064	1
4065	0
4066	1
4067	0
4068	0
4069	2
4070	0
4071	2
4072	0
4073	0
4074	0
4075	1
4076	1
4077	1
4078	0
4079	1
4080	1
4081	2
4082	0
4083	1
4084	0
4085	3
4086	0
4087	1
4088	0
4089	1
4090	0
4091	0
4092	0
4093	1
4094	0
4095	1
4096	1
4097	0
4098	0
4099	1
4100	0
4101	1
4102	0
4103	1
4104	0
4105	0
4106	0
4107	1
4108	0
4109	0
4110	0
4111	0
4112	0
4113	1
4114	0
4115	0
4116	0
4117	0
4118	1
4119	1
4120	0
4121	1
4122	0
4123	1
4124	2
4125	0
4126	0
4127	0
4128	1
4129	1
4130	1
4131	0
4132	0
4133	1
4134	1
4135	1
4136	0
4137	2
4138	0
4139	0
4140	0
4141	0
4142	0
4143	0
4144	2
4145	2
4146	1
4147	1
4148	0
4149	1
4150	0
4151	0
4152	0
4153	0
4154	2
4155	1
4156	1
4157	1
4158	0
4159	2
4160	0
4161	1
4162	1
4163	0
4164	0
4165	2
4166	0
4167	1
4168	0
4169	2
4170	0
4171	0
4172	2
4173	1
4174	1
4175	1
4176	1
4177	0
4178	0
4179	0
4180	0
4181	0
4182	1
4183	1
4184	1
4185	0
4186	2
4187	0
4188	1
4189	0
4190	0
4191	1
4192	0
4193	0
4194	1
4195	0
4196	0
4197	0
4198	2
4199	1
4200	0
4201	1
4202	1
4203	1
4204	0
4205	0
4206	1
4207	0
4208	0
4209	0
4210	0
4211	2
4212	0
4213	0
4214	0
4215	1
4216	1
4217	0
4218	0
4219	0
4220	0
4221	0
4222	1
4223	0
4224	0
4225	0
4226	0
4227	0
4228	0
4229	0
4230	0
4231	0
4232	0
4233	1
4234	0
4235	0
4236	0
4237	0
4238	0
4239	0
4240	1
4241	0
4242	0
4243	0
4244	0
4245	0
4246	0
4247	1
4248	0
4249	2
4250	1
4251	0
4252	2
4253	0
4254	0
4255	0
4256	0
4257	1
4258	0
4259	0
4260	0
4261	0
4262	1
4263	1
4264	0
4265	0
4266	1
4267	0
4268	0
4269	0
4270	0
4271	0
4272	1
4273	0
4274	0
4275	0
4276	1
4277	1
4278	0
4279	0
4280	0
4281	0
4282	0
4283	1
4284	0
4285	1
4286	1
4287	0
4288	0
4289	1
4290	0
4291	1
4292	1
4293	0
4294	0
4295	0
4296	0
4297	0
4298	1
4299	0
4300	0
4301	1
4302	0
4303	1
4304	1
4305	0
4306	0
4307	0
4308	1
4309	0
4310	2
4311	3
4312	2
4313	0
4314	2
4315	1
4316	1
4317	1
4318	1
4319	0
4320	0
4321	0
4322	3
4323	0
4324	0
4325	0
4326	2
4327	1
4328	3
4329	1
4330	1
4331	0
4332	0
4333	0
4334	1
4335	0
4336	2
4337	3
4338	1
4339	1
4340	1
4341	0
4342	0
4343	0
4344	0
4345	0
4346	1
4347	2
4348	0
4349	2
4350	0
4351	0
4352	0
4353	0
4354	0
4355	1
4356	0
4357	2
4358	1
4359	0
4360	0
4361	0
4362	0
4363	1
4364	0
4365	0
4366	1
4367	2
4368	0
4369	0
4370	0
4371	2
4372	0
4373	0
4374	0
4375	1
4376	0
4377	2
4378	1
4379	1
4380	0
4381	0
4382	1
4383	1
4384	1
4385	1
4386	0
4387	0
4388	0
4389	0
4390	1
4391	0
4392	0
4393	0
4394	1
4395	0
4396	0
4397	0
4398	0
4399	0
4400	0
4401	0
4402	0
4403	0
4404	0
4405	0
4406	0
4407	0
4408	0
4409	0
4410	1
4411	0
4412	1
4413	0
4414	2
4415	0
4416	2
4417	2
4418	0
4419	1
4420	0
4421	1
4422	0
4423	2
4424	0
4425	0
4426	0
4427	1
4428	0
4429	0
4430	0
4431	0
4432	0
4433	0
4434	1
4435	0
4436	0
4437	0
4438	2
4439	0
4440	1
4441	0
4442	2
4443	0
4444	1
4445	1
4446	0
4447	0
4448	0
4449	1
4450	0
4451	0
4452	1
4453	0
4454	0
4455	0
4456	0
4457	0
4458	0
4459	0
4460	0
4461	1
4462	0
4463	0
4464	0
4465	0
4466	0
4467	0
4468	0
4469	0
4470	1
4471	0
4472	1
4473	0
4474	0
4475	0
4476	0
4477	1
4478	0
4479	0
4480	0
4481	0
4482	0
4483	1
4484	1
4485	0
4486	3
4487	0
4488	0
4489	1
4490	0
4491	0
4492	0
4493	0
4494	0
4495	0
4496	1
4497	0
4498	0
4499	0
4500	1
4501	0
4502	0
4503	1
4504	0
4505	0
4506	0
4507	3
4508	2
4509	2
4510	1
4511	1
4512	1
4513	1
4514	1
4515	0
4516	1
4517	0
4518	0
4519	0
4520	2
4521	0
4522	2
4523	0
4524	1
4525	1
4526	0
4527	0
4528	2
4529	1
4530	0
4531	1
4532	0
4533	2
4534	0
4535	0
4536	0
4537	0
4538	0
4539	0
4540	2
4541	1
4542	1
4543	0
4544	0
4545	0
4546	1
4547	0
4548	0
4549	0
4550	2
4551	1
4552	0
4553	0
4554	0
4555	0
4556	0
4557	0
4558	0
4559	0
4560	0
4561	0
4562	0
4563	0
4564	2
4565	0
4566	0
4567	0
4568	0
4569	0
4570	1
4571	0
4572	1
4573	0
4574	0
4575	0
4576	0
4577	0
4578	0
4579	0
4580	2
4581	0
4582	0
4583	1
4584	1
4585	1
4586	0
4587	0
4588	1
4589	3
4590	0
4591	1
4592	1
4593	1
4594	1
4595	0
4596	2
4597	2
4598	1
4599	0
4600	0
4601	1
4602	0
4603	0
4604	0
4605	0
4606	0
4607	0
4608	0
4609	0
4610	1
4611	3
4612	0
4613	0
4614	1
4615	1
4616	0
4617	0
4618	0
4619	0
4620	1
4621	0
4622	0
4623	0
4624	1
4625	2
4626	0
4627	0
4628	1
4629	0
4630	0
4631	0
4632	1
4633	1
4634	0
4635	0
4636	0
4637	0
4638	1
4639	0
4640	1
4641	0
4642	1
4643	1
4644	1
4645	2
4646	1
4647	0
4648	0
4649	0
4650	0
4651	1
4652	1
4653	0
4654	0
4655	0
4656	0
4657	0
4658	1
4659	0
4660	0
4661	1
4662	0
4663	1
4664	0
4665	1
4666	1
4667	0
4668	1
4669	0
4670	1
4671	1
4672	1
4673	1
4674	0
4675	1
4676	0
4677	0
4678	1
4679	1
4680	0
4681	0
4682	0
4683	0
4684	1
4685	0
4686	2
4687	0
4688	0
4689	1
4690	0
4691	0
4692	0
4693	1
4694	1
4695	0
4696	0
4697	1
4698	0
4699	0
4700	1
4701	0
4702	1
4703	0
4704	0
4705	0
4706	1
4707	0
4708	0
4709	2
4710	1
4711	0
4712	0
4713	1
4714	0
4715	0
4716	3
4717	1
4718	0
4719	1
4720	0
4721	0
4722	0
4723	2
4724	0
4725	1
4726	0
4727	0
4728	0
4729	0
4730	0
4731	1
4732	1
4733	1
4734	0
4735	0
4736	0
4737	0
4738	0
4739	1
4740	0
4741	0
4742	1
4743	1
4744	0
4745	0
4746	0
4747	2
4748	1
4749	2
4750	1
4751	0
4752	1
4753	0
4754	0
4755	1
4756	0
4757	0
4758	0
4759	0
4760	0
4761	0
4762	2
4763	0
4764	1
4765	1
4766	0
4767	0
4768	1
4769	0
4770	1
4771	0
4772	1
4773	0
4774	0
4775	0
4776	1
4777	1
4778	0
4779	1
4780	1
4781	0
4782	0
4783	1
4784	0
4785	0
4786	0
4787	0
4788	0
4789	0
4790	0
4791	1
4792	0
4793	2
4794	0
4795	0
4796	0
4797	1
4798	2
4799	2
4800	0
4801	0
4802	0
4803	0
4804	0
4805	1
4806	3
4807	2
4808	0
4809	0
4810	0
4811	1
4812	0
4813	0
4814	1
4815	0
4816	1
4817	1
4818	2
4819	0
4820	0
4821	1
4822	2
4823	0
4824	2
4825	1
4826	0
4827	0
4828	1
4829	0
4830	1
4831	1
4832	0
4833	1
4834	0
4835	0
4836	0
4837	1
4838	0
4839	0
4840	1
4841	0
4842	0
4843	0
4844	1
4845	0
4846	0
4847	1
4848	0
4849	0
4850	0
4851	0
4852	0
4853	0
4854	1
4855	0
4856	1
4857	0
4858	0
4859	1
4860	1
4861	0
4862	0
4863	2
4864	0
4865	0
4866	1
4867	0
4868	0
4869	2
4870	0
4871	0
4872	1
4873	1
4874	1
4875	0
4876	2
4877	0
4878	1
4879	0
4880	0
4881	1
4882	1
4883	0
4884	1
4885	0
4886	2
4887	0
4888	1
4889	0
4890	0
4891	0
4892	0
4893	1
4894	0
4895	0
4896	0
4897	0
4898	0
4899	1
4900	0
4901	0
4902	0
4903	0
4904	0
4905	0
4906	1
4907	0
4908	1
4909	2
4910	0
4911	0
4912	0
4913	0
4914	1
4915	0
4916	2
4917	0
4918	1
4919	0
4920	0
4921	1
4922	0
4923	1
4924	1
4925	1
4926	0
4927	1
4928	0
4929	0
4930	2
4931	0
4932	0
4933	0
4934	0
4935	1
4936	1
4937	1
4938	1
4939	0
4940	0
4941	2
4942	2
4943	0
4944	0
4945	2
4946	2
4947	0
4948	0
4949	0
4950	0
4951	0
4952	0
4953	0
4954	0
4955	1
4956	0
4957	0
4958	1
4959	0
4960	1
4961	0
4962	2
4963	0
4964	2
4965	1
4966	0
4967	0
4968	0
4969	0
4970	1
4971	0
4972	1
4973	0
4974	0
4975	0
4976	0
4977	0
4978	0
4979	1
4980	0
4981	0
4982	0
4983	3
4984	0
4985	0
4986	0
4987	1
4988	0
4989	1
4990	0
4991	1
4992	0
4993	0
4994	0
4995	1
4996	0
4997	1
4998	0
4999	0
5000	1
5001	0
5002	0
5003	1
5004	0
5005	1
5006	1
5007	0
5008	1
5009	0
5010	0
5011	0
5012	0
5013	1
5014	1
5015	1
5016	0
5017	1
5018	0
5019	0
5020	0
5021	0
5022	1
5023	0
5024	1
5025	0
5026	0
5027	0
5028	0
5029	0
5030	0
5031	1
5032	0
5033	0
5034	1
5035	0
5036	0
5037	1
5038	2
5039	0
5040	0
5041	1
5042	2
5043	0
5044	0
5045	0
5046	0
5047	0
5048	0
5049	0
5050	0
5051	0
5052	0
5053	0
5054	0
5055	1
5056	0
5057	0
5058	1
5059	0
5060	0
5061	0
5062	0
5063	2
5064	0
5065	1
5066	0
5067	0
5068	1
5069	0
5070	0
5071	1
5072	0
5073	1
5074	2
5075	1
5076	1
5077	0
5078	0
5079	2
5080	1
5081	0
5082	0
5083	0
5084	0
5085	0
5086	0
5087	0
5088	0
5089	0
5090	3
5091	0
5092	1
5093	0
5094	0
5095	2
5096	0
5097	0
5098	0
5099	0
5100	1
5101	0
5102	0
5103	1
5104	1
5105	0
5106	1
5107	1
5108	0
5109	0
5110	0
5111	2
5112	0
5113	0
5114	0
5115	0
5116	1
5117	1
5118	0
5119	0
5120	0
5121	0
5122	0
5123	0
5124	1
5125	0
5126	0
5127	1
5128	0
5129	0
5130	0
5131	1
5132	0
5133	0
5134	1
5135	0
5136	0
5137	1
5138	0
5139	0
5140	0
5141	0
5142	1
5143	0
5144	0
5145	0
5146	0
5147	1
5148	1
5149	0
5150	0
5151	0
5152	0
5153	0
5154	1
5155	0
5156	0
5157	0
5158	0
5159	0
5160	0
5161	1
5162	0
5163	0
5164	0
5165	3
5166	0
5167	0
5168	0
5169	0
5170	0
5171	0
5172	0
5173	0
5174	2
5175	0
5176	1
5177	0
5178	0
5179	0
5180	1
5181	0
5182	1
5183	0
5184	0
5185	0
5186	0
5187	1
5188	0
5189	0
5190	1
5191	0
5192	0
5193	0
5194	0
5195	0
5196	0
5197	0
5198	1
5199	0
5200	0
5201	0
5202	2
5203	0
5204	2
5205	0
5206	0
5207	0
5208	0
5209	0
5210	2
5211	0
5212	1
5213	0
5214	0
5215	1
5216	0
5217	0
5218	0
5219	2
5220	0
5221	1
5222	1
5223	0
5224	0
5225	0
5226	0
5227	1
5228	1
5229	1
5230	1
5231	0
5232	0
5233	0
5234	0
5235	0
5236	2
5237	0
5238	0
5239	0
5240	0
5241	0
5242	0
5243	0
5244	0
5245	0
5246	0
5247	0
5248	0
5249	1
5250	0
5251	0
5252	0
5253	1
5254	0
5255	1
5256	0
5257	0
5258	0
5259	0
5260	0
5261	0
5262	1
5263	0
5264	2
5265	0
5266	1
5267	0
5268	0
5269	0
5270	0
5271	0
5272	0
5273	0
5274	1
5275	1
5276	0
5277	0
5278	0
5279	1
5280	0
5281	0
5282	1
5283	1
5284	0
5285	0
5286	0
5287	0
5288	1
5289	0
5290	0
5291	1
5292	0
5293	1
5294	1
5295	0
5296	0
5297	1
5298	0
5299	1
5300	0
5301	0
5302	1
5303	1
5304	1
5305	0
5306	0
5307	0
5308	0
5309	0
5310	2
5311	0
5312	0
5313	0
5314	1
5315	0
5316	0
5317	0
5318	0
5319	2
5320	0
5321	0
5322	1
5323	1
5324	0
5325	0
5326	0
5327	0
5328	1
5329	0
5330	0
5331	0
5332	0
5333	0
5334	1
5335	0
5336	0
5337	0
5338	0
5339	0
5340	0
5341	1
5342	0
5343	0
5344	0
5345	0
5346	1
5347	0
5348	0
5349	0
5350	0
5351	0
5352	0
5353	0
5354	0
5355	0
5356	0
5357	0
5358	1
5359	1
5360	0
5361	0
5362	0
5363	1
5364	0
5365	0
5366	0
5367	0
5368	1
5369	0
5370	0
5371	0
5372	1
5373	1
5374	0
5375	0
5376	1
5377	0
5378	1
5379	0
5380	1
5381	0
5382	1
5383	0
5384	0
5385	1
5386	0
5387	0
5388	0
5389	0
5390	0
5391	0
5392	0
5393	0
5394	0
5395	0
5396	1
5397	0
5398	1
5399	0
5400	0
5401	1
5402	0
5403	0
5404	1
5405	0
5406	0
5407	1
5408	1
5409	0
5410	0
5411	0
5412	1
5413	1
5414	0
5415	0
5416	0
5417	1
5418	1
5419	1
5420	0
5421	0
5422	1
5423	0
5424	0
5425	0
5426	0
5427	0
5428	0
5429	1
5430	0
5431	0
5432	0
5433	1
5434	0
5435	1
5436	0
5437	0
5438	0
5439	0
5440	0
5441	0
5442	0
5443	0
5444	0
5445	1
5446	1
5447	0
5448	0
5449	0
5450	0
5451	0
5452	0
5453	0
5454	0
5455	0
5456	0
5457	0
5458	1
5459	1
5460	1
5461	0
5462	0
5463	0
5464	1
5465	0
5466	1
5467	0
5468	0
5469	0
5470	3
5471	1
5472	0
5473	0
5474	0
5475	0
5476	0
5477	0
5478	1
5479	0
5480	0
5481	0
5482	0
5483	1
5484	0
5485	0
5486	0
5487	0
5488	0
5489	0
5490	0
5491	0
5492	0
5493	0
5494	0
5495	1
5496	2
5497	0
5498	0
5499	0
5500	0
5501	0
5502	0
5503	0
5504	1
5505	1
5506	0
5507	1
5508	1
5509	0
5510	3
5511	0
5512	0
5513	0
5514	0
5515	0
5516	0
5517	2
5518	0
5519	0
5520	0
5521	2
5522	1
5523	0
5524	1
5525	0
5526	0
5527	0
5528	0
5529	0
5530	1
5531	0
5532	1
5533	1
5534	1
5535	0
5536	0
5537	0
5538	0
5539	0
5540	1
5541	0
5542	1
5543	0
5544	0
5545	0
5546	1
5547	0
5548	0
5549	0
5550	1
5551	0
5552	0
5553	1
5554	0
5555	1
5556	0
5557	0
5558	0
5559	0
5560	1
5561	0
5562	0
5563	0
5564	1
5565	0
5566	0
5567	1
5568	1
5569	0
5570	0
5571	1
5572	1
5573	1
5574	0
5575	0
5576	1
5577	0
5578	0
5579	1
5580	0
5581	1
5582	0
5583	1
5584	0
5585	0
5586	0
5587	1
5588	0
5589	0
5590	0
5591	0
5592	0
5593	1
5594	0
5595	0
5596	0
5597	0
5598	0
5599	0
5600	0
5601	0
5602	1
5603	0
5604	0
5605	1
5606	0
5607	0
5608	0
5609	0
5610	0
5611	0
5612	1
5613	0
5614	1
5615	0
5616	0
5617	0
5618	0
5619	1
5620	0
5621	1
5622	1
5623	0
5624	1
5625	0
5626	0
5627	0
5628	0
5629	0
5630	0
5631	0
5632	1
5633	0
5634	0
5635	0
5636	0
5637	0
5638	0
5639	0
5640	0
5641	1
5642	3
5643	1
5644	3
5645	0
5646	1
5647	0
5648	0
5649	0
5650	0
5651	0
5652	0
5653	0
5654	1
5655	0
5656	0
5657	0
5658	1
5659	0
5660	0
5661	0
5662	0
5663	0
5664	0
5665	0
5666	0
5667	0
5668	0
5669	0
5670	1
5671	0
5672	1
5673	0
5674	0
5675	0
5676	1
5677	1
5678	1
5679	1
5680	1
5681	2
5682	0
5683	0
5684	0
5685	0
5686	0
5687	0
5688	0
5689	0
5690	0
5691	0
5692	0
5693	0
5694	1
5695	1
5696	0
5697	1
5698	0
5699	0
5700	0
5701	0
5702	0
5703	0
5704	0
5705	0
5706	0
5707	0
5708	0
5709	0
5710	0
5711	0
5712	0
5713	1
5714	0
5715	0
5716	0
5717	1
5718	0
5719	2
5720	0
5721	0
5722	1
5723	0
5724	0
5725	0
5726	0
5727	1
5728	0
5729	1
5730	2
5731	1
5732	0
5733	1
5734	0
5735	0
5736	0
5737	0
5738	1
5739	1
5740	0
5741	0
5742	0
5743	0
5744	0
5745	0
5746	0
5747	2
5748	1
5749	0
5750	0
5751	0
5752	0
5753	1
5754	1
5755	0
5756	0
5757	0
5758	0
5759	0
5760	0
5761	1
5762	0
5763	0
5764	1
5765	0
5766	0
5767	1
5768	1
5769	0
5770	0
5771	1
5772	1
5773	1
5774	0
5775	0
5776	0
5777	1
5778	0
5779	1
5780	0
5781	1
5782	0
5783	0
5784	0
5785	0
5786	0
5787	0
5788	0
5789	0
5790	0
5791	0
5792	0
5793	2
5794	1
5795	2
5796	2
5797	2
5798	0
5799	1
5800	0
5801	0
5802	0
5803	0
5804	1
5805	0
5806	0
5807	0
5808	2
5809	0
5810	0
5811	0
5812	0
5813	1
5814	0
5815	0
5816	0
5817	2
5818	0
5819	0
5820	1
5821	0
5822	0
5823	0
5824	0
5825	1
5826	0
5827	0
5828	0
5829	0
5830	0
5831	1
5832	2
5833	0
5834	0
5835	1
5836	0
5837	0
5838	1
5839	0
5840	0
5841	1
5842	0
5843	0
5844	1
5845	0
5846	0
5847	0
5848	0
5849	0
5850	2
5851	1
5852	0
5853	3
5854	0
5855	0
5856	0
5857	0
5858	0
5859	0
5860	1
5861	0
5862	0
5863	0
5864	1
5865	0
5866	0
5867	0
5868	0
5869	0
5870	0
5871	0
5872	0
5873	0
5874	0
5875	0
5876	0
5877	0
5878	0
5879	1
5880	0
5881	0
5882	1
5883	0
5884	0
5885	1
5886	0
5887	0
5888	0
5889	1
5890	0
5891	0
5892	0
5893	0
5894	0
5895	1
5896	1
5897	1
5898	0
5899	0
5900	0
5901	1
5902	0
5903	1
5904	1
5905	0
5906	0
5907	0
5908	0
5909	0
5910	0
5911	0
5912	1
5913	0
5914	0
5915	0
5916	0
5917	1
5918	0
5919	0
5920	0
5921	0
5922	1
5923	0
5924	1
5925	0
5926	2
5927	0
5928	0
5929	0
5930	0
5931	0
5932	0
5933	0
5934	1
5935	0
5936	0
5937	0
5938	0
5939	0
5940	0
5941	0
5942	0
5943	1
5944	0
5945	0
5946	0
5947	0
5948	1
5949	0
5950	0
5951	0
5952	0
5953	2
5954	0
5955	0
5956	0
5957	1
5958	0
5959	0
5960	2
5961	0
5962	0
5963	1
5964	0
5965	0
5966	0
5967	0
5968	0
5969	0
5970	0
5971	0
5972	0
5973	0
5974	0
5975	0
5976	0
5977	0
5978	0
5979	0
5980	0
5981	0
5982	1
5983	1
5984	0
5985	0
5986	0
5987	0
5988	0
5989	0
5990	0
5991	0
5992	0
5993	1
5994	0
5995	0
5996	0
5997	0
5998	0
5999	1
6000	0
6001	0
6002	0
6003	0
6004	0
6005	0
6006	0
6007	1
6008	1
6009	0
6010	0
6011	0
6012	0
6013	0
6014	0
6015	0
6016	0
6017	1
6018	0
6019	1
6020	1
6021	1
6022	1
6023	0
6024	0
6025	0
6026	0
6027	0
6028	2
6029	0
6030	0
6031	0
6032	1
6033	1
6034	0
6035	1
6036	0
6037	2
6038	0
6039	0
6040	0
6041	2
6042	1
6043	2
6044	0
6045	1
6046	1
6047	0
6048	1
6049	0
6050	1
6051	0
6052	0
6053	0
6054	0
6055	0
6056	0
6057	0
6058	1
6059	0
6060	0
6061	0
6062	1
6063	1
6064	1
6065	0
6066	0
6067	1
6068	0
6069	1
6070	0
6071	1
6072	0
6073	0
6074	0
6075	1
6076	1
6077	0
6078	0
6079	0
6080	0
6081	0
6082	0
6083	0
6084	0
6085	0
6086	0
6087	0
6088	0
6089	1
6090	0
6091	0
6092	1
6093	2
6094	1
6095	0
6096	1
6097	0
6098	1
6099	1
6100	0
6101	1
6102	0
6103	0
6104	1
6105	0
6106	0
6107	0
6108	0
6109	0
6110	1
6111	1
6112	0
6113	0
6114	0
6115	0
6116	0
6117	3
6118	0
6119	0
6120	0
6121	0
6122	0
6123	0
6124	1
6125	0
6126	0
6127	0
6128	1
6129	2
6130	0
6131	0
6132	0
6133	0
6134	0
6135	0
6136	1
6137	0
6138	1
6139	0
6140	1
6141	0
6142	0
6143	1
6144	0
6145	1
6146	0
6147	1
6148	0
6149	0
6150	0
6151	1
6152	0
6153	0
6154	2
6155	1
6156	1
6157	1
6158	1
6159	0
6160	1
6161	1
6162	0
6163	0
6164	0
6165	0
6166	1
6167	0
6168	0
6169	0
6170	1
6171	0
6172	2
6173	0
6174	0
6175	0
6176	0
6177	0
6178	1
6179	0
6180	1
6181	0
6182	0
6183	0
6184	0
6185	1
6186	0
6187	0
6188	0
6189	0
6190	0
6191	0
6192	0
6193	0
6194	0
6195	2
6196	0
6197	0
6198	0
6199	1
6200	0
6201	2
6202	1
6203	0
6204	1
6205	1
6206	0
6207	1
6208	0
6209	0
6210	0
6211	0
6212	0
6213	1
6214	0
6215	0
6216	1
6217	0
6218	0
6219	0
6220	0
6221	0
6222	0
6223	1
6224	0
6225	0
6226	0
6227	1
6228	0
6229	0
6230	1
6231	0
6232	0
6233	2
6234	1
6235	0
6236	1
6237	2
6238	0
6239	0
6240	1
6241	1
6242	0
6243	0
6244	0
6245	1
6246	1
6247	0
6248	0
6249	0
6250	0
6251	0
6252	0
6253	1
6254	1
6255	1
6256	0
6257	2
6258	0
6259	0
6260	0
6261	0
6262	0
6263	1
6264	0
6265	0
6266	0
6267	0
6268	1
6269	1
6270	0
6271	0
6272	0
6273	1
6274	0
6275	0
6276	0
6277	0
6278	0
6279	0
6280	0
6281	1
6282	1
6283	0
6284	0
6285	0
6286	1
6287	1
6288	0
6289	1
6290	0
6291	0
6292	0
6293	0
6294	0
6295	0
6296	0
6297	0
6298	0
6299	0
6300	0
6301	1
6302	0
6303	0
6304	1
6305	1
6306	0
6307	0
6308	0
6309	1
6310	0
6311	0
6312	0
6313	1
6314	0
6315	0
6316	0
6317	0
6318	1
6319	0
6320	0
6321	0
6322	0
6323	0
6324	0
6325	0
6326	0
6327	0
6328	0
6329	1
6330	0
6331	0
6332	1
6333	2
6334	0
6335	0
6336	1
6337	0
6338	0
6339	0
6340	0
6341	0
6342	1
6343	0
6344	0
6345	1
6346	0
6347	0
6348	1
6349	0
6350	1
6351	0
6352	1
6353	1
6354	0
6355	0
6356	0
6357	0
6358	0
6359	0
6360	0
6361	0
6362	0
6363	1
6364	0
6365	1
6366	0
6367	1
6368	1
6369	0
6370	0
6371	0
6372	0
6373	0
6374	0
6375	0
6376	0
6377	0
6378	1
6379	0
6380	0
6381	0
6382	0
6383	1
6384	1
6385	1
6386	0
6387	0
6388	0
6389	0
6390	0
6391	0
6392	1
6393	1
6394	0
6395	0
6396	0
6397	0
6398	0
6399	1
6400	0
6401	1
6402	0
6403	0
6404	0
6405	0
6406	1
6407	0
6408	1
6409	2
6410	0
6411	0
6412	0
6413	0
6414	1
6415	1
6416	0
6417	0
6418	1
6419	0
6420	0
6421	0
6422	0
6423	1
6424	0
6425	1
6426	2
6427	0
6428	0
6429	0
6430	0
6431	1
6432	1
6433	0
6434	0
6435	1
6436	0
6437	0
6438	2
6439	1
6440	1
6441	1
6442	0
6443	0
6444	0
6445	1
6446	0
6447	1
6448	0
6449	0
6450	0
6451	2
6452	2
6453	0
6454	0
6455	0
6456	0
6457	0
6458	1
6459	0
6460	1
6461	0
6462	0
6463	0
6464	0
6465	0
6466	0
6467	0
6468	1
6469	0
6470	0
6471	1
6472	1
6473	0
6474	0
6475	1
6476	1
6477	0
6478	0
6479	0
6480	0
6481	0
6482	1
6483	0
6484	0
6485	0
6486	0
6487	0
6488	1
6489	0
6490	2
6491	0
6492	0
6493	0
6494	0
6495	0
6496	0
6497	0
6498	0
6499	1
6500	0
6501	0
6502	0
6503	0
6504	0
6505	0
6506	1
6507	0
6508	0
6509	2
6510	0
6511	0
6512	1
6513	0
6514	0
6515	0
6516	0
6517	0
6518	1
6519	0
6520	0
6521	0
6522	0
6523	0
6524	0
6525	1
6526	1
6527	0
6528	0
6529	0
6530	0
6531	0
6532	1
6533	0
6534	1
6535	0
6536	0
6537	0
6538	0
6539	0
6540	1
6541	1
6542	1
6543	0
6544	1
6545	1
6546	0
6547	0
6548	0
6549	0
6550	0
6551	1
6552	0
6553	0
6554	2
6555	1
6556	0
6557	0
6558	0
6559	0
6560	0
6561	0
6562	0
6563	0
6564	0
6565	0
6566	0
6567	0
6568	0
6569	0
6570	0
6571	0
6572	0
6573	0
6574	0
6575	0
6576	0
6577	0
6578	1
6579	1
6580	0
6581	0
6582	0
6583	0
6584	0
6585	0
6586	0
6587	0
6588	1
6589	0
6590	0
6591	0
6592	1
6593	2
6594	0
6595	0
6596	1
6597	0
6598	0
6599	1
6600	0
6601	0
6602	0
6603	0
6604	0
6605	0
6606	2
6607	0
6608	0
6609	0
6610	0
6611	0
6612	0
6613	0
6614	0
6615	2
6616	1
6617	0
6618	0
6619	0
6620	0
6621	0
6622	0
6623	0
6624	0
6625	1
6626	0
6627	0
6628	0
6629	0
6630	0
6631	0
6632	0
6633	0
6634	0
6635	0
6636	1
6637	0
6638	1
6639	1
6640	1
6641	1
6642	0
6643	0
6644	1
6645	0
6646	0
6647	0
6648	0
6649	0
6650	0
6651	0
6652	0
6653	0
6654	0
6655	1
6656	1
6657	0
6658	0
6659	0
6660	0
6661	0
6662	0
6663	0
6664	0
6665	0
6666	0
6667	0
6668	0
6669	0
6670	0
6671	0
6672	0
6673	0
6674	0
6675	0
6676	1
6677	0
6678	2
6679	0
6680	0
6681	0
6682	0
6683	1
6684	0
6685	0
6686	0
6687	1
6688	0
6689	0
6690	0
6691	0
6692	0
6693	0
6694	0
6695	1
6696	2
6697	0
6698	0
6699	1
6700	0
6701	0
6702	1
6703	0
6704	0
6705	1
6706	1
6707	0
6708	1
6709	0
6710	1
6711	0
6712	0
6713	0
6714	1
6715	0
6716	1
6717	0
6718	0
6719	0
6720	1
6721	1
6722	1
6723	1
6724	0
6725	1
6726	0
6727	0
6728	0
6729	1
6730	1
6731	0
6732	0
6733	0
6734	0
6735	1
6736	0
6737	2
6738	1
6739	1
6740	0
6741	2
6742	1
6743	0
6744	0
6745	1
6746	0
6747	1
6748	1
6749	0
6750	1
6751	0
6752	0
6753	0
6754	2
6755	0
6756	2
6757	0
6758	0
6759	0
6760	1
6761	1
6762	0
6763	0
6764	1
6765	0
6766	0
6767	1
6768	0
6769	1
6770	0
6771	1
6772	0
6773	0
6774	0
6775	0
6776	1
6777	1
6778	0
6779	0
6780	0
6781	1
6782	0
6783	0
6784	0
6785	0
6786	0
6787	0
6788	1
6789	1
6790	0
6791	0
6792	1
6793	0
6794	0
6795	0
6796	1
6797	0
6798	0
6799	1
6800	0
6801	0
6802	1
6803	1
6804	0
6805	0
6806	0
6807	1
6808	2
6809	0
6810	2
6811	0
6812	0
6813	0
6814	0
6815	0
6816	0
6817	1
6818	0
6819	0
6820	0
6821	1
6822	0
6823	0
6824	2
6825	0
6826	0
6827	0
6828	0
6829	0
6830	1
6831	0
6832	0
6833	0
6834	0
6835	0
6836	1
6837	2
6838	1
6839	1
6840	0
6841	1
6842	0
6843	0
6844	0
6845	0
6846	1
6847	1
6848	0
6849	0
6850	0
6851	0
6852	0
6853	1
6854	0
6855	1
6856	0
6857	0
6858	1
6859	0
6860	0
6861	0
6862	0
6863	0
6864	1
6865	1
6866	0
6867	1
6868	0
6869	0
6870	0
6871	0
6872	0
6873	0
6874	0
6875	0
6876	0
6877	1
6878	0
6879	1
6880	0
6881	1
6882	0
6883	0
6884	0
6885	0
6886	0
6887	0
6888	0
6889	0
6890	1
6891	0
6892	1
6893	3
6894	0
6895	0
6896	1
6897	1
6898	0
6899	0
6900	0
6901	1
6902	2
6903	0
6904	0
6905	0
6906	0
6907	1
6908	0
6909	0
6910	1
6911	0
6912	0
6913	0
6914	0
6915	0
6916	0
6917	0
6918	0
6919	0
6920	0
6921	0
6922	1
6923	0
6924	3
6925	1
6926	0
6927	0
6928	0
6929	0
6930	0
6931	2
6932	1
6933	1
6934	0
6935	1
6936	1
6937	0
6938	1
6939	0
6940	0
6941	0
6942	0
6943	1
6944	1
6945	0
6946	0
6947	0
6948	0
6949	0
6950	1
6951	0
6952	0
6953	0
6954	0
6955	1
6956	1
6957	0
6958	0
6959	0
6960	0
6961	0
6962	0
6963	2
6964	0
6965	0
6966	1
6967	1
6968	0
6969	0
6970	1
6971	1
6972	0
6973	1
6974	0
6975	0
6976	0
6977	1
6978	0
6979	0
6980	0
6981	1
6982	0
6983	0
6984	0
6985	0
6986	0
6987	0
6988	1
6989	0
6990	0
6991	0
6992	1
6993	0
6994	0
6995	0
6996	1
6997	0
6998	0
6999	0
7000	1
7001	1
7002	0
7003	0
7004	0
7005	0
7006	1
7007	0
7008	0
7009	1
7010	0
7011	0
7012	0
7013	1
7014	1
7015	1
7016	0
7017	0
7018	1
7019	0
7020	0
7021	0
7022	0
7023	0
7024	0
7025	1
7026	1
7027	2
7028	0
7029	1
7030	0
7031	0
7032	0
7033	1
7034	0
7035	0
7036	0
7037	0
7038	0
7039	1
7040	0
7041	0
7042	1
7043	0
7044	1
7045	0
7046	0
7047	0
7048	0
7049	1
7050	0
7051	0
7052	0
7053	0
7054	0
7055	0
7056	0
7057	0
7058	0
7059	1
7060	1
7061	2
7062	2
7063	0
7064	0
7065	1
7066	0
7067	0
7068	1
7069	0
7070	1
7071	0
7072	0
7073	1
7074	0
7075	0
7076	0
7077	0
7078	0
7079	0
7080	0
7081	0
7082	0
7083	1
7084	1
7085	0
7086	0
7087	1
7088	0
7089	2
7090	2
7091	0
7092	0
7093	0
7094	0
7095	2
7096	0
7097	0
7098	1
7099	1
7100	1
7101	2
7102	1
7103	0
7104	1
7105	0
7106	1
7107	0
7108	0
7109	0
7110	0
7111	0
7112	0
7113	0
7114	1
7115	0
7116	0
7117	0
7118	0
7119	0
7120	1
7121	1
7122	0
7123	0
7124	0
7125	0
7126	0
7127	0
7128	1
7129	0
7130	0
7131	0
7132	0
7133	1
7134	0
7135	0
7136	1
7137	1
7138	0
7139	0
7140	1
7141	0
7142	0
7143	0
7144	0
7145	0
7146	1
7147	0
7148	0
7149	1
7150	1
7151	2
7152	0
7153	1
7154	0
7155	0
7156	1
7157	0
7158	0
7159	0
7160	0
7161	0
7162	0
7163	0
7164	0
7165	0
7166	0
7167	0
7168	1
7169	1
7170	0
7171	0
7172	1
7173	0
7174	1
7175	0
7176	0
7177	0
7178	1
7179	0
7180	1
7181	0
7182	1
7183	0
7184	0
7185	0
7186	0
7187	0
7188	0
7189	1
7190	0
7191	1
7192	0
7193	1
7194	0
7195	0
7196	0
7197	0
7198	2
7199	1
7200	1
7201	0
7202	0
7203	1
7204	0
7205	0
7206	0
7207	0
7208	2
7209	0
7210	0
7211	0
7212	1
7213	0
7214	1
7215	1
7216	0
7217	1
7218	0
7219	0
7220	0
7221	1
7222	0
7223	0
7224	1
7225	0
7226	0
7227	1
7228	0
7229	0
7230	0
7231	0
7232	0
7233	0
7234	1
7235	0
7236	0
7237	0
7238	0
7239	2
7240	0
7241	0
7242	0
7243	1
7244	0
7245	0
7246	0
7247	0
7248	1
7249	0
7250	0
7251	0
7252	0
7253	0
7254	0
7255	0
7256	0
7257	1
7258	0
7259	0
7260	0
7261	1
7262	0
7263	0
7264	0
7265	0
7266	0
7267	0
7268	1
7269	0
7270	0
7271	0
7272	0
7273	0
7274	0
7275	0
7276	0
7277	0
7278	0
7279	0
7280	0
7281	0
7282	0
7283	0
7284	0
7285	0
7286	0
7287	0
7288	0
7289	0
7290	0
7291	0
7292	0
7293	1
7294	1
7295	0
7296	0
7297	0
7298	0
7299	0
7300	0
7301	0
7302	0
7303	1
7304	0
7305	0
7306	0
7307	0
7308	1
7309	0
7310	0
7311	0
7312	0
7313	0
7314	1
7315	0
7316	0
7317	1
7318	0
7319	0
7320	0
7321	0
7322	0
7323	0
7324	0
7325	0
7326	0
7327	0
7328	2
7329	0
7330	1
7331	1
7332	0
7333	0
7334	0
7335	0
7336	0
7337	1
7338	2
7339	0
7340	0
7341	0
7342	0
7343	0
7344	1
7345	0
7346	1
7347	0
7348	0
7349	1
7350	0
7351	1
7352	1
7353	0
7354	1
7355	0
7356	0
7357	1
7358	1
7359	0
7360	2
7361	0
7362	0
7363	0
7364	0
7365	1
7366	0
7367	0
7368	0
7369	0
7370	0
7371	0
7372	0
7373	0
7374	0
7375	1
7376	0
7377	0
7378	1
7379	0
7380	0
7381	0
7382	0
7383	0
7384	0
7385	1
7386	0
7387	0
7388	0
7389	1
7390	1
7391	0
7392	0
7393	1
7394	0
7395	0
7396	1
7397	0
7398	0
7399	0
7400	0
7401	0
7402	0
7403	0
7404	0
7405	0
7406	0
7407	0
7408	0
7409	0
7410	0
7411	0
7412	0
7413	0
7414	0
7415	0
7416	0
7417	0
7418	0
7419	0
7420	0
7421	1
7422	3
7423	0
7424	0
7425	0
7426	0
7427	1
7428	0
7429	1
7430	0
7431	0
7432	1
7433	1
7434	0
7435	0
7436	0
7437	1
7438	0
7439	0
7440	1
7441	0
7442	1
7443	1
7444	0
7445	0
7446	0
7447	0
7448	2
7449	0
7450	0
7451	0
7452	0
7453	0
7454	1
7455	0
7456	0
7457	0
7458	0
7459	0
7460	0
7461	0
7462	0
7463	0
7464	0
7465	0
7466	0
7467	0
7468	0
7469	0
7470	0
7471	0
7472	0
7473	0
7474	0
7475	0
7476	0
7477	0
7478	0
7479	0
7480	0
7481	0
7482	0
7483	0
7484	0
7485	0
7486	0
7487	0
7488	0
7489	1
7490	0
7491	1
7492	0
7493	0
7494	0
7495	1
7496	1
7497	0
7498	0
7499	0
7500	1
7501	0
7502	0
7503	1
7504	0
7505	0
7506	0
7507	0
7508	0
7509	1
7510	0
7511	0
7512	0
7513	1
7514	0
7515	0
7516	0
7517	0
7518	0
7519	2
7520	0
7521	0
7522	0
7523	0
7524	0
7525	1
7526	1
7527	0
7528	0
7529	0
7530	0
7531	0
7532	0
7533	1
7534	0
7535	0
7536	1
7537	0
7538	0
7539	0
7540	0
7541	1
7542	0
7543	0
7544	0
7545	1
7546	0
7547	0
7548	0
7549	0
7550	1
7551	0
7552	0
7553	0
7554	0
7555	0
7556	0
7557	1
7558	0
7559	0
7560	0
7561	1
7562	0
7563	1
7564	0
7565	0
7566	0
7567	0
7568	1
7569	2
7570	2
7571	0
7572	0
7573	0
7574	1
7575	0
7576	1
7577	0
7578	0
7579	0
7580	0
7581	0
7582	1
7583	0
7584	0
7585	0
7586	0
7587	1
7588	0
7589	2
7590	0
7591	0
7592	0
7593	1
7594	0
7595	0
7596	1
7597	0
7598	1
7599	0
7600	1
7601	0
7602	1
7603	1
7604	1
7605	1
7606	0
7607	1
7608	1
7609	0
7610	0
7611	1
7612	0
7613	0
7614	1
7615	0
7616	0
7617	1
7618	1
7619	0
7620	0
7621	1
7622	2
7623	2
7624	0
7625	1
7626	1
7627	0
7628	1
7629	0
7630	0
7631	1
7632	0
7633	1
7634	1
7635	0
7636	0
7637	0
7638	2
7639	0
7640	0
7641	0
7642	0
7643	0
7644	0
7645	0
7646	1
7647	0
7648	0
7649	0
7650	1
7651	1
7652	0
7653	0
7654	0
7655	0
7656	1
7657	0
7658	0
7659	0
7660	0
7661	1
7662	0
7663	0
7664	0
7665	1
7666	0
7667	0
7668	0
7669	0
7670	0
7671	0
7672	0
7673	0
7674	0
7675	1
7676	0
7677	0
7678	0
7679	0
7680	0
7681	1
7682	0
7683	1
7684	0
7685	0
7686	0
7687	1
7688	0
7689	0
7690	0
7691	0
7692	2
7693	0
7694	1
7695	1
7696	1
7697	0
7698	0
7699	1
7700	1
7701	0
7702	0
7703	0
7704	1
7705	0
7706	0
7707	0
7708	0
7709	0
7710	0
7711	0
7712	0
7713	0
7714	0
7715	0
7716	0
7717	0
7718	1
7719	0
7720	1
7721	1
7722	0
7723	0
7724	0
7725	0
7726	0
7727	0
7728	0
7729	0
7730	0
7731	0
7732	0
7733	0
7734	0
7735	1
7736	0
7737	1
7738	0
7739	0
7740	0
7741	0
7742	0
7743	0
7744	0
7745	0
7746	0
7747	0
7748	0
7749	0
7750	0
7751	0
7752	0
7753	0
7754	1
7755	0
7756	1
7757	0
7758	0
7759	0
7760	1
7761	0
7762	0
7763	1
7764	0
7765	0
7766	1
7767	0
7768	1
7769	0
7770	0
7771	0
7772	0
7773	0
7774	1
7775	0
7776	1
7777	0
7778	0
7779	0
7780	0
7781	0
7782	0
7783	1
7784	0
7785	0
7786	0
7787	0
7788	0
7789	0
7790	0
7791	2
7792	0
7793	0
7794	0
7795	1
7796	0
7797	1
7798	0
7799	0
7800	0
7801	1
7802	0
7803	0
7804	0
7805	0
7806	0
7807	1
7808	0
7809	0
7810	0
7811	0
7812	0
7813	0
7814	0
7815	0
7816	2
7817	0
7818	0
7819	0
7820	0
7821	0
7822	1
7823	0
7824	0
7825	0
7826	0
7827	0
7828	0
7829	0
7830	0
7831	0
7832	0
7833	0
7834	0
7835	0
7836	1
7837	0
7838	0
7839	0
7840	1
7841	1
7842	1
7843	0
7844	0
7845	0
7846	0
7847	0
7848	0
7849	0
7850	0
7851	0
7852	0
7853	0
7854	1
7855	1
7856	0
7857	1
7858	0
7859	0
7860	0
7861	2
7862	1
7863	1
7864	0
7865	0
7866	0
7867	2
7868	0
7869	0
7870	0
7871	0
7872	0
7873	0
7874	0
7875	0
7876	0
7877	0
7878	0
7879	1
7880	1
7881	0
7882	1
7883	1
7884	0
7885	0
7886	0
7887	0
7888	0
7889	0
7890	0
7891	0
7892	0
7893	0
7894	0
7895	0
7896	1
7897	0
7898	1
7899	0
7900	0
7901	0
7902	0
7903	0
7904	1
7905	0
7906	0
7907	0
7908	0
7909	0
7910	0
7911	0
7912	0
7913	0
7914	0
7915	0
7916	0
7917	0
7918	0
7919	0
7920	0
7921	0
7922	0
7923	0
7924	0
7925	1
7926	0
7927	0
7928	0
7929	2
7930	0
7931	0
7932	0
7933	1
7934	1
7935	0
7936	1
7937	0
7938	0
7939	0
7940	0
7941	0
7942	0
7943	0
7944	0
7945	0
7946	0
7947	0
7948	0
7949	0
7950	0
7951	0
7952	0
7953	1
7954	0
7955	0
7956	0
7957	0
7958	0
7959	0
7960	0
7961	1
7962	0
7963	0
7964	0
7965	0
7966	0
7967	0
7968	1
7969	0
7970	0
7971	1
7972	0
7973	1
7974	0
7975	1
7976	0
7977	0
7978	0
7979	0
7980	0
7981	0
7982	0
7983	0
7984	0
7985	1
7986	0
7987	0
7988	0
7989	0
7990	1
7991	0
7992	0
7993	0
7994	0
7995	0
7996	0
7997	1
7998	0
7999	0
8000	0
8001	0
8002	0
8003	0
8004	0
8005	0
8006	0
8007	0
8008	0
8009	0
8010	0
8011	0
8012	0
8013	0
8014	0
8015	1
8016	1
8017	0
8018	0
8019	0
8020	0
8021	0
8022	0
8023	0
8024	0
8025	0
8026	0
8027	0
8028	1
8029	0
8030	0
8031	0
8032	0
8033	0
8034	0
8035	1
8036	0
8037	0
8038	0
8039	0
8040	0
8041	0
8042	0
8043	0
8044	1
8045	0
8046	0
8047	0
8048	1
8049	1
8050	0
8051	0
8052	0
8053	0
8054	0
8055	0
8056	0
8057	0
8058	0
8059	0
8060	0
8061	1
8062	0
8063	0
8064	0
8065	0
8066	0
8067	0
8068	0
8069	0
8070	0
8071	0
8072	0
8073	0
8074	0
8075	0
8076	0
8077	0
8078	0
8079	0
8080	0
8081	0
8082	0
8083	0
8084	0
8085	0
8086	0
8087	0
8088	0
8089	0
8090	0
8091	0
8092	0
8093	0
8094	0
8095	0
8096	0
8097	0
8098	0
8099	0
8100	0
8101	0
8102	0
8103	0
8104	0
8105	0
8106	0
8107	0
8108	0
8109	0
8110	0
8111	0
8112	0
8113	0
8114	0
8115	0
8116	0
8117	0
8118	0
8119	0
8120	0
8121	0
8122	0
8123	0
8124	0
8125	0
8126	0
8127	0
8128	0
8129	0
8130	0
8131	0
8132	0
8133	0
8134	0
8135	0
8136	0
8137	0
8138	0
8139	0
8140	0
8141	0
8142	0
8143	0
8144	0
8145	0
8146	0
8147	0
8148	0
8149	0
8150	0
8151	0
8152	0
8153	0
8154	0
8155	0
8156	0
8157	0
8158	0
8159	0
8160	0
8161	0
8162	0
8163	0
8164	0
8165	0
8166	0
8167	0
8168	0
8169	0
8170	0
8171	0
8172	0
8173	0
8174	0
8175	0
8176	0
8177	0
8178	0
8179	0
8180	0
8181	0
8182	0
8183	0
8184	0
8185	0
8186	0
8187	0
8188	0
8189	0
8190	0
8191	0
