-2	86400
-1	88275.1
0	0
1	0
2	0
3	0
4	0
5	0
6	0
7	0
8	0
9	0
10	0
11	0
12	0
13	0
14	0
15	0
16	0
17	0
18	0
19	0
20	0
21	0
22	0
23	0
24	0
25	0
26	0
27	0
28	0
29	0
30	0
31	0
32	0
33	0
34	0
35	0
36	0
37	0
38	0
39	0
40	0
41	0
42	0
43	0
44	0
45	0
46	2
47	2
48	0
49	25
50	124
51	152
52	177
53	222
54	217
55	257
56	247
57	263
58	243
59	265
60	240
61	238
62	259
63	216
64	243
65	241
66	251
67	249
68	247
69	211
70	245
71	237
72	267
73	255
74	274
75	253
76	212
77	264
78	255
79	233
80	261
81	272
82	243
83	263
84	222
85	247
86	241
87	224
88	261
89	232
90	260
91	241
92	249
93	240
94	237
95	292
96	253
97	219
98	236
99	288
100	257
101	272
102	249
103	265
104	241
105	280
106	283
107	289
108	330
109	271
110	303
111	326
112	320
113	281
114	313
115	320
116	302
117	316
118	308
119	312
120	330
121	296
122	338
123	338
124	328
125	370
126	362
127	350
128	352
129	356
130	374
131	367
132	373
133	376
134	380
135	375
136	402
137	344
138	378
139	378
140	402
141	370
142	387
143	387
144	377
145	404
146	433
147	440
148	428
149	437
150	431
151	457
152	423
153	434
154	472
155	459
156	492
157	422
158	445
159	406
160	416
161	420
162	428
163	443
164	455
165	456
166	469
167	448
168	441
169	463
170	424
171	424
172	434
173	453
174	455
175	472
176	462
177	454
178	474
179	472
180	447
181	440
182	456
183	479
184	402
185	420
186	466
187	460
188	488
189	474
190	471
191	479
192	489
193	438
194	451
195	470
196	475
197	450
198	412
199	470
200	477
201	471
202	454
203	483
204	473
205	503
206	462
207	452
208	456
209	444
210	445
211	437
212	467
213	431
214	461
215	486
216	512
217	442
218	435
219	495
220	489
221	467
222	428
223	446
224	444
225	427
226	438
227	414
228	430
229	452
230	394
231	458
232	404
233	453
234	441
235	408
236	398
237	440
238	423
239	409
240	418
241	431
242	390
243	367
244	408
245	420
246	415
247	404
248	423
249	399
250	362
251	446
252	407
253	365
254	352
255	401
256	373
257	373
258	410
259	400
260	398
261	355
262	420
263	425
264	399
265	410
266	371
267	371
268	393
269	372
270	403
271	387
272	356
273	370
274	384
275	363
276	388
277	368
278	350
279	370
280	387
281	365
282	355
283	361
284	317
285	363
286	325
287	329
288	370
289	342
290	359
291	355
292	338
293	351
294	332
295	334
296	327
297	303
298	333
299	341
300	338
301	332
302	333
303	303
304	328
305	307
306	335
307	300
308	327
309	330
310	318
311	319
312	332
313	329
314	310
315	296
316	320
317	301
318	335
319	310
320	287
321	302
322	281
323	264
324	323
325	281
326	262
327	323
328	310
329	308
330	315
331	315
332	284
333	284
334	297
335	296
336	301
337	261
338	284
339	277
340	290
341	278
342	266
343	279
344	253
345	280
346	274
347	283
348	295
349	262
350	255
351	265
352	281
353	277
354	281
355	246
356	266
357	257
358	284
359	280
360	270
361	242
362	257
363	278
364	249
365	240
366	263
367	281
368	267
369	250
370	235
371	253
372	251
373	250
374	240
375	248
376	257
377	227
378	257
379	255
380	254
381	238
382	268
383	247
384	244
385	244
386	229
387	233
388	250
389	251
390	225
391	229
392	246
393	196
394	236
395	245
396	250
397	248
398	197
399	217
400	222
401	252
402	224
403	231
404	222
405	205
406	222
407	217
408	223
409	211
410	237
411	223
412	222
413	214
414	230
415	242
416	218
417	227
418	201
419	210
420	204
421	219
422	199
423	247
424	220
425	209
426	201
427	201
428	215
429	213
430	206
431	188
432	222
433	217
434	217
435	183
436	222
437	222
438	200
439	214
440	219
441	202
442	220
443	198
444	226
445	195
446	185
447	209
448	184
449	177
450	178
451	185
452	218
453	196
454	204
455	177
456	188
457	202
458	200
459	186
460	205
461	174
462	216
463	202
464	199
465	177
466	202
467	213
468	180
469	187
470	188
471	180
472	200
473	175
474	157
475	197
476	153
477	193
478	196
479	194
480	204
481	175
482	178
483	180
484	185
485	197
486	196
487	168
488	166
489	180
490	187
491	162
492	185
493	167
494	158
495	171
496	177
497	158
498	175
499	170
500	163
501	155
502	196
503	174
504	154
505	170
506	145
507	158
508	162
509	169
510	161
511	187
512	188
513	182
514	159
515	159
516	164
517	173
518	185
519	152
520	166
521	168
522	153
523	168
524	155
525	122
526	168
527	154
528	158
529	152
530	156
531	139
532	178
533	165
534	150
535	157
536	157
537	148
538	179
539	169
540	164
541	137
542	173
543	145
544	154
545	136
546	156
547	159
548	148
549	165
550	140
551	168
552	156
553	142
554	147
555	150
556	164
557	168
558	160
559	155
560	158
561	167
562	204
563	212
564	295
565	370
566	313
567	263
568	230
569	195
570	151
571	145
572	138
573	117
574	169
575	152
576	124
577	150
578	143
579	146
580	151
581	155
582	132
583	140
584	158
585	139
586	159
587	147
588	156
589	130
590	128
591	146
592	125
593	141
594	126
595	110
596	144
597	141
598	152
599	131
600	116
601	120
602	135
603	147
604	134
605	130
606	146
607	132
608	148
609	133
610	128
611	140
612	119
613	114
614	136
615	129
616	133
617	127
618	146
619	120
620	141
621	127
622	140
623	159
624	137
625	157
626	131
627	110
628	118
629	142
630	134
631	115
632	128
633	135
634	107
635	119
636	112
637	128
638	131
639	141
640	128
641	117
642	147
643	129
644	157
645	159
646	179
647	154
648	127
649	123
650	127
651	121
652	132
653	144
654	118
655	125
656	122
657	140
658	132
659	132
660	147
661	104
662	123
663	131
664	121
665	116
666	132
667	109
668	137
669	129
670	117
671	126
672	141
673	179
674	172
675	212
676	159
677	126
678	116
679	137
680	133
681	105
682	112
683	125
684	115
685	98
686	115
687	119
688	132
689	114
690	122
691	109
692	112
693	112
694	106
695	117
696	114
697	102
698	111
699	113
700	110
701	105
702	97
703	117
704	89
705	109
706	103
707	111
708	118
709	113
710	126
711	104
712	103
713	111
714	106
715	121
716	117
717	127
718	94
719	106
720	108
721	115
722	113
723	83
724	103
725	110
726	100
727	131
728	101
729	112
730	103
731	95
732	104
733	97
734	115
735	106
736	114
737	94
738	98
739	112
740	96
741	118
742	123
743	116
744	98
745	99
746	110
747	108
748	121
749	93
750	100
751	112
752	110
753	96
754	103
755	111
756	102
757	101
758	101
759	105
760	102
761	114
762	92
763	103
764	92
765	126
766	117
767	90
768	114
769	128
770	113
771	114
772	105
773	95
774	107
775	94
776	113
777	117
778	113
779	105
780	108
781	113
782	106
783	105
784	86
785	111
786	104
787	88
788	103
789	95
790	94
791	109
792	98
793	85
794	105
795	103
796	82
797	99
798	88
799	91
800	89
801	95
802	106
803	96
804	107
805	105
806	101
807	104
808	103
809	100
810	71
811	95
812	92
813	85
814	90
815	81
816	86
817	69
818	93
819	92
820	87
821	94
822	71
823	94
824	84
825	94
826	102
827	75
828	60
829	91
830	90
831	112
832	104
833	84
834	106
835	92
836	92
837	71
838	96
839	93
840	108
841	85
842	94
843	94
844	92
845	92
846	90
847	96
848	78
849	97
850	86
851	93
852	98
853	99
854	91
855	74
856	93
857	85
858	74
859	85
860	74
861	98
862	82
863	85
864	92
865	83
866	88
867	80
868	92
869	87
870	80
871	81
872	101
873	92
874	98
875	77
876	82
877	90
878	97
879	86
880	92
881	77
882	80
883	79
884	84
885	70
886	72
887	82
888	86
889	82
890	90
891	83
892	87
893	79
894	75
895	93
896	69
897	79
898	78
899	72
900	70
901	89
902	83
903	76
904	80
905	86
906	81
907	74
908	69
909	73
910	71
911	74
912	80
913	75
914	83
915	85
916	79
917	86
918	92
919	86
920	74
921	91
922	72
923	88
924	84
925	91
926	89
927	68
928	66
929	85
930	83
931	75
932	85
933	93
934	73
935	73
936	73
937	67
938	77
939	75
940	78
941	95
942	87
943	81
944	58
945	83
946	80
947	81
948	89
949	70
950	84
951	91
952	104
953	63
954	73
955	74
956	69
957	67
958	81
959	76
960	80
961	63
962	69
963	93
964	64
965	86
966	80
967	71
968	81
969	77
970	78
971	79
972	74
973	72
974	78
975	65
976	65
977	90
978	73
979	72
980	77
981	74
982	88
983	65
984	72
985	76
986	58
987	77
988	69
989	73
990	66
991	61
992	64
993	63
994	69
995	81
996	61
997	66
998	73
999	84
1000	64
1001	63
1002	65
1003	62
1004	89
1005	94
1006	130
1007	162
1008	142
1009	118
1010	85
1011	89
1012	77
1013	62
1014	76
1015	64
1016	52
1017	61
1018	64
1019	85
1020	59
1021	58
1022	74
1023	71
1024	66
1025	56
1026	70
1027	70
1028	68
1029	75
1030	56
1031	69
1032	65
1033	84
1034	72
1035	86
1036	70
1037	67
1038	56
1039	63
1040	69
1041	63
1042	65
1043	50
1044	56
1045	60
1046	58
1047	59
1048	52
1049	71
1050	64
1051	80
1052	61
1053	71
1054	65
1055	76
1056	80
1057	59
1058	50
1059	79
1060	75
1061	85
1062	82
1063	92
1064	85
1065	96
1066	83
1067	92
1068	86
1069	83
1070	94
1071	109
1072	103
1073	88
1074	96
1075	59
1076	53
1077	69
1078	74
1079	63
1080	60
1081	71
1082	54
1083	67
1084	63
1085	48
1086	61
1087	51
1088	60
1089	51
1090	66
1091	65
1092	79
1093	70
1094	48
1095	67
1096	66
1097	58
1098	54
1099	66
1100	56
1101	50
1102	62
1103	69
1104	65
1105	57
1106	66
1107	85
1108	63
1109	65
1110	55
1111	63
1112	62
1113	49
1114	57
1115	58
1116	61
1117	59
1118	65
1119	57
1120	67
1121	52
1122	64
1123	62
1124	52
1125	69
1126	55
1127	76
1128	56
1129	66
1130	52
1131	72
1132	48
1133	55
1134	57
1135	51
1136	79
1137	68
1138	52
1139	58
1140	53
1141	71
1142	63
1143	69
1144	69
1145	50
1146	61
1147	56
1148	75
1149	49
1150	71
1151	55
1152	58
1153	56
1154	51
1155	71
1156	51
1157	53
1158	51
1159	46
1160	53
1161	77
1162	55
1163	44
1164	60
1165	61
1166	71
1167	58
1168	56
1169	63
1170	57
1171	48
1172	63
1173	58
1174	46
1175	50
1176	52
1177	57
1178	59
1179	52
1180	59
1181	56
1182	45
1183	61
1184	48
1185	45
1186	73
1187	69
1188	51
1189	51
1190	52
1191	68
1192	69
1193	51
1194	61
1195	62
1196	76
1197	42
1198	67
1199	56
1200	72
1201	58
1202	58
1203	70
1204	41
1205	58
1206	55
1207	51
1208	55
1209	52
1210	62
1211	54
1212	53
1213	59
1214	48
1215	61
1216	58
1217	49
1218	64
1219	55
1220	62
1221	51
1222	47
1223	50
1224	49
1225	49
1226	61
1227	62
1228	55
1229	56
1230	49
1231	70
1232	51
1233	72
1234	74
1235	66
1236	91
1237	95
1238	107
1239	108
1240	79
1241	68
1242	52
1243	56
1244	63
1245	66
1246	46
1247	57
1248	51
1249	48
1250	56
1251	48
1252	67
1253	67
1254	62
1255	56
1256	50
1257	40
1258	47
1259	56
1260	44
1261	51
1262	57
1263	55
1264	45
1265	64
1266	57
1267	43
1268	49
1269	48
1270	44
1271	60
1272	58
1273	61
1274	60
1275	53
1276	53
1277	59
1278	56
1279	69
1280	62
1281	47
1282	47
1283	58
1284	57
1285	68
1286	46
1287	56
1288	57
1289	62
1290	53
1291	53
1292	55
1293	54
1294	55
1295	58
1296	45
1297	48
1298	56
1299	53
1300	62
1301	55
1302	57
1303	45
1304	54
1305	56
1306	49
1307	57
1308	44
1309	49
1310	66
1311	69
1312	54
1313	66
1314	47
1315	43
1316	63
1317	53
1318	56
1319	48
1320	57
1321	57
1322	59
1323	56
1324	50
1325	53
1326	44
1327	69
1328	51
1329	45
1330	45
1331	55
1332	49
1333	55
1334	51
1335	51
1336	52
1337	50
1338	51
1339	42
1340	44
1341	55
1342	47
1343	58
1344	57
1345	56
1346	54
1347	45
1348	53
1349	50
1350	70
1351	46
1352	58
1353	48
1354	47
1355	63
1356	36
1357	50
1358	43
1359	53
1360	63
1361	66
1362	55
1363	53
1364	56
1365	52
1366	45
1367	56
1368	75
1369	59
1370	65
1371	52
1372	49
1373	46
1374	46
1375	51
1376	46
1377	40
1378	54
1379	48
1380	41
1381	49
1382	38
1383	39
1384	49
1385	41
1386	60
1387	41
1388	31
1389	50
1390	39
1391	39
1392	41
1393	49
1394	42
1395	47
1396	50
1397	28
1398	39
1399	35
1400	40
1401	54
1402	47
1403	46
1404	47
1405	44
1406	41
1407	30
1408	49
1409	36
1410	36
1411	52
1412	41
1413	41
1414	40
1415	62
1416	47
1417	50
1418	46
1419	40
1420	23
1421	46
1422	34
1423	39
1424	40
1425	44
1426	29
1427	36
1428	52
1429	44
1430	46
1431	38
1432	45
1433	38
1434	46
1435	41
1436	48
1437	42
1438	52
1439	43
1440	27
1441	51
1442	41
1443	30
1444	34
1445	37
1446	35
1447	36
1448	34
1449	30
1450	31
1451	28
1452	57
1453	33
1454	41
1455	29
1456	41
1457	36
1458	40
1459	38
1460	34
1461	35
1462	40
1463	40
1464	43
1465	48
1466	43
1467	44
1468	31
1469	41
1470	28
1471	33
1472	40
1473	45
1474	40
1475	30
1476	38
1477	28
1478	39
1479	37
1480	33
1481	41
1482	29
1483	36
1484	25
1485	27
1486	31
1487	26
1488	37
1489	24
1490	30
1491	27
1492	32
1493	34
1494	34
1495	35
1496	30
1497	23
1498	30
1499	36
1500	47
1501	32
1502	32
1503	31
1504	28
1505	24
1506	25
1507	34
1508	37
1509	35
1510	26
1511	24
1512	33
1513	32
1514	28
1515	31
1516	35
1517	36
1518	30
1519	27
1520	30
1521	37
1522	47
1523	42
1524	49
1525	48
1526	38
1527	32
1528	29
1529	33
1530	35
1531	31
1532	41
1533	39
1534	22
1535	29
1536	32
1537	21
1538	22
1539	22
1540	33
1541	27
1542	22
1543	26
1544	34
1545	27
1546	32
1547	44
1548	29
1549	29
1550	32
1551	31
1552	34
1553	27
1554	24
1555	35
1556	44
1557	31
1558	39
1559	46
1560	31
1561	27
1562	30
1563	24
1564	29
1565	31
1566	33
1567	32
1568	22
1569	37
1570	30
1571	34
1572	32
1573	35
1574	32
1575	26
1576	24
1577	36
1578	29
1579	25
1580	31
1581	27
1582	25
1583	23
1584	35
1585	25
1586	31
1587	22
1588	36
1589	21
1590	30
1591	27
1592	33
1593	27
1594	28
1595	27
1596	26
1597	26
1598	30
1599	29
1600	25
1601	21
1602	25
1603	32
1604	28
1605	24
1606	26
1607	24
1608	25
1609	32
1610	42
1611	124
1612	294
1613	602
1614	895
1615	894
1616	729
1617	411
1618	177
1619	58
1620	24
1621	15
1622	11
1623	13
1624	20
1625	26
1626	11
1627	11
1628	23
1629	28
1630	17
1631	15
1632	15
1633	20
1634	21
1635	13
1636	20
1637	18
1638	13
1639	18
1640	14
1641	21
1642	23
1643	12
1644	15
1645	9
1646	16
1647	15
1648	15
1649	17
1650	15
1651	10
1652	21
1653	14
1654	15
1655	17
1656	22
1657	24
1658	14
1659	20
1660	21
1661	20
1662	20
1663	7
1664	11
1665	17
1666	27
1667	29
1668	34
1669	23
1670	28
1671	22
1672	14
1673	24
1674	14
1675	14
1676	18
1677	20
1678	17
1679	15
1680	10
1681	19
1682	13
1683	16
1684	12
1685	13
1686	17
1687	14
1688	8
1689	12
1690	13
1691	12
1692	23
1693	14
1694	16
1695	17
1696	13
1697	8
1698	15
1699	13
1700	19
1701	17
1702	18
1703	18
1704	10
1705	14
1706	23
1707	24
1708	20
1709	15
1710	9
1711	20
1712	14
1713	16
1714	14
1715	15
1716	7
1717	14
1718	12
1719	14
1720	18
1721	19
1722	21
1723	14
1724	16
1725	19
1726	13
1727	19
1728	11
1729	15
1730	13
1731	12
1732	19
1733	10
1734	11
1735	15
1736	12
1737	22
1738	14
1739	15
1740	8
1741	15
1742	12
1743	18
1744	19
1745	17
1746	16
1747	14
1748	21
1749	20
1750	12
1751	20
1752	22
1753	18
1754	32
1755	31
1756	41
1757	30
1758	16
1759	35
1760	22
1761	20
1762	20
1763	18
1764	19
1765	9
1766	16
1767	17
1768	14
1769	9
1770	10
1771	10
1772	3
1773	15
1774	13
1775	10
1776	16
1777	15
1778	15
1779	11
1780	15
1781	14
1782	8
1783	14
1784	18
1785	8
1786	11
1787	6
1788	16
1789	16
1790	19
1791	17
1792	30
1793	23
1794	22
1795	26
1796	15
1797	20
1798	12
1799	12
1800	23
1801	14
1802	23
1803	16
1804	8
1805	14
1806	10
1807	8
1808	19
1809	18
1810	20
1811	19
1812	8
1813	18
1814	11
1815	16
1816	12
1817	12
1818	11
1819	10
1820	11
1821	20
1822	16
1823	5
1824	9
1825	8
1826	16
1827	14
1828	10
1829	16
1830	9
1831	21
1832	11
1833	11
1834	17
1835	19
1836	16
1837	10
1838	18
1839	9
1840	12
1841	8
1842	10
1843	17
1844	8
1845	11
1846	6
1847	14
1848	12
1849	10
1850	11
1851	13
1852	7
1853	12
1854	14
1855	9
1856	17
1857	14
1858	15
1859	13
1860	15
1861	13
1862	16
1863	19
1864	17
1865	15
1866	10
1867	14
1868	11
1869	7
1870	17
1871	13
1872	11
1873	12
1874	5
1875	7
1876	14
1877	17
1878	7
1879	21
1880	12
1881	12
1882	12
1883	8
1884	9
1885	10
1886	14
1887	19
1888	11
1889	12
1890	12
1891	15
1892	10
1893	14
1894	14
1895	8
1896	14
1897	10
1898	13
1899	10
1900	8
1901	5
1902	14
1903	15
1904	8
1905	12
1906	12
1907	8
1908	10
1909	13
1910	28
1911	35
1912	19
1913	28
1914	19
1915	18
1916	8
1917	11
1918	7
1919	9
1920	15
1921	8
1922	9
1923	10
1924	17
1925	11
1926	15
1927	7
1928	14
1929	14
1930	4
1931	14
1932	10
1933	15
1934	10
1935	6
1936	11
1937	10
1938	10
1939	15
1940	14
1941	11
1942	11
1943	8
1944	17
1945	14
1946	15
1947	29
1948	58
1949	60
1950	68
1951	119
1952	57
1953	28
1954	17
1955	12
1956	11
1957	16
1958	7
1959	7
1960	12
1961	13
1962	14
1963	11
1964	3
1965	8
1966	8
1967	8
1968	14
1969	7
1970	8
1971	7
1972	10
1973	12
1974	6
1975	10
1976	12
1977	6
1978	9
1979	5
1980	12
1981	12
1982	11
1983	13
1984	12
1985	8
1986	6
1987	8
1988	9
1989	7
1990	14
1991	10
1992	19
1993	5
1994	14
1995	9
1996	4
1997	6
1998	9
1999	5
2000	14
2001	9
2002	10
2003	8
2004	8
2005	8
2006	11
2007	10
2008	5
2009	5
2010	16
2011	14
2012	4
2013	12
2014	8
2015	10
2016	11
2017	10
2018	11
2019	9
2020	13
2021	9
2022	8
2023	16
2024	13
2025	10
2026	13
2027	10
2028	9
2029	13
2030	13
2031	10
2032	16
2033	10
2034	13
2035	6
2036	6
2037	11
2038	15
2039	18
2040	12
2041	28
2042	25
2043	16
2044	22
2045	11
2046	11
2047	11
2048	14
2049	9
2050	6
2051	9
2052	9
2053	9
2054	21
2055	7
2056	17
2057	10
2058	15
2059	20
2060	9
2061	9
2062	12
2063	10
2064	10
2065	7
2066	13
2067	16
2068	15
2069	9
2070	13
2071	11
2072	8
2073	11
2074	9
2075	11
2076	15
2077	12
2078	10
2079	6
2080	7
2081	9
2082	9
2083	10
2084	6
2085	5
2086	12
2087	12
2088	9
2089	13
2090	10
2091	13
2092	5
2093	11
2094	12
2095	13
2096	9
2097	14
2098	7
2099	22
2100	10
2101	12
2102	9
2103	10
2104	10
2105	11
2106	9
2107	15
2108	4
2109	4
2110	13
2111	7
2112	13
2113	6
2114	9
2115	11
2116	12
2117	5
2118	16
2119	13
2120	11
2121	9
2122	12
2123	6
2124	8
2125	8
2126	6
2127	8
2128	14
2129	16
2130	15
2131	11
2132	6
2133	11
2134	10
2135	9
2136	9
2137	5
2138	10
2139	9
2140	9
2141	10
2142	10
2143	13
2144	11
2145	4
2146	8
2147	13
2148	10
2149	10
2150	4
2151	9
2152	10
2153	9
2154	12
2155	11
2156	11
2157	13
2158	7
2159	9
2160	14
2161	11
2162	13
2163	7
2164	6
2165	9
2166	7
2167	10
2168	9
2169	16
2170	14
2171	9
2172	8
2173	12
2174	13
2175	6
2176	9
2177	9
2178	11
2179	9
2180	6
2181	9
2182	6
2183	6
2184	5
2185	8
2186	6
2187	8
2188	8
2189	10
2190	3
2191	8
2192	12
2193	13
2194	6
2195	8
2196	9
2197	10
2198	8
2199	14
2200	6
2201	10
2202	12
2203	9
2204	12
2205	10
2206	14
2207	10
2208	9
2209	9
2210	6
2211	13
2212	9
2213	12
2214	9
2215	11
2216	9
2217	7
2218	16
2219	13
2220	12
2221	7
2222	13
2223	9
2224	13
2225	12
2226	10
2227	11
2228	6
2229	5
2230	11
2231	14
2232	9
2233	4
2234	7
2235	8
2236	8
2237	6
2238	8
2239	6
2240	6
2241	10
2242	7
2243	11
2244	7
2245	9
2246	15
2247	9
2248	11
2249	15
2250	4
2251	7
2252	8
2253	11
2254	10
2255	14
2256	14
2257	8
2258	8
2259	9
2260	8
2261	11
2262	8
2263	9
2264	8
2265	8
2266	9
2267	7
2268	9
2269	7
2270	10
2271	2
2272	9
2273	8
2274	4
2275	9
2276	6
2277	8
2278	4
2279	6
2280	8
2281	8
2282	7
2283	12
2284	5
2285	8
2286	7
2287	8
2288	14
2289	6
2290	11
2291	5
2292	7
2293	5
2294	5
2295	7
2296	6
2297	8
2298	6
2299	5
2300	9
2301	7
2302	6
2303	10
2304	7
2305	7
2306	7
2307	6
2308	5
2309	8
2310	10
2311	7
2312	14
2313	7
2314	7
2315	8
2316	7
2317	11
2318	16
2319	9
2320	17
2321	23
2322	26
2323	31
2324	31
2325	35
2326	30
2327	21
2328	15
2329	9
2330	10
2331	15
2332	5
2333	9
2334	9
2335	15
2336	8
2337	8
2338	6
2339	14
2340	14
2341	16
2342	13
2343	8
2344	16
2345	10
2346	10
2347	9
2348	7
2349	9
2350	10
2351	5
2352	7
2353	11
2354	9
2355	11
2356	10
2357	6
2358	5
2359	11
2360	14
2361	12
2362	6
2363	13
2364	7
2365	11
2366	9
2367	5
2368	10
2369	8
2370	7
2371	6
2372	10
2373	8
2374	7
2375	10
2376	9
2377	5
2378	6
2379	8
2380	4
2381	8
2382	10
2383	14
2384	8
2385	7
2386	12
2387	5
2388	6
2389	7
2390	7
2391	9
2392	7
2393	6
2394	4
2395	7
2396	5
2397	7
2398	7
2399	11
2400	9
2401	13
2402	11
2403	9
2404	7
2405	9
2406	6
2407	2
2408	8
2409	10
2410	5
2411	9
2412	8
2413	10
2414	10
2415	10
2416	9
2417	12
2418	10
2419	7
2420	11
2421	7
2422	7
2423	7
2424	3
2425	7
2426	15
2427	3
2428	14
2429	10
2430	12
2431	5
2432	12
2433	30
2434	26
2435	38
2436	38
2437	38
2438	27
2439	12
2440	7
2441	8
2442	12
2443	8
2444	4
2445	6
2446	12
2447	15
2448	11
2449	8
2450	12
2451	9
2452	8
2453	8
2454	8
2455	10
2456	7
2457	5
2458	8
2459	3
2460	5
2461	8
2462	11
2463	10
2464	9
2465	12
2466	9
2467	14
2468	8
2469	9
2470	6
2471	10
2472	13
2473	8
2474	10
2475	4
2476	7
2477	7
2478	9
2479	5
2480	9
2481	6
2482	8
2483	8
2484	6
2485	12
2486	9
2487	5
2488	5
2489	8
2490	7
2491	11
2492	5
2493	9
2494	9
2495	7
2496	5
2497	9
2498	6
2499	7
2500	10
2501	10
2502	8
2503	13
2504	6
2505	15
2506	10
2507	3
2508	8
2509	8
2510	6
2511	4
2512	12
2513	13
2514	8
2515	6
2516	7
2517	7
2518	6
2519	13
2520	9
2521	8
2522	10
2523	7
2524	12
2525	1
2526	6
2527	8
2528	8
2529	10
2530	13
2531	6
2532	8
2533	5
2534	11
2535	17
2536	14
2537	9
2538	15
2539	10
2540	13
2541	5
2542	4
2543	10
2544	11
2545	10
2546	11
2547	8
2548	8
2549	11
2550	9
2551	11
2552	14
2553	9
2554	8
2555	10
2556	10
2557	9
2558	9
2559	14
2560	5
2561	8
2562	8
2563	9
2564	6
2565	9
2566	5
2567	8
2568	9
2569	14
2570	6
2571	14
2572	11
2573	8
2574	14
2575	8
2576	11
2577	6
2578	9
2579	9
2580	7
2581	12
2582	7
2583	14
2584	11
2585	10
2586	6
2587	5
2588	10
2589	7
2590	10
2591	12
2592	5
2593	15
2594	7
2595	10
2596	10
2597	10
2598	11
2599	12
2600	8
2601	11
2602	8
2603	8
2604	12
2605	12
2606	7
2607	12
2608	11
2609	10
2610	9
2611	4
2612	8
2613	13
2614	9
2615	8
2616	10
2617	6
2618	10
2619	8
2620	6
2621	7
2622	7
2623	11
2624	8
2625	9
2626	11
2627	6
2628	14
2629	13
2630	7
2631	7
2632	8
2633	9
2634	8
2635	7
2636	4
2637	6
2638	10
2639	5
2640	6
2641	6
2642	8
2643	9
2644	6
2645	10
2646	8
2647	4
2648	8
2649	13
2650	6
2651	5
2652	14
2653	7
2654	5
2655	5
2656	6
2657	3
2658	6
2659	10
2660	9
2661	5
2662	8
2663	13
2664	4
2665	9
2666	4
2667	3
2668	5
2669	6
2670	5
2671	7
2672	5
2673	7
2674	8
2675	8
2676	5
2677	2
2678	7
2679	4
2680	6
2681	3
2682	5
2683	9
2684	6
2685	7
2686	10
2687	12
2688	7
2689	7
2690	5
2691	4
2692	8
2693	7
2694	9
2695	6
2696	8
2697	11
2698	4
2699	9
2700	9
2701	9
2702	19
2703	12
2704	15
2705	15
2706	7
2707	9
2708	12
2709	4
2710	2
2711	4
2712	2
2713	2
2714	6
2715	7
2716	6
2717	7
2718	2
2719	5
2720	2
2721	5
2722	7
2723	7
2724	1
2725	3
2726	6
2727	6
2728	4
2729	6
2730	4
2731	7
2732	4
2733	6
2734	5
2735	4
2736	4
2737	1
2738	4
2739	3
2740	3
2741	2
2742	3
2743	2
2744	9
2745	6
2746	2
2747	6
2748	5
2749	4
2750	6
2751	3
2752	8
2753	4
2754	1
2755	5
2756	5
2757	2
2758	2
2759	3
2760	3
2761	1
2762	1
2763	1
2764	0
2765	1
2766	1
2767	0
2768	2
2769	4
2770	4
2771	5
2772	2
2773	6
2774	5
2775	2
2776	5
2777	2
2778	1
2779	1
2780	3
2781	2
2782	1
2783	6
2784	4
2785	4
2786	5
2787	2
2788	1
2789	3
2790	2
2791	2
2792	2
2793	2
2794	1
2795	5
2796	4
2797	2
2798	5
2799	3
2800	4
2801	6
2802	0
2803	3
2804	2
2805	2
2806	3
2807	3
2808	4
2809	2
2810	2
2811	5
2812	1
2813	2
2814	2
2815	4
2816	2
2817	3
2818	4
2819	2
2820	4
2821	4
2822	0
2823	2
2824	2
2825	6
2826	0
2827	3
2828	4
2829	6
2830	2
2831	2
2832	4
2833	8
2834	0
2835	3
2836	5
2837	2
2838	3
2839	2
2840	4
2841	3
2842	4
2843	3
2844	3
2845	5
2846	2
2847	1
2848	3
2849	1
2850	2
2851	1
2852	0
2853	2
2854	5
2855	2
2856	1
2857	4
2858	2
2859	0
2860	1
2861	3
2862	4
2863	5
2864	2
2865	5
2866	2
2867	0
2868	3
2869	1
2870	1
2871	4
2872	3
2873	3
2874	3
2875	0
2876	3
2877	0
2878	3
2879	3
2880	3
2881	5
2882	4
2883	7
2884	36
2885	66
2886	133
2887	172
2888	252
2889	225
2890	242
2891	162
2892	106
2893	26
2894	15
2895	6
2896	1
2897	0
2898	0
2899	0
2900	0
2901	2
2902	0
2903	1
2904	0
2905	0
2906	0
2907	2
2908	0
2909	0
2910	1
2911	1
2912	0
2913	1
2914	1
2915	0
2916	2
2917	3
2918	2
2919	1
2920	1
2921	2
2922	0
2923	0
2924	0
2925	1
2926	0
2927	1
2928	2
2929	1
2930	0
2931	3
2932	2
2933	1
2934	0
2935	1
2936	1
2937	1
2938	1
2939	0
2940	1
2941	1
2942	1
2943	1
2944	2
2945	1
2946	1
2947	1
2948	0
2949	0
2950	1
2951	0
2952	1
2953	1
2954	0
2955	0
2956	0
2957	1
2958	2
2959	2
2960	2
2961	1
2962	2
2963	0
2964	1
2965	2
2966	0
2967	1
2968	1
2969	0
2970	0
2971	0
2972	2
2973	1
2974	0
2975	1
2976	1
2977	2
2978	0
2979	0
2980	2
2981	0
2982	1
2983	1
2984	1
2985	0
2986	1
2987	1
2988	0
2989	2
2990	2
2991	1
2992	0
2993	2
2994	0
2995	1
2996	0
2997	1
2998	1
2999	0
3000	2
3001	1
3002	0
3003	0
3004	1
3005	1
3006	1
3007	1
3008	0
3009	0
3010	1
3011	0
3012	0
3013	0
3014	1
3015	1
3016	1
3017	1
3018	0
3019	0
3020	1
3021	2
3022	2
3023	0
3024	1
3025	0
3026	1
3027	0
3028	2
3029	0
3030	0
3031	0
3032	1
3033	3
3034	2
3035	1
3036	1
3037	0
3038	0
3039	0
3040	1
3041	1
3042	0
3043	0
3044	0
3045	3
3046	1
3047	3
3048	2
3049	0
3050	2
3051	1
3052	2
3053	0
3054	0
3055	0
3056	1
3057	2
3058	2
3059	0
3060	2
3061	0
3062	1
3063	0
3064	5
3065	1
3066	1
3067	2
3068	0
3069	0
3070	2
3071	0
3072	0
3073	0
3074	0
3075	1
3076	0
3077	1
3078	0
3079	1
3080	1
3081	0
3082	1
3083	1
3084	2
3085	0
3086	1
3087	1
3088	2
3089	1
3090	1
3091	2
3092	1
3093	0
3094	2
3095	0
3096	0
3097	0
3098	0
3099	0
3100	2
3101	1
3102	0
3103	0
3104	0
3105	1
3106	0
3107	0
3108	1
3109	0
3110	3
3111	1
3112	4
3113	0
3114	0
3115	0
3116	2
3117	3
3118	0
3119	1
3120	2
3121	0
3122	1
3123	0
3124	5
3125	2
3126	1
3127	1
3128	0
3129	2
3130	1
3131	0
3132	0
3133	1
3134	1
3135	0
3136	1
3137	4
3138	0
3139	0
3140	0
3141	0
3142	2
3143	1
3144	1
3145	0
3146	0
3147	3
3148	0
3149	0
3150	1
3151	1
3152	0
3153	0
3154	1
3155	1
3156	0
3157	0
3158	0
3159	0
3160	0
3161	1
3162	0
3163	1
3164	0
3165	2
3166	1
3167	0
3168	1
3169	0
3170	1
3171	0
3172	1
3173	0
3174	0
3175	1
3176	0
3177	2
3178	1
3179	1
3180	1
3181	1
3182	1
3183	2
3184	0
3185	0
3186	1
3187	1
3188	2
3189	0
3190	1
3191	1
3192	1
3193	1
3194	2
3195	0
3196	1
3197	0
3198	0
3199	2
3200	1
3201	0
3202	1
3203	0
3204	0
3205	1
3206	1
3207	0
3208	1
3209	3
3210	1
3211	0
3212	1
3213	1
3214	0
3215	1
3216	3
3217	0
3218	0
3219	0
3220	0
3221	1
3222	1
3223	1
3224	0
3225	2
3226	0
3227	0
3228	0
3229	1
3230	2
3231	2
3232	1
3233	1
3234	0
3235	1
3236	1
3237	0
3238	1
3239	1
3240	0
3241	0
3242	0
3243	1
3244	0
3245	0
3246	0
3247	3
3248	1
3249	0
3250	1
3251	0
3252	1
3253	1
3254	1
3255	2
3256	0
3257	0
3258	1
3259	0
3260	2
3261	1
3262	3
3263	0
3264	0
3265	1
3266	1
3267	0
3268	0
3269	0
3270	4
3271	1
3272	1
3273	1
3274	1
3275	2
3276	2
3277	0
3278	1
3279	0
3280	0
3281	2
3282	0
3283	1
3284	0
3285	1
3286	2
3287	1
3288	1
3289	1
3290	1
3291	1
3292	0
3293	0
3294	0
3295	1
3296	0
3297	0
3298	2
3299	0
3300	0
3301	0
3302	0
3303	0
3304	1
3305	1
3306	0
3307	0
3308	0
3309	0
3310	0
3311	0
3312	0
3313	0
3314	0
3315	1
3316	2
3317	0
3318	0
3319	1
3320	1
3321	1
3322	1
3323	0
3324	0
3325	0
3326	2
3327	2
3328	0
3329	0
3330	1
3331	0
3332	1
3333	0
3334	2
3335	0
3336	1
3337	0
3338	3
3339	1
3340	0
3341	1
3342	0
3343	1
3344	0
3345	1
3346	1
3347	0
3348	2
3349	0
3350	2
3351	0
3352	0
3353	0
3354	0
3355	0
3356	0
3357	0
3358	0
3359	1
3360	0
3361	2
3362	0
3363	0
3364	0
3365	2
3366	0
3367	2
3368	1
3369	1
3370	1
3371	1
3372	0
3373	0
3374	2
3375	0
3376	0
3377	1
3378	1
3379	0
3380	1
3381	0
3382	1
3383	0
3384	1
3385	2
3386	0
3387	1
3388	0
3389	0
3390	0
3391	1
3392	1
3393	0
3394	1
3395	0
3396	1
3397	2
3398	2
3399	1
3400	1
3401	0
3402	0
3403	2
3404	1
3405	0
3406	0
3407	1
3408	0
3409	1
3410	1
3411	1
3412	1
3413	1
3414	1
3415	2
3416	0
3417	3
3418	1
3419	0
3420	1
3421	0
3422	1
3423	1
3424	1
3425	0
3426	2
3427	1
3428	0
3429	1
3430	1
3431	2
3432	1
3433	0
3434	0
3435	1
3436	1
3437	0
3438	0
3439	0
3440	2
3441	1
3442	1
3443	0
3444	2
3445	0
3446	2
3447	0
3448	1
3449	1
3450	0
3451	0
3452	0
3453	1
3454	0
3455	1
3456	1
3457	0
3458	1
3459	1
3460	1
3461	0
3462	0
3463	1
3464	0
3465	1
3466	0
3467	1
3468	0
3469	0
3470	0
3471	0
3472	0
3473	0
3474	0
3475	1
3476	0
3477	0
3478	0
3479	0
3480	0
3481	0
3482	0
3483	0
3484	0
3485	2
3486	3
3487	1
3488	2
3489	0
3490	0
3491	0
3492	0
3493	1
3494	3
3495	0
3496	2
3497	1
3498	0
3499	0
3500	1
3501	1
3502	1
3503	2
3504	1
3505	1
3506	0
3507	0
3508	2
3509	0
3510	1
3511	0
3512	2
3513	3
3514	1
3515	2
3516	2
3517	0
3518	0
3519	0
3520	1
3521	2
3522	0
3523	0
3524	1
3525	1
3526	0
3527	1
3528	1
3529	0
3530	0
3531	0
3532	0
3533	2
3534	1
3535	0
3536	0
3537	0
3538	0
3539	0
3540	0
3541	0
3542	0
3543	0
3544	0
3545	0
3546	1
3547	0
3548	0
3549	0
3550	1
3551	1
3552	1
3553	0
3554	0
3555	0
3556	0
3557	0
3558	2
3559	0
3560	1
3561	0
3562	1
3563	0
3564	0
3565	0
3566	0
3567	2
3568	2
3569	0
3570	0
3571	2
3572	0
3573	0
3574	0
3575	1
3576	1
3577	4
3578	1
3579	0
3580	0
3581	1
3582	1
3583	1
3584	1
3585	1
3586	3
3587	0
3588	0
3589	1
3590	3
3591	1
3592	0
3593	0
3594	0
3595	2
3596	1
3597	1
3598	0
3599	0
3600	0
3601	0
3602	1
3603	0
3604	0
3605	0
3606	1
3607	0
3608	0
3609	0
3610	0
3611	0
3612	1
3613	0
3614	0
3615	0
3616	1
3617	1
3618	1
3619	0
3620	1
3621	0
3622	0
3623	1
3624	1
3625	0
3626	1
3627	0
3628	2
3629	1
3630	1
3631	2
3632	1
3633	0
3634	0
3635	0
3636	0
3637	1
3638	1
3639	1
3640	0
3641	0
3642	0
3643	2
3644	2
3645	1
3646	1
3647	1
3648	0
3649	0
3650	1
3651	0
3652	0
3653	0
3654	0
3655	0
3656	0
3657	1
3658	2
3659	2
3660	0
3661	0
3662	2
3663	0
3664	0
3665	1
3666	1
3667	0
3668	1
3669	0
3670	1
3671	0
3672	0
3673	1
3674	0
3675	0
3676	1
3677	2
3678	0
3679	0
3680	0
3681	0
3682	1
3683	0
3684	0
3685	1
3686	2
3687	0
3688	0
3689	1
3690	0
3691	0
3692	1
3693	0
3694	0
3695	0
3696	1
3697	1
3698	2
3699	0
3700	1
3701	0
3702	0
3703	0
3704	1
3705	2
3706	2
3707	1
3708	0
3709	2
3710	0
3711	0
3712	0
3713	1
3714	1
3715	0
3716	0
3717	0
3718	1
3719	1
3720	1
3721	0
3722	0
3723	0
3724	0
3725	0
3726	0
3727	1
3728	0
3729	0
3730	1
3731	0
3732	0
3733	1
3734	0
3735	2
3736	0
3737	2
3738	1
3739	0
3740	0
3741	1
3742	0
3743	0
3744	0
3745	1
3746	0
3747	0
3748	0
3749	0
3750	0
3751	0
3752	2
3753	1
3754	1
3755	0
3756	1
3757	1
3758	0
3759	0
3760	1
3761	0
3762	1
3763	2
3764	0
3765	0
3766	1
3767	0
3768	0
3769	0
3770	1
3771	1
3772	1
3773	1
3774	1
3775	1
3776	0
3777	0
3778	1
3779	0
3780	0
3781	0
3782	0
3783	1
3784	0
3785	0
3786	0
3787	1
3788	2
3789	0
3790	1
3791	2
3792	1
3793	2
3794	0
3795	1
3796	0
3797	2
3798	1
3799	1
3800	0
3801	1
3802	1
3803	0
3804	1
3805	1
3806	0
3807	0
3808	0
3809	1
3810	1
3811	0
3812	0
3813	0
3814	0
3815	0
3816	0
3817	0
3818	0
3819	2
3820	1
3821	2
3822	1
3823	2
3824	0
3825	0
3826	2
3827	1
3828	1
3829	0
3830	0
3831	0
3832	1
3833	1
3834	0
3835	1
3836	0
3837	0
3838	1
3839	0
3840	0
3841	0
3842	0
3843	0
3844	1
3845	0
3846	0
3847	0
3848	0
3849	1
3850	1
3851	0
3852	0
3853	0
3854	0
3855	0
3856	0
3857	1
3858	1
3859	1
3860	1
3861	0
3862	0
3863	1
3864	0
3865	0
3866	1
3867	0
3868	0
3869	1
3870	0
3871	1
3872	2
3873	2
3874	1
3875	1
3876	0
3877	0
3878	3
3879	1
3880	1
3881	1
3882	3
3883	0
3884	1
3885	0
3886	0
3887	0
3888	1
3889	2
3890	1
3891	1
3892	0
3893	4
3894	0
3895	1
3896	1
3897	0
3898	0
3899	0
3900	2
3901	0
3902	0
3903	0
3904	1
3905	0
3906	0
3907	0
3908	0
3909	0
3910	1
3911	0
3912	0
3913	0
3914	0
3915	0
3916	0
3917	0
3918	1
3919	0
3920	0
3921	0
3922	0
3923	1
3924	1
3925	1
3926	1
3927	0
3928	0
3929	1
3930	0
3931	0
3932	0
3933	0
3934	0
3935	0
3936	0
3937	2
3938	0
3939	0
3940	2
3941	0
3942	3
3943	2
3944	0
3945	0
3946	0
3947	0
3948	0
3949	0
3950	2
3951	1
3952	0
3953	0
3954	0
3955	1
3956	1
3957	0
3958	1
3959	3
3960	0
3961	0
3962	1
3963	0
3964	0
3965	0
3966	5
3967	0
3968	1
3969	1
3970	1
3971	0
3972	1
3973	0
3974	1
3975	1
3976	1
3977	0
3978	0
3979	0
3980	0
3981	1
3982	0
3983	2
3984	0
3985	1
3986	0
3987	0
3988	0
3989	1
3990	1
3991	1
3992	1
3993	1
3994	3
3995	2
3996	0
3997	1
3998	2
3999	0
4000	1
4001	0
4002	0
4003	2
4004	1
4005	1
4006	0
4007	0
4008	0
4009	1
4010	0
4011	0
4012	1
4013	1
4014	2
4015	0
4016	1
4017	0
4018	0
4019	2
4020	0
4021	0
4022	0
4023	1
4024	2
4025	2
4026	0
4027	0
4028	0
4029	0
4030	1
4031	1
4032	0
4033	0
4034	3
4035	1
4036	1
4037	0
4038	0
4039	0
4040	0
4041	1
4042	0
4043	2
4044	2
4045	0
4046	1
4047	0
4048	0
4049	2
4050	0
4051	1
4052	0
4053	1
4054	1
4055	0
4056	1
4057	0
4058	0
4059	1
4060	0
4061	0
4062	1
4063	0
4064	1
4065	2
4066	1
4067	2
4068	1
4069	0
4070	1
4071	1
4072	0
4073	1
4074	0
4075	1
4076	0
4077	0
4078	2
4079	0
4080	0
4081	0
4082	0
4083	1
4084	0
4085	2
4086	0
4087	1
4088	1
4089	0
4090	0
4091	0
4092	0
4093	0
4094	1
4095	2
4096	0
4097	0
4098	0
4099	1
4100	0
4101	0
4102	0
4103	0
4104	0
4105	3
4106	0
4107	0
4108	0
4109	2
4110	2
4111	0
4112	1
4113	1
4114	1
4115	0
4116	0
4117	0
4118	0
4119	1
4120	1
4121	0
4122	0
4123	1
4124	0
4125	0
4126	0
4127	0
4128	0
4129	0
4130	0
4131	0
4132	1
4133	0
4134	1
4135	0
4136	2
4137	0
4138	2
4139	0
4140	0
4141	0
4142	0
4143	0
4144	0
4145	1
4146	0
4147	1
4148	0
4149	0
4150	1
4151	0
4152	0
4153	0
4154	1
4155	0
4156	2
4157	0
4158	1
4159	0
4160	1
4161	0
4162	1
4163	0
4164	0
4165	0
4166	2
4167	0
4168	0
4169	0
4170	0
4171	0
4172	0
4173	0
4174	2
4175	0
4176	0
4177	1
4178	2
4179	0
4180	0
4181	1
4182	0
4183	0
4184	1
4185	1
4186	1
4187	0
4188	0
4189	0
4190	1
4191	0
4192	1
4193	0
4194	0
4195	1
4196	1
4197	0
4198	0
4199	1
4200	0
4201	1
4202	1
4203	2
4204	0
4205	0
4206	1
4207	0
4208	0
4209	1
4210	1
4211	0
4212	1
4213	0
4214	0
4215	0
4216	0
4217	1
4218	0
4219	1
4220	1
4221	1
4222	1
4223	1
4224	1
4225	0
4226	2
4227	0
4228	0
4229	0
4230	0
4231	1
4232	0
4233	0
4234	2
4235	1
4236	1
4237	2
4238	0
4239	0
4240	0
4241	0
4242	0
4243	0
4244	0
4245	0
4246	0
4247	0
4248	1
4249	0
4250	0
4251	1
4252	0
4253	0
4254	0
4255	0
4256	1
4257	1
4258	0
4259	0
4260	1
4261	0
4262	0
4263	0
4264	0
4265	0
4266	3
4267	2
4268	1
4269	0
4270	0
4271	0
4272	0
4273	0
4274	0
4275	0
4276	1
4277	1
4278	2
4279	0
4280	1
4281	1
4282	0
4283	0
4284	2
4285	0
4286	1
4287	0
4288	0
4289	1
4290	2
4291	1
4292	0
4293	0
4294	0
4295	1
4296	0
4297	1
4298	0
4299	1
4300	0
4301	0
4302	0
4303	0
4304	2
4305	0
4306	0
4307	0
4308	0
4309	1
4310	1
4311	2
4312	0
4313	1
4314	1
4315	0
4316	0
4317	1
4318	0
4319	2
4320	0
4321	1
4322	1
4323	0
4324	0
4325	0
4326	0
4327	1
4328	2
4329	0
4330	1
4331	1
4332	1
4333	2
4334	0
4335	1
4336	0
4337	1
4338	0
4339	0
4340	1
4341	0
4342	0
4343	0
4344	1
4345	0
4346	0
4347	0
4348	0
4349	0
4350	0
4351	0
4352	0
4353	1
4354	0
4355	0
4356	0
4357	1
4358	1
4359	0
4360	0
4361	1
4362	2
4363	0
4364	0
4365	0
4366	1
4367	0
4368	3
4369	0
4370	0
4371	0
4372	1
4373	0
4374	1
4375	1
4376	1
4377	0
4378	1
4379	0
4380	1
4381	2
4382	0
4383	0
4384	0
4385	0
4386	0
4387	1
4388	1
4389	0
4390	0
4391	2
4392	0
4393	0
4394	1
4395	0
4396	1
4397	0
4398	2
4399	0
4400	0
4401	0
4402	1
4403	1
4404	1
4405	0
4406	0
4407	1
4408	1
4409	0
4410	1
4411	0
4412	0
4413	0
4414	0
4415	1
4416	0
4417	1
4418	1
4419	0
4420	1
4421	0
4422	0
4423	1
4424	0
4425	0
4426	2
4427	0
4428	1
4429	0
4430	1
4431	0
4432	0
4433	0
4434	1
4435	1
4436	2
4437	0
4438	0
4439	0
4440	0
4441	0
4442	1
4443	0
4444	0
4445	0
4446	0
4447	0
4448	0
4449	1
4450	2
4451	1
4452	0
4453	0
4454	0
4455	0
4456	0
4457	0
4458	0
4459	0
4460	0
4461	3
4462	1
4463	0
4464	1
4465	0
4466	0
4467	1
4468	0
4469	0
4470	0
4471	1
4472	0
4473	1
4474	0
4475	1
4476	1
4477	0
4478	1
4479	1
4480	0
4481	0
4482	0
4483	0
4484	2
4485	0
4486	0
4487	0
4488	1
4489	1
4490	1
4491	0
4492	1
4493	0
4494	0
4495	0
4496	0
4497	0
4498	0
4499	0
4500	0
4501	0
4502	3
4503	3
4504	0
4505	0
4506	1
4507	2
4508	1
4509	0
4510	0
4511	0
4512	0
4513	0
4514	0
4515	0
4516	1
4517	0
4518	0
4519	1
4520	0
4521	0
4522	0
4523	0
4524	1
4525	0
4526	2
4527	0
4528	0
4529	0
4530	0
4531	0
4532	1
4533	0
4534	0
4535	0
4536	1
4537	0
4538	0
4539	0
4540	0
4541	1
4542	1
4543	1
4544	0
4545	2
4546	1
4547	2
4548	0
4549	0
4550	0
4551	3
4552	1
4553	1
4554	1
4555	3
4556	0
4557	2
4558	0
4559	0
4560	0
4561	0
4562	0
4563	1
4564	1
4565	0
4566	1
4567	2
4568	0
4569	0
4570	0
4571	0
4572	1
4573	0
4574	0
4575	0
4576	0
4577	1
4578	2
4579	1
4580	0
4581	0
4582	0
4583	2
4584	1
4585	1
4586	0
4587	0
4588	1
4589	1
4590	0
4591	1
4592	0
4593	0
4594	0
4595	0
4596	1
4597	1
4598	0
4599	0
4600	1
4601	0
4602	1
4603	0
4604	2
4605	0
4606	1
4607	0
4608	0
4609	1
4610	0
4611	0
4612	0
4613	0
4614	0
4615	1
4616	1
4617	0
4618	0
4619	5
4620	1
4621	0
4622	0
4623	0
4624	0
4625	0
4626	1
4627	0
4628	0
4629	0
4630	0
4631	0
4632	1
4633	0
4634	1
4635	0
4636	0
4637	1
4638	1
4639	1
4640	0
4641	0
4642	2
4643	0
4644	1
4645	0
4646	0
4647	0
4648	0
4649	1
4650	1
4651	0
4652	0
4653	0
4654	0
4655	0
4656	1
4657	0
4658	1
4659	0
4660	0
4661	1
4662	0
4663	0
4664	0
4665	0
4666	0
4667	0
4668	1
4669	0
4670	1
4671	1
4672	0
4673	1
4674	1
4675	0
4676	0
4677	1
4678	0
4679	0
4680	1
4681	0
4682	0
4683	0
4684	1
4685	0
4686	0
4687	0
4688	0
4689	1
4690	0
4691	0
4692	0
4693	0
4694	1
4695	0
4696	1
4697	0
4698	0
4699	1
4700	1
4701	0
4702	1
4703	1
4704	2
4705	2
4706	0
4707	0
4708	1
4709	1
4710	0
4711	0
4712	0
4713	1
4714	0
4715	2
4716	0
4717	0
4718	0
4719	1
4720	1
4721	0
4722	1
4723	0
4724	0
4725	0
4726	0
4727	0
4728	0
4729	0
4730	2
4731	0
4732	0
4733	0
4734	0
4735	0
4736	0
4737	0
4738	0
4739	0
4740	1
4741	0
4742	0
4743	0
4744	0
4745	2
4746	3
4747	0
4748	0
4749	0
4750	1
4751	1
4752	0
4753	0
4754	0
4755	1
4756	0
4757	0
4758	0
4759	1
4760	0
4761	1
4762	0
4763	1
4764	1
4765	0
4766	2
4767	0
4768	2
4769	0
4770	0
4771	1
4772	1
4773	1
4774	1
4775	0
4776	1
4777	0
4778	0
4779	1
4780	1
4781	1
4782	0
4783	1
4784	0
4785	1
4786	0
4787	1
4788	0
4789	0
4790	0
4791	1
4792	0
4793	0
4794	0
4795	0
4796	0
4797	0
4798	0
4799	0
4800	1
4801	0
4802	0
4803	0
4804	0
4805	0
4806	1
4807	1
4808	0
4809	0
4810	0
4811	0
4812	1
4813	1
4814	0
4815	1
4816	2
4817	1
4818	1
4819	0
4820	0
4821	0
4822	0
4823	0
4824	0
4825	0
4826	2
4827	1
4828	0
4829	1
4830	1
4831	0
4832	0
4833	0
4834	1
4835	1
4836	0
4837	1
4838	1
4839	0
4840	1
4841	1
4842	0
4843	1
4844	0
4845	0
4846	0
4847	1
4848	1
4849	0
4850	1
4851	1
4852	1
4853	0
4854	2
4855	0
4856	0
4857	0
4858	0
4859	1
4860	1
4861	0
4862	1
4863	1
4864	0
4865	0
4866	0
4867	0
4868	0
4869	0
4870	1
4871	1
4872	0
4873	1
4874	0
4875	0
4876	0
4877	0
4878	0
4879	1
4880	1
4881	0
4882	0
4883	2
4884	0
4885	0
4886	0
4887	0
4888	0
4889	0
4890	0
4891	1
4892	1
4893	0
4894	0
4895	0
4896	0
4897	0
4898	0
4899	1
4900	1
4901	0
4902	1
4903	0
4904	0
4905	0
4906	0
4907	0
4908	0
4909	1
4910	0
4911	1
4912	2
4913	0
4914	0
4915	1
4916	1
4917	0
4918	0
4919	1
4920	0
4921	1
4922	0
4923	1
4924	0
4925	1
4926	1
4927	0
4928	0
4929	0
4930	1
4931	0
4932	2
4933	0
4934	1
4935	0
4936	0
4937	0
4938	0
4939	0
4940	1
4941	1
4942	0
4943	0
4944	0
4945	0
4946	1
4947	0
4948	0
4949	1
4950	1
4951	0
4952	2
4953	0
4954	0
4955	1
4956	0
4957	1
4958	0
4959	0
4960	1
4961	0
4962	0
4963	0
4964	0
4965	0
4966	0
4967	0
4968	1
4969	1
4970	1
4971	0
4972	0
4973	0
4974	1
4975	0
4976	0
4977	0
4978	0
4979	1
4980	2
4981	0
4982	0
4983	0
4984	0
4985	1
4986	0
4987	2
4988	0
4989	0
4990	1
4991	0
4992	0
4993	1
4994	0
4995	0
4996	1
4997	1
4998	0
4999	0
5000	1
5001	0
5002	0
5003	0
5004	0
5005	1
5006	0
5007	0
5008	0
5009	1
5010	1
5011	1
5012	0
5013	0
5014	1
5015	0
5016	0
5017	0
5018	2
5019	1
5020	1
5021	2
5022	0
5023	0
5024	0
5025	1
5026	1
5027	0
5028	0
5029	0
5030	1
5031	1
5032	1
5033	0
5034	0
5035	1
5036	2
5037	0
5038	0
5039	0
5040	1
5041	0
5042	1
5043	1
5044	0
5045	1
5046	1
5047	1
5048	0
5049	1
5050	1
5051	0
5052	1
5053	0
5054	1
5055	1
5056	0
5057	0
5058	0
5059	1
5060	0
5061	0
5062	0
5063	0
5064	0
5065	0
5066	0
5067	1
5068	0
5069	0
5070	0
5071	0
5072	0
5073	0
5074	1
5075	0
5076	1
5077	0
5078	0
5079	0
5080	1
5081	0
5082	0
5083	0
5084	1
5085	0
5086	0
5087	0
5088	0
5089	0
5090	1
5091	0
5092	1
5093	0
5094	0
5095	0
5096	0
5097	0
5098	0
5099	0
5100	0
5101	0
5102	1
5103	0
5104	1
5105	0
5106	2
5107	1
5108	0
5109	1
5110	0
5111	1
5112	0
5113	0
5114	0
5115	1
5116	0
5117	0
5118	0
5119	1
5120	0
5121	0
5122	0
5123	0
5124	0
5125	0
5126	1
5127	0
5128	1
5129	0
5130	0
5131	1
5132	2
5133	1
5134	0
5135	1
5136	0
5137	1
5138	0
5139	1
5140	0
5141	0
5142	0
5143	0
5144	0
5145	1
5146	1
5147	0
5148	0
5149	0
5150	0
5151	1
5152	0
5153	0
5154	0
5155	0
5156	0
5157	1
5158	0
5159	2
5160	0
5161	0
5162	1
5163	0
5164	0
5165	0
5166	1
5167	0
5168	0
5169	1
5170	0
5171	0
5172	0
5173	1
5174	1
5175	0
5176	2
5177	0
5178	1
5179	0
5180	0
5181	0
5182	0
5183	1
5184	0
5185	0
5186	0
5187	0
5188	0
5189	0
5190	0
5191	1
5192	0
5193	0
5194	0
5195	0
5196	0
5197	0
5198	0
5199	1
5200	2
5201	1
5202	0
5203	0
5204	0
5205	0
5206	0
5207	0
5208	0
5209	1
5210	0
5211	4
5212	0
5213	0
5214	0
5215	0
5216	2
5217	0
5218	0
5219	1
5220	0
5221	1
5222	1
5223	0
5224	0
5225	0
5226	0
5227	2
5228	1
5229	1
5230	2
5231	0
5232	1
5233	1
5234	0
5235	0
5236	0
5237	1
5238	1
5239	2
5240	0
5241	1
5242	0
5243	0
5244	0
5245	0
5246	0
5247	0
5248	0
5249	0
5250	0
5251	0
5252	1
5253	1
5254	0
5255	0
5256	0
5257	0
5258	0
5259	1
5260	0
5261	0
5262	0
5263	1
5264	0
5265	2
5266	1
5267	0
5268	0
5269	1
5270	0
5271	0
5272	0
5273	0
5274	0
5275	0
5276	2
5277	0
5278	0
5279	0
5280	0
5281	0
5282	0
5283	0
5284	0
5285	2
5286	0
5287	0
5288	0
5289	0
5290	0
5291	0
5292	1
5293	1
5294	0
5295	0
5296	0
5297	0
5298	0
5299	0
5300	0
5301	1
5302	0
5303	0
5304	0
5305	0
5306	1
5307	1
5308	0
5309	0
5310	0
5311	2
5312	0
5313	0
5314	0
5315	0
5316	0
5317	0
5318	0
5319	0
5320	0
5321	2
5322	0
5323	1
5324	0
5325	0
5326	1
5327	1
5328	0
5329	0
5330	0
5331	0
5332	1
5333	0
5334	1
5335	0
5336	0
5337	0
5338	3
5339	1
5340	0
5341	1
5342	0
5343	0
5344	0
5345	0
5346	0
5347	0
5348	0
5349	0
5350	0
5351	0
5352	1
5353	0
5354	0
5355	0
5356	0
5357	0
5358	1
5359	0
5360	0
5361	0
5362	0
5363	0
5364	1
5365	0
5366	0
5367	0
5368	0
5369	0
5370	1
5371	1
5372	1
5373	1
5374	0
5375	0
5376	0
5377	0
5378	0
5379	1
5380	2
5381	0
5382	1
5383	0
5384	0
5385	0
5386	1
5387	1
5388	0
5389	1
5390	0
5391	0
5392	0
5393	0
5394	0
5395	1
5396	1
5397	0
5398	1
5399	1
5400	0
5401	0
5402	0
5403	0
5404	1
5405	0
5406	1
5407	2
5408	0
5409	1
5410	0
5411	0
5412	0
5413	0
5414	0
5415	0
5416	0
5417	1
5418	1
5419	1
5420	1
5421	0
5422	1
5423	0
5424	1
5425	0
5426	0
5427	0
5428	0
5429	1
5430	0
5431	0
5432	1
5433	0
5434	1
5435	1
5436	1
5437	1
5438	1
5439	1
5440	0
5441	0
5442	1
5443	0
5444	0
5445	0
5446	0
5447	0
5448	0
5449	0
5450	0
5451	0
5452	1
5453	0
5454	0
5455	1
5456	1
5457	0
5458	0
5459	0
5460	0
5461	0
5462	1
5463	1
5464	1
5465	1
5466	0
5467	0
5468	3
5469	0
5470	0
5471	0
5472	1
5473	0
5474	0
5475	0
5476	1
5477	0
5478	1
5479	0
5480	0
5481	0
5482	0
5483	2
5484	0
5485	0
5486	2
5487	0
5488	0
5489	0
5490	1
5491	0
5492	0
5493	0
5494	0
5495	0
5496	1
5497	1
5498	0
5499	0
5500	0
5501	0
5502	0
5503	1
5504	0
5505	0
5506	0
5507	0
5508	0
5509	0
5510	0
5511	0
5512	0
5513	0
5514	1
5515	0
5516	0
5517	0
5518	0
5519	0
5520	0
5521	1
5522	0
5523	0
5524	0
5525	0
5526	0
5527	0
5528	2
5529	0
5530	0
5531	0
5532	1
5533	0
5534	0
5535	0
5536	1
5537	0
5538	0
5539	1
5540	0
5541	0
5542	0
5543	0
5544	0
5545	0
5546	1
5547	0
5548	0
5549	0
5550	1
5551	0
5552	1
5553	0
5554	1
5555	1
5556	0
5557	0
5558	0
5559	1
5560	1
5561	0
5562	1
5563	0
5564	0
5565	2
5566	1
5567	1
5568	2
5569	0
5570	0
5571	1
5572	0
5573	0
5574	1
5575	0
5576	0
5577	0
5578	1
5579	0
5580	0
5581	0
5582	0
5583	0
5584	1
5585	0
5586	0
5587	0
5588	0
5589	1
5590	0
5591	0
5592	0
5593	0
5594	0
5595	0
5596	1
5597	0
5598	1
5599	1
5600	0
5601	1
5602	1
5603	0
5604	0
5605	0
5606	0
5607	0
5608	0
5609	1
5610	0
5611	1
5612	0
5613	0
5614	0
5615	0
5616	0
5617	0
5618	0
5619	0
5620	0
5621	0
5622	0
5623	1
5624	0
5625	0
5626	0
5627	0
5628	1
5629	0
5630	0
5631	0
5632	2
5633	0
5634	1
5635	1
5636	0
5637	0
5638	0
5639	0
5640	1
5641	0
5642	1
5643	0
5644	0
5645	0
5646	0
5647	0
5648	1
5649	1
5650	0
5651	0
5652	0
5653	0
5654	0
5655	0
5656	0
5657	0
5658	0
5659	0
5660	0
5661	0
5662	0
5663	1
5664	0
5665	0
5666	0
5667	0
5668	0
5669	0
5670	1
5671	1
5672	1
5673	1
5674	1
5675	0
5676	0
5677	1
5678	0
5679	0
5680	0
5681	0
5682	1
5683	1
5684	0
5685	0
5686	0
5687	0
5688	0
5689	1
5690	0
5691	0
5692	0
5693	0
5694	0
5695	0
5696	1
5697	0
5698	0
5699	1
5700	0
5701	0
5702	0
5703	0
5704	0
5705	0
5706	1
5707	0
5708	0
5709	0
5710	1
5711	0
5712	0
5713	0
5714	1
5715	0
5716	0
5717	0
5718	0
5719	0
5720	0
5721	1
5722	0
5723	0
5724	0
5725	1
5726	0
5727	1
5728	0
5729	0
5730	0
5731	0
5732	0
5733	1
5734	0
5735	1
5736	1
5737	0
5738	0
5739	0
5740	1
5741	0
5742	0
5743	0
5744	0
5745	0
5746	0
5747	0
5748	0
5749	0
5750	0
5751	0
5752	0
5753	1
5754	0
5755	1
5756	0
5757	0
5758	0
5759	0
5760	1
5761	0
5762	0
5763	1
5764	0
5765	0
5766	0
5767	0
5768	1
5769	1
5770	0
5771	1
5772	0
5773	0
5774	0
5775	0
5776	0
5777	0
5778	1
5779	0
5780	0
5781	0
5782	1
5783	0
5784	0
5785	1
5786	0
5787	0
5788	0
5789	0
5790	0
5791	0
5792	0
5793	0
5794	0
5795	0
5796	0
5797	0
5798	0
5799	0
5800	0
5801	0
5802	0
5803	0
5804	0
5805	1
5806	1
5807	1
5808	1
5809	0
5810	0
5811	0
5812	2
5813	0
5814	1
5815	0
5816	0
5817	2
5818	0
5819	0
5820	1
5821	0
5822	0
5823	0
5824	1
5825	0
5826	0
5827	1
5828	1
5829	0
5830	2
5831	0
5832	0
5833	1
5834	0
5835	0
5836	0
5837	0
5838	0
5839	0
5840	0
5841	0
5842	1
5843	0
5844	0
5845	0
5846	0
5847	0
5848	3
5849	1
5850	0
5851	0
5852	0
5853	0
5854	0
5855	0
5856	0
5857	1
5858	1
5859	0
5860	0
5861	1
5862	0
5863	0
5864	0
5865	0
5866	0
5867	0
5868	2
5869	1
5870	0
5871	0
5872	1
5873	0
5874	1
5875	0
5876	0
5877	0
5878	0
5879	0
5880	0
5881	1
5882	0
5883	1
5884	0
5885	1
5886	0
5887	0
5888	0
5889	0
5890	1
5891	0
5892	1
5893	1
5894	0
5895	0
5896	0
5897	1
5898	0
5899	0
5900	0
5901	1
5902	0
5903	1
5904	0
5905	0
5906	0
5907	1
5908	1
5909	0
5910	0
5911	0
5912	1
5913	1
5914	1
5915	0
5916	0
5917	0
5918	1
5919	0
5920	1
5921	1
5922	0
5923	0
5924	0
5925	0
5926	0
5927	0
5928	0
5929	0
5930	1
5931	2
5932	2
5933	0
5934	0
5935	0
5936	0
5937	2
5938	0
5939	0
5940	0
5941	0
5942	0
5943	1
5944	0
5945	0
5946	0
5947	0
5948	0
5949	0
5950	0
5951	0
5952	0
5953	0
5954	0
5955	1
5956	0
5957	1
5958	1
5959	1
5960	0
5961	1
5962	0
5963	2
5964	0
5965	0
5966	0
5967	0
5968	0
5969	0
5970	0
5971	1
5972	0
5973	1
5974	0
5975	0
5976	0
5977	0
5978	2
5979	0
5980	1
5981	0
5982	1
5983	0
5984	0
5985	0
5986	0
5987	0
5988	0
5989	1
5990	0
5991	0
5992	0
5993	0
5994	1
5995	0
5996	0
5997	0
5998	0
5999	0
6000	0
6001	1
6002	0
6003	0
6004	1
6005	0
6006	1
6007	0
6008	0
6009	0
6010	0
6011	0
6012	0
6013	1
6014	0
6015	0
6016	0
6017	1
6018	1
6019	0
6020	0
6021	0
6022	1
6023	0
6024	0
6025	0
6026	1
6027	0
6028	0
6029	0
6030	1
6031	0
6032	0
6033	0
6034	0
6035	0
6036	1
6037	0
6038	1
6039	1
6040	0
6041	0
6042	0
6043	0
6044	0
6045	0
6046	0
6047	2
6048	0
6049	0
6050	1
6051	0
6052	0
6053	0
6054	0
6055	1
6056	1
6057	0
6058	0
6059	1
6060	0
6061	0
6062	0
6063	0
6064	0
6065	0
6066	0
6067	0
6068	0
6069	0
6070	1
6071	0
6072	0
6073	4
6074	0
6075	0
6076	0
6077	0
6078	1
6079	0
6080	1
6081	1
6082	0
6083	0
6084	0
6085	0
6086	1
6087	0
6088	0
6089	1
6090	0
6091	2
6092	0
6093	0
6094	0
6095	1
6096	0
6097	1
6098	0
6099	0
6100	0
6101	1
6102	0
6103	1
6104	0
6105	0
6106	0
6107	0
6108	1
6109	1
6110	1
6111	0
6112	0
6113	0
6114	1
6115	0
6116	0
6117	1
6118	0
6119	0
6120	0
6121	0
6122	0
6123	0
6124	0
6125	0
6126	0
6127	0
6128	0
6129	1
6130	0
6131	0
6132	1
6133	1
6134	0
6135	0
6136	0
6137	0
6138	1
6139	1
6140	2
6141	0
6142	0
6143	1
6144	1
6145	0
6146	1
6147	0
6148	1
6149	0
6150	0
6151	1
6152	0
6153	0
6154	0
6155	1
6156	0
6157	0
6158	1
6159	0
6160	0
6161	1
6162	1
6163	0
6164	1
6165	0
6166	1
6167	0
6168	0
6169	0
6170	0
6171	0
6172	0
6173	0
6174	1
6175	0
6176	0
6177	0
6178	0
6179	1
6180	1
6181	0
6182	0
6183	1
6184	0
6185	0
6186	0
6187	0
6188	0
6189	1
6190	0
6191	0
6192	0
6193	0
6194	0
6195	0
6196	0
6197	0
6198	1
6199	0
6200	0
6201	0
6202	0
6203	0
6204	0
6205	0
6206	1
6207	0
6208	1
6209	0
6210	0
6211	0
6212	0
6213	0
6214	0
6215	1
6216	1
6217	1
6218	0
6219	0
6220	0
6221	0
6222	0
6223	0
6224	1
6225	0
6226	0
6227	0
6228	0
6229	0
6230	1
6231	0
6232	0
6233	0
6234	0
6235	1
6236	0
6237	0
6238	0
6239	0
6240	0
6241	2
6242	2
6243	0
6244	0
6245	2
6246	0
6247	0
6248	1
6249	0
6250	0
6251	0
6252	0
6253	0
6254	1
6255	0
6256	1
6257	0
6258	0
6259	2
6260	2
6261	0
6262	0
6263	0
6264	1
6265	1
6266	0
6267	0
6268	0
6269	0
6270	0
6271	0
6272	0
6273	0
6274	1
6275	0
6276	0
6277	0
6278	1
6279	1
6280	0
6281	1
6282	0
6283	1
6284	0
6285	0
6286	0
6287	1
6288	0
6289	0
6290	1
6291	0
6292	0
6293	0
6294	0
6295	0
6296	0
6297	0
6298	0
6299	1
6300	0
6301	0
6302	0
6303	0
6304	0
6305	0
6306	0
6307	0
6308	0
6309	0
6310	1
6311	0
6312	2
6313	1
6314	0
6315	0
6316	1
6317	2
6318	0
6319	0
6320	0
6321	0
6322	0
6323	0
6324	0
6325	1
6326	1
6327	0
6328	0
6329	0
6330	0
6331	1
6332	0
6333	0
6334	0
6335	0
6336	0
6337	0
6338	0
6339	1
6340	0
6341	3
6342	1
6343	1
6344	0
6345	0
6346	0
6347	0
6348	0
6349	1
6350	0
6351	1
6352	0
6353	1
6354	1
6355	0
6356	0
6357	1
6358	0
6359	0
6360	0
6361	0
6362	0
6363	2
6364	0
6365	1
6366	0
6367	0
6368	0
6369	0
6370	1
6371	1
6372	1
6373	0
6374	1
6375	0
6376	0
6377	2
6378	3
6379	1
6380	0
6381	1
6382	0
6383	1
6384	0
6385	0
6386	1
6387	0
6388	0
6389	0
6390	1
6391	0
6392	1
6393	0
6394	1
6395	1
6396	0
6397	2
6398	0
6399	0
6400	0
6401	1
6402	2
6403	0
6404	0
6405	0
6406	0
6407	0
6408	1
6409	0
6410	1
6411	0
6412	0
6413	1
6414	0
6415	0
6416	0
6417	0
6418	0
6419	0
6420	0
6421	0
6422	1
6423	0
6424	0
6425	0
6426	0
6427	1
6428	1
6429	0
6430	0
6431	1
6432	0
6433	0
6434	1
6435	0
6436	0
6437	0
6438	0
6439	1
6440	0
6441	0
6442	0
6443	0
6444	1
6445	0
6446	0
6447	0
6448	0
6449	2
6450	0
6451	0
6452	1
6453	0
6454	0
6455	1
6456	1
6457	0
6458	0
6459	0
6460	0
6461	0
6462	0
6463	0
6464	1
6465	1
6466	0
6467	0
6468	1
6469	1
6470	0
6471	1
6472	0
6473	0
6474	0
6475	0
6476	0
6477	0
6478	1
6479	1
6480	1
6481	0
6482	1
6483	3
6484	0
6485	0
6486	1
6487	0
6488	0
6489	0
6490	0
6491	3
6492	0
6493	1
6494	0
6495	0
6496	0
6497	0
6498	1
6499	0
6500	0
6501	0
6502	0
6503	0
6504	0
6505	1
6506	0
6507	0
6508	1
6509	0
6510	0
6511	0
6512	1
6513	0
6514	0
6515	0
6516	0
6517	1
6518	0
6519	0
6520	0
6521	0
6522	3
6523	0
6524	0
6525	0
6526	0
6527	0
6528	0
6529	0
6530	0
6531	0
6532	1
6533	0
6534	0
6535	0
6536	0
6537	0
6538	0
6539	0
6540	0
6541	1
6542	0
6543	0
6544	0
6545	1
6546	0
6547	0
6548	0
6549	1
6550	0
6551	0
6552	0
6553	0
6554	0
6555	0
6556	0
6557	1
6558	0
6559	0
6560	0
6561	0
6562	0
6563	0
6564	0
6565	1
6566	0
6567	2
6568	0
6569	1
6570	0
6571	0
6572	0
6573	0
6574	0
6575	0
6576	0
6577	0
6578	0
6579	1
6580	1
6581	1
6582	0
6583	1
6584	0
6585	1
6586	0
6587	0
6588	0
6589	0
6590	0
6591	2
6592	0
6593	0
6594	1
6595	0
6596	1
6597	0
6598	0
6599	0
6600	0
6601	1
6602	0
6603	0
6604	0
6605	0
6606	0
6607	0
6608	0
6609	1
6610	1
6611	0
6612	0
6613	0
6614	0
6615	0
6616	0
6617	0
6618	0
6619	0
6620	0
6621	0
6622	0
6623	0
6624	0
6625	1
6626	0
6627	0
6628	0
6629	0
6630	0
6631	0
6632	0
6633	0
6634	0
6635	0
6636	0
6637	0
6638	1
6639	0
6640	0
6641	0
6642	0
6643	0
6644	0
6645	0
6646	1
6647	1
6648	0
6649	0
6650	0
6651	2
6652	1
6653	1
6654	1
6655	1
6656	0
6657	0
6658	1
6659	0
6660	0
6661	0
6662	0
6663	0
6664	0
6665	0
6666	0
6667	1
6668	1
6669	1
6670	1
6671	1
6672	1
6673	0
6674	0
6675	0
6676	0
6677	0
6678	0
6679	0
6680	0
6681	0
6682	0
6683	0
6684	0
6685	0
6686	0
6687	0
6688	0
6689	0
6690	0
6691	0
6692	0
6693	0
6694	0
6695	1
6696	0
6697	0
6698	2
6699	1
6700	0
6701	0
6702	0
6703	0
6704	0
6705	0
6706	0
6707	1
6708	0
6709	1
6710	0
6711	0
6712	0
6713	1
6714	1
6715	0
6716	0
6717	1
6718	1
6719	0
6720	1
6721	0
6722	1
6723	0
6724	0
6725	0
6726	0
6727	1
6728	0
6729	0
6730	1
6731	0
6732	0
6733	0
6734	0
6735	0
6736	0
6737	0
6738	2
6739	0
6740	0
6741	0
6742	1
6743	0
6744	0
6745	0
6746	0
6747	0
6748	0
6749	0
6750	0
6751	0
6752	0
6753	0
6754	0
6755	0
6756	1
6757	0
6758	2
6759	0
6760	1
6761	0
6762	1
6763	1
6764	1
6765	0
6766	1
6767	1
6768	0
6769	1
6770	3
6771	1
6772	1
6773	0
6774	0
6775	1
6776	0
6777	0
6778	0
6779	0
6780	0
6781	0
6782	0
6783	1
6784	1
6785	0
6786	0
6787	1
6788	1
6789	1
6790	0
6791	0
6792	0
6793	0
6794	0
6795	0
6796	0
6797	1
6798	0
6799	0
6800	1
6801	0
6802	0
6803	0
6804	0
6805	0
6806	0
6807	0
6808	2
6809	1
6810	0
6811	2
6812	0
6813	0
6814	0
6815	0
6816	0
6817	1
6818	0
6819	1
6820	1
6821	0
6822	0
6823	1
6824	1
6825	1
6826	0
6827	0
6828	0
6829	1
6830	0
6831	0
6832	0
6833	0
6834	2
6835	0
6836	0
6837	0
6838	0
6839	0
6840	0
6841	0
6842	0
6843	0
6844	0
6845	0
6846	0
6847	1
6848	0
6849	0
6850	0
6851	0
6852	0
6853	0
6854	1
6855	0
6856	0
6857	0
6858	1
6859	0
6860	1
6861	1
6862	0
6863	0
6864	0
6865	0
6866	1
6867	1
6868	0
6869	0
6870	0
6871	0
6872	1
6873	0
6874	0
6875	0
6876	0
6877	0
6878	1
6879	0
6880	2
6881	0
6882	0
6883	0
6884	0
6885	1
6886	0
6887	1
6888	0
6889	0
6890	0
6891	2
6892	0
6893	0
6894	0
6895	0
6896	0
6897	0
6898	0
6899	0
6900	0
6901	0
6902	0
6903	0
6904	3
6905	1
6906	0
6907	0
6908	0
6909	0
6910	0
6911	0
6912	0
6913	1
6914	0
6915	0
6916	0
6917	1
6918	1
6919	0
6920	0
6921	0
6922	0
6923	0
6924	0
6925	0
6926	0
6927	0
6928	0
6929	1
6930	0
6931	0
6932	0
6933	0
6934	0
6935	0
6936	0
6937	0
6938	0
6939	1
6940	0
6941	0
6942	1
6943	0
6944	0
6945	1
6946	2
6947	0
6948	1
6949	1
6950	1
6951	0
6952	0
6953	2
6954	0
6955	0
6956	1
6957	0
6958	0
6959	0
6960	0
6961	0
6962	1
6963	0
6964	0
6965	0
6966	0
6967	0
6968	0
6969	1
6970	0
6971	0
6972	1
6973	0
6974	0
6975	1
6976	0
6977	0
6978	0
6979	0
6980	0
6981	0
6982	0
6983	1
6984	0
6985	0
6986	0
6987	0
6988	0
6989	1
6990	2
6991	0
6992	0
6993	2
6994	2
6995	0
6996	0
6997	1
6998	0
6999	2
7000	0
7001	0
7002	1
7003	0
7004	0
7005	0
7006	1
7007	0
7008	0
7009	1
7010	0
7011	0
7012	1
7013	1
7014	0
7015	0
7016	2
7017	0
7018	0
7019	0
7020	1
7021	0
7022	0
7023	0
7024	0
7025	1
7026	0
7027	1
7028	0
7029	0
7030	1
7031	0
7032	0
7033	1
7034	0
7035	0
7036	0
7037	0
7038	0
7039	0
7040	2
7041	1
7042	0
7043	1
7044	2
7045	0
7046	0
7047	0
7048	2
7049	0
7050	0
7051	0
7052	0
7053	0
7054	0
7055	0
7056	0
7057	1
7058	0
7059	0
7060	1
7061	0
7062	1
7063	0
7064	0
7065	1
7066	0
7067	0
7068	1
7069	0
7070	0
7071	0
7072	0
7073	0
7074	0
7075	1
7076	0
7077	0
7078	0
7079	0
7080	0
7081	0
7082	0
7083	0
7084	0
7085	0
7086	0
7087	1
7088	0
7089	2
7090	0
7091	0
7092	1
7093	0
7094	0
7095	0
7096	0
7097	1
7098	0
7099	1
7100	0
7101	0
7102	1
7103	0
7104	0
7105	0
7106	0
7107	1
7108	0
7109	0
7110	0
7111	0
7112	0
7113	0
7114	0
7115	2
7116	0
7117	1
7118	1
7119	0
7120	0
7121	1
7122	0
7123	0
7124	0
7125	2
7126	0
7127	0
7128	1
7129	0
7130	0
7131	0
7132	0
7133	0
7134	0
7135	0
7136	0
7137	0
7138	1
7139	1
7140	0
7141	0
7142	0
7143	0
7144	0
7145	0
7146	0
7147	0
7148	1
7149	0
7150	0
7151	1
7152	0
7153	0
7154	1
7155	0
7156	0
7157	1
7158	0
7159	0
7160	1
7161	0
7162	0
7163	0
7164	0
7165	0
7166	0
7167	0
7168	0
7169	0
7170	0
7171	0
7172	1
7173	1
7174	0
7175	0
7176	1
7177	0
7178	1
7179	0
7180	0
7181	0
7182	0
7183	1
7184	0
7185	0
7186	2
7187	0
7188	0
7189	0
7190	0
7191	0
7192	0
7193	0
7194	0
7195	1
7196	0
7197	0
7198	0
7199	0
7200	0
7201	0
7202	0
7203	1
7204	1
7205	0
7206	0
7207	0
7208	0
7209	0
7210	0
7211	0
7212	0
7213	0
7214	0
7215	0
7216	0
7217	0
7218	0
7219	2
7220	0
7221	1
7222	0
7223	0
7224	1
7225	0
7226	1
7227	1
7228	0
7229	0
7230	2
7231	0
7232	0
7233	0
7234	0
7235	0
7236	0
7237	0
7238	1
7239	1
7240	0
7241	0
7242	2
7243	0
7244	0
7245	0
7246	0
7247	0
7248	1
7249	0
7250	0
7251	0
7252	1
7253	0
7254	0
7255	0
7256	0
7257	0
7258	1
7259	1
7260	0
7261	0
7262	1
7263	0
7264	0
7265	0
7266	0
7267	0
7268	0
7269	0
7270	0
7271	0
7272	0
7273	0
7274	0
7275	0
7276	0
7277	0
7278	2
7279	1
7280	0
7281	0
7282	0
7283	1
7284	1
7285	0
7286	0
7287	0
7288	0
7289	0
7290	0
7291	0
7292	0
7293	0
7294	0
7295	0
7296	0
7297	0
7298	1
7299	0
7300	0
7301	0
7302	0
7303	0
7304	1
7305	1
7306	0
7307	0
7308	1
7309	0
7310	0
7311	0
7312	0
7313	2
7314	1
7315	0
7316	0
7317	1
7318	0
7319	0
7320	0
7321	0
7322	0
7323	0
7324	0
7325	0
7326	0
7327	0
7328	0
7329	0
7330	1
7331	2
7332	0
7333	1
7334	0
7335	0
7336	1
7337	0
7338	0
7339	1
7340	0
7341	0
7342	0
7343	0
7344	0
7345	1
7346	0
7347	0
7348	1
7349	0
7350	0
7351	0
7352	0
7353	0
7354	0
7355	0
7356	0
7357	0
7358	0
7359	0
7360	0
7361	0
7362	0
7363	0
7364	0
7365	0
7366	0
7367	0
7368	0
7369	1
7370	2
7371	0
7372	1
7373	1
7374	0
7375	0
7376	1
7377	0
7378	0
7379	0
7380	0
7381	0
7382	1
7383	0
7384	0
7385	0
7386	0
7387	0
7388	0
7389	0
7390	0
7391	0
7392	0
7393	1
7394	0
7395	0
7396	1
7397	0
7398	0
7399	0
7400	0
7401	0
7402	0
7403	0
7404	0
7405	1
7406	1
7407	0
7408	0
7409	0
7410	1
7411	0
7412	0
7413	0
7414	0
7415	1
7416	0
7417	1
7418	0
7419	0
7420	0
7421	0
7422	0
7423	1
7424	0
7425	1
7426	1
7427	0
7428	0
7429	0
7430	0
7431	1
7432	0
7433	0
7434	2
7435	0
7436	0
7437	0
7438	0
7439	0
7440	0
7441	0
7442	1
7443	0
7444	0
7445	0
7446	0
7447	0
7448	1
7449	0
7450	0
7451	1
7452	0
7453	1
7454	0
7455	0
7456	0
7457	0
7458	0
7459	0
7460	0
7461	0
7462	0
7463	0
7464	0
7465	1
7466	0
7467	1
7468	0
7469	0
7470	1
7471	1
7472	0
7473	1
7474	0
7475	0
7476	0
7477	1
7478	0
7479	0
7480	0
7481	0
7482	0
7483	0
7484	0
7485	0
7486	0
7487	0
7488	0
7489	0
7490	1
7491	1
7492	0
7493	0
7494	1
7495	0
7496	0
7497	0
7498	1
7499	0
7500	0
7501	1
7502	0
7503	1
7504	1
7505	1
7506	1
7507	0
7508	2
7509	0
7510	0
7511	0
7512	0
7513	0
7514	0
7515	0
7516	0
7517	0
7518	0
7519	0
7520	0
7521	1
7522	0
7523	0
7524	0
7525	0
7526	0
7527	1
7528	0
7529	0
7530	0
7531	0
7532	0
7533	1
7534	0
7535	0
7536	1
7537	0
7538	1
7539	1
7540	0
7541	1
7542	1
7543	0
7544	0
7545	1
7546	1
7547	0
7548	0
7549	0
7550	1
7551	0
7552	1
7553	1
7554	0
7555	0
7556	0
7557	0
7558	0
7559	0
7560	1
7561	1
7562	2
7563	0
7564	0
7565	1
7566	0
7567	0
7568	0
7569	1
7570	0
7571	1
7572	0
7573	0
7574	0
7575	0
7576	0
7577	0
7578	0
7579	0
7580	0
7581	1
7582	0
7583	0
7584	0
7585	1
7586	0
7587	0
7588	0
7589	0
7590	0
7591	0
7592	0
7593	2
7594	0
7595	0
7596	0
7597	0
7598	0
7599	1
7600	0
7601	0
7602	1
7603	0
7604	0
7605	2
7606	1
7607	1
7608	0
7609	0
7610	0
7611	1
7612	0
7613	0
7614	1
7615	0
7616	0
7617	0
7618	2
7619	1
7620	0
7621	0
7622	1
7623	0
7624	0
7625	0
7626	0
7627	0
7628	0
7629	0
7630	0
7631	0
7632	0
7633	0
7634	0
7635	1
7636	0
7637	0
7638	0
7639	0
7640	2
7641	0
7642	0
7643	0
7644	0
7645	0
7646	0
7647	0
7648	1
7649	1
7650	0
7651	0
7652	0
7653	0
7654	0
7655	0
7656	1
7657	0
7658	1
7659	0
7660	0
7661	0
7662	0
7663	0
7664	0
7665	0
7666	1
7667	0
7668	0
7669	0
7670	0
7671	0
7672	0
7673	1
7674	0
7675	0
7676	0
7677	1
7678	0
7679	0
7680	0
7681	0
7682	0
7683	0
7684	0
7685	0
7686	0
7687	0
7688	0
7689	0
7690	0
7691	0
7692	1
7693	1
7694	0
7695	1
7696	0
7697	2
7698	0
7699	0
7700	0
7701	0
7702	0
7703	0
7704	0
7705	1
7706	0
7707	0
7708	0
7709	0
7710	0
7711	0
7712	1
7713	0
7714	1
7715	0
7716	0
7717	0
7718	1
7719	0
7720	1
7721	0
7722	1
7723	1
7724	0
7725	0
7726	0
7727	0
7728	1
7729	1
7730	0
7731	0
7732	1
7733	1
7734	0
7735	0
7736	0
7737	0
7738	2
7739	2
7740	0
7741	0
7742	0
7743	1
7744	0
7745	0
7746	1
7747	2
7748	0
7749	0
7750	0
7751	1
7752	1
7753	0
7754	0
7755	0
7756	0
7757	0
7758	0
7759	0
7760	0
7761	0
7762	0
7763	0
7764	0
7765	0
7766	0
7767	0
7768	0
7769	0
7770	0
7771	1
7772	0
7773	0
7774	1
7775	2
7776	0
7777	0
7778	0
7779	1
7780	0
7781	0
7782	0
7783	0
7784	0
7785	0
7786	0
7787	1
7788	1
7789	0
7790	0
7791	1
7792	2
7793	1
7794	0
7795	0
7796	0
7797	1
7798	1
7799	1
7800	1
7801	0
7802	0
7803	0
7804	1
7805	0
7806	0
7807	0
7808	0
7809	0
7810	0
7811	0
7812	1
7813	0
7814	0
7815	0
7816	0
7817	0
7818	0
7819	0
7820	0
7821	0
7822	0
7823	0
7824	1
7825	0
7826	1
7827	0
7828	0
7829	0
7830	0
7831	0
7832	0
7833	0
7834	0
7835	0
7836	0
7837	0
7838	0
7839	1
7840	0
7841	0
7842	1
7843	0
7844	0
7845	0
7846	0
7847	0
7848	0
7849	0
7850	0
7851	0
7852	0
7853	0
7854	0
7855	1
7856	1
7857	0
7858	0
7859	0
7860	1
7861	1
7862	1
7863	0
7864	0
7865	0
7866	1
7867	1
7868	0
7869	0
7870	0
7871	0
7872	0
7873	0
7874	0
7875	0
7876	0
7877	0
7878	0
7879	0
7880	0
7881	0
7882	0
7883	0
7884	0
7885	0
7886	0
7887	1
7888	0
7889	0
7890	0
7891	0
7892	1
7893	0
7894	0
7895	0
7896	0
7897	0
7898	1
7899	0
7900	0
7901	0
7902	0
7903	0
7904	0
7905	0
7906	0
7907	1
7908	0
7909	0
7910	0
7911	0
7912	0
7913	0
7914	0
7915	0
7916	0
7917	0
7918	0
7919	1
7920	0
7921	0
7922	0
7923	0
7924	0
7925	0
7926	0
7927	0
7928	1
7929	1
7930	0
7931	0
7932	0
7933	0
7934	0
7935	0
7936	0
7937	1
7938	0
7939	0
7940	0
7941	0
7942	0
7943	1
7944	0
7945	1
7946	1
7947	0
7948	0
7949	1
7950	0
7951	0
7952	0
7953	2
7954	1
7955	0
7956	0
7957	0
7958	0
7959	0
7960	0
7961	0
7962	0
7963	1
7964	0
7965	0
7966	0
7967	1
7968	0
7969	0
7970	0
7971	0
7972	0
7973	1
7974	0
7975	0
7976	0
7977	1
7978	0
7979	0
7980	0
7981	0
7982	1
7983	0
7984	0
7985	0
7986	0
7987	1
7988	1
7989	0
7990	0
7991	0
7992	0
7993	0
7994	1
7995	0
7996	1
7997	1
7998	0
7999	0
8000	0
8001	0
8002	1
8003	0
8004	0
8005	0
8006	0
8007	0
8008	0
8009	1
8010	0
8011	1
8012	0
8013	0
8014	0
8015	0
8016	0
8017	0
8018	0
8019	0
8020	1
8021	0
8022	1
8023	0
8024	0
8025	0
8026	0
8027	0
8028	0
8029	0
8030	0
8031	0
8032	0
8033	1
8034	0
8035	1
8036	1
8037	0
8038	0
8039	0
8040	0
8041	0
8042	0
8043	0
8044	0
8045	0
8046	1
8047	0
8048	0
8049	1
8050	0
8051	0
8052	1
8053	0
8054	1
8055	4
8056	0
8057	0
8058	1
8059	0
8060	0
8061	1
8062	0
8063	0
8064	0
8065	0
8066	0
8067	0
8068	0
8069	0
8070	0
8071	0
8072	0
8073	0
8074	0
8075	0
8076	0
8077	0
8078	0
8079	0
8080	0
8081	0
8082	0
8083	0
8084	0
8085	0
8086	0
8087	0
8088	0
8089	0
8090	0
8091	0
8092	0
8093	0
8094	0
8095	0
8096	0
8097	0
8098	0
8099	0
8100	0
8101	0
8102	0
8103	0
8104	0
8105	0
8106	0
8107	0
8108	0
8109	0
8110	0
8111	0
8112	0
8113	0
8114	0
8115	0
8116	0
8117	0
8118	0
8119	0
8120	0
8121	0
8122	0
8123	0
8124	0
8125	0
8126	0
8127	0
8128	0
8129	0
8130	0
8131	0
8132	0
8133	0
8134	0
8135	0
8136	0
8137	0
8138	0
8139	0
8140	0
8141	0
8142	0
8143	0
8144	0
8145	0
8146	0
8147	0
8148	0
8149	0
8150	0
8151	0
8152	0
8153	0
8154	0
8155	0
8156	0
8157	0
8158	0
8159	0
8160	0
8161	0
8162	0
8163	0
8164	0
8165	0
8166	0
8167	0
8168	0
8169	0
8170	0
8171	0
8172	0
8173	0
8174	0
8175	0
8176	0
8177	0
8178	0
8179	0
8180	0
8181	0
8182	0
8183	0
8184	0
8185	0
8186	0
8187	0
8188	0
8189	0
8190	0
8191	0
