-2	86400
-1	88292.7
0	0
1	0
2	0
3	0
4	0
5	0
6	0
7	0
8	0
9	0
10	0
11	0
12	0
13	0
14	0
15	0
16	0
17	0
18	0
19	0
20	0
21	0
22	0
23	0
24	0
25	0
26	0
27	0
28	0
29	0
30	0
31	0
32	0
33	0
34	0
35	0
36	0
37	0
38	0
39	0
40	0
41	0
42	0
43	0
44	0
45	0
46	4
47	2
48	0
49	22
50	106
51	159
52	173
53	212
54	208
55	253
56	240
57	258
58	263
59	255
60	257
61	236
62	266
63	224
64	200
65	238
66	247
67	228
68	261
69	228
70	258
71	278
72	271
73	284
74	272
75	238
76	249
77	276
78	257
79	253
80	222
81	255
82	261
83	231
84	264
85	278
86	228
87	233
88	249
89	251
90	211
91	261
92	268
93	229
94	258
95	231
96	272
97	256
98	264
99	257
100	234
101	261
102	278
103	251
104	260
105	267
106	277
107	282
108	305
109	239
110	300
111	339
112	296
113	307
114	273
115	304
116	325
117	317
118	323
119	290
120	301
121	340
122	341
123	346
124	322
125	361
126	337
127	340
128	373
129	393
130	368
131	372
132	388
133	388
134	397
135	409
136	389
137	456
138	419
139	448
140	432
141	380
142	395
143	401
144	409
145	401
146	380
147	418
148	414
149	417
150	427
151	436
152	430
153	442
154	459
155	496
156	450
157	437
158	448
159	410
160	477
161	429
162	427
163	447
164	464
165	486
166	471
167	457
168	431
169	413
170	444
171	452
172	442
173	424
174	453
175	438
176	444
177	437
178	455
179	443
180	447
181	478
182	464
183	451
184	481
185	472
186	472
187	471
188	426
189	482
190	484
191	461
192	471
193	469
194	452
195	464
196	479
197	447
198	445
199	419
200	459
201	416
202	512
203	420
204	450
205	453
206	434
207	463
208	475
209	496
210	453
211	448
212	432
213	415
214	495
215	438
216	433
217	431
218	469
219	472
220	468
221	504
222	456
223	450
224	455
225	389
226	414
227	439
228	400
229	435
230	414
231	442
232	451
233	416
234	407
235	417
236	443
237	430
238	437
239	412
240	373
241	434
242	438
243	397
244	419
245	403
246	429
247	416
248	431
249	406
250	429
251	399
252	411
253	378
254	392
255	396
256	432
257	397
258	383
259	397
260	390
261	393
262	366
263	347
264	413
265	390
266	397
267	359
268	361
269	379
270	355
271	400
272	368
273	357
274	368
275	368
276	367
277	361
278	345
279	355
280	374
281	360
282	350
283	366
284	352
285	340
286	341
287	336
288	343
289	354
290	347
291	351
292	348
293	341
294	307
295	313
296	320
297	357
298	321
299	339
300	337
301	314
302	332
303	309
304	279
305	288
306	313
307	353
308	359
309	361
310	352
311	329
312	354
313	337
314	319
315	307
316	321
317	347
318	290
319	313
320	302
321	307
322	275
323	296
324	298
325	283
326	303
327	294
328	306
329	284
330	314
331	284
332	260
333	290
334	265
335	294
336	265
337	307
338	277
339	257
340	261
341	289
342	280
343	271
344	243
345	267
346	260
347	266
348	288
349	281
350	282
351	253
352	257
353	248
354	272
355	265
356	268
357	279
358	231
359	243
360	256
361	266
362	252
363	249
364	266
365	258
366	262
367	293
368	249
369	248
370	271
371	221
372	295
373	247
374	245
375	270
376	244
377	258
378	271
379	269
380	237
381	241
382	213
383	258
384	239
385	229
386	271
387	247
388	216
389	279
390	279
391	256
392	242
393	213
394	249
395	223
396	228
397	240
398	237
399	204
400	260
401	240
402	224
403	230
404	213
405	232
406	233
407	216
408	221
409	214
410	239
411	233
412	205
413	220
414	229
415	208
416	238
417	209
418	198
419	223
420	233
421	221
422	225
423	205
424	186
425	231
426	195
427	219
428	259
429	213
430	192
431	210
432	174
433	223
434	213
435	216
436	211
437	204
438	212
439	201
440	240
441	196
442	181
443	217
444	196
445	207
446	201
447	203
448	183
449	204
450	198
451	177
452	218
453	189
454	199
455	207
456	207
457	183
458	198
459	228
460	211
461	198
462	186
463	180
464	177
465	184
466	194
467	170
468	198
469	201
470	183
471	174
472	204
473	185
474	185
475	185
476	190
477	190
478	190
479	184
480	198
481	161
482	167
483	182
484	175
485	188
486	189
487	170
488	194
489	169
490	178
491	192
492	186
493	160
494	181
495	163
496	152
497	197
498	183
499	153
500	156
501	167
502	191
503	181
504	172
505	158
506	149
507	174
508	151
509	175
510	174
511	150
512	149
513	181
514	167
515	160
516	177
517	175
518	172
519	143
520	153
521	155
522	170
523	165
524	186
525	170
526	158
527	155
528	162
529	152
530	162
531	163
532	164
533	147
534	162
535	143
536	138
537	153
538	149
539	143
540	171
541	154
542	153
543	169
544	148
545	127
546	155
547	149
548	184
549	160
550	179
551	150
552	149
553	176
554	136
555	146
556	159
557	164
558	147
559	147
560	189
561	156
562	191
563	244
564	296
565	336
566	338
567	294
568	250
569	171
570	158
571	163
572	147
573	162
574	148
575	154
576	161
577	149
578	141
579	142
580	154
581	135
582	119
583	119
584	122
585	153
586	122
587	150
588	157
589	136
590	139
591	152
592	123
593	117
594	156
595	158
596	134
597	136
598	143
599	133
600	125
601	126
602	160
603	112
604	140
605	129
606	142
607	120
608	154
609	126
610	141
611	131
612	121
613	137
614	129
615	130
616	123
617	126
618	136
619	139
620	120
621	124
622	122
623	168
624	130
625	135
626	158
627	126
628	128
629	121
630	149
631	141
632	135
633	124
634	127
635	138
636	129
637	144
638	133
639	108
640	102
641	131
642	145
643	151
644	172
645	189
646	161
647	144
648	130
649	128
650	122
651	120
652	126
653	123
654	103
655	124
656	115
657	117
658	117
659	118
660	142
661	110
662	143
663	131
664	131
665	124
666	146
667	136
668	116
669	142
670	141
671	137
672	151
673	175
674	195
675	177
676	157
677	132
678	155
679	118
680	117
681	102
682	128
683	111
684	112
685	110
686	113
687	104
688	102
689	114
690	106
691	97
692	95
693	113
694	109
695	99
696	112
697	117
698	129
699	94
700	108
701	125
702	100
703	133
704	117
705	109
706	132
707	101
708	102
709	101
710	123
711	115
712	100
713	96
714	111
715	112
716	118
717	122
718	108
719	116
720	106
721	114
722	112
723	100
724	120
725	106
726	97
727	98
728	103
729	103
730	89
731	97
732	120
733	103
734	109
735	100
736	90
737	100
738	101
739	111
740	114
741	111
742	103
743	121
744	100
745	115
746	108
747	110
748	113
749	95
750	94
751	115
752	110
753	100
754	108
755	115
756	103
757	104
758	95
759	128
760	105
761	105
762	104
763	90
764	93
765	84
766	102
767	106
768	112
769	95
770	125
771	107
772	112
773	109
774	116
775	102
776	133
777	98
778	115
779	101
780	104
781	119
782	96
783	75
784	91
785	97
786	93
787	102
788	111
789	110
790	92
791	95
792	105
793	106
794	96
795	96
796	108
797	104
798	92
799	106
800	87
801	102
802	98
803	119
804	123
805	130
806	103
807	110
808	87
809	93
810	78
811	95
812	98
813	82
814	94
815	84
816	102
817	81
818	83
819	104
820	111
821	96
822	87
823	94
824	93
825	95
826	80
827	79
828	82
829	94
830	94
831	79
832	100
833	89
834	96
835	113
836	108
837	105
838	96
839	80
840	84
841	87
842	72
843	79
844	87
845	87
846	89
847	79
848	113
849	100
850	102
851	101
852	97
853	107
854	85
855	94
856	103
857	106
858	88
859	80
860	83
861	85
862	86
863	76
864	83
865	84
866	86
867	93
868	80
869	77
870	87
871	95
872	75
873	81
874	97
875	70
876	102
877	88
878	83
879	96
880	89
881	80
882	77
883	91
884	80
885	82
886	103
887	81
888	84
889	76
890	81
891	92
892	94
893	90
894	67
895	80
896	78
897	83
898	85
899	80
900	93
901	89
902	82
903	83
904	75
905	79
906	84
907	62
908	74
909	72
910	78
911	78
912	85
913	70
914	73
915	82
916	70
917	85
918	73
919	82
920	84
921	89
922	72
923	76
924	91
925	87
926	82
927	80
928	91
929	98
930	73
931	73
932	95
933	85
934	103
935	65
936	76
937	86
938	80
939	81
940	76
941	77
942	81
943	65
944	83
945	77
946	82
947	84
948	67
949	70
950	97
951	93
952	90
953	72
954	80
955	80
956	86
957	62
958	85
959	87
960	74
961	75
962	66
963	70
964	87
965	80
966	73
967	82
968	81
969	61
970	68
971	83
972	67
973	79
974	52
975	78
976	90
977	76
978	67
979	70
980	71
981	70
982	87
983	76
984	73
985	66
986	76
987	74
988	79
989	81
990	67
991	63
992	90
993	87
994	76
995	78
996	73
997	72
998	71
999	87
1000	64
1001	76
1002	69
1003	70
1004	79
1005	76
1006	130
1007	141
1008	142
1009	116
1010	93
1011	64
1012	69
1013	72
1014	58
1015	76
1016	76
1017	62
1018	75
1019	69
1020	57
1021	72
1022	73
1023	71
1024	66
1025	80
1026	53
1027	77
1028	63
1029	71
1030	64
1031	70
1032	60
1033	78
1034	82
1035	69
1036	68
1037	59
1038	66
1039	64
1040	71
1041	62
1042	69
1043	56
1044	75
1045	57
1046	74
1047	75
1048	59
1049	75
1050	71
1051	67
1052	62
1053	63
1054	58
1055	64
1056	80
1057	64
1058	62
1059	68
1060	64
1061	66
1062	71
1063	77
1064	110
1065	90
1066	92
1067	86
1068	73
1069	81
1070	111
1071	147
1072	105
1073	97
1074	67
1075	85
1076	58
1077	70
1078	55
1079	57
1080	59
1081	66
1082	60
1083	64
1084	59
1085	67
1086	65
1087	49
1088	76
1089	65
1090	58
1091	75
1092	54
1093	64
1094	65
1095	57
1096	52
1097	60
1098	56
1099	63
1100	71
1101	70
1102	58
1103	45
1104	68
1105	56
1106	59
1107	83
1108	82
1109	52
1110	79
1111	59
1112	55
1113	54
1114	56
1115	62
1116	59
1117	55
1118	61
1119	50
1120	53
1121	68
1122	56
1123	70
1124	61
1125	69
1126	46
1127	59
1128	50
1129	67
1130	62
1131	62
1132	65
1133	76
1134	62
1135	53
1136	59
1137	46
1138	63
1139	70
1140	65
1141	77
1142	67
1143	68
1144	62
1145	63
1146	59
1147	65
1148	61
1149	56
1150	47
1151	63
1152	72
1153	68
1154	56
1155	48
1156	44
1157	56
1158	57
1159	66
1160	62
1161	63
1162	44
1163	62
1164	69
1165	56
1166	68
1167	65
1168	57
1169	48
1170	59
1171	57
1172	57
1173	65
1174	53
1175	69
1176	64
1177	69
1178	60
1179	47
1180	61
1181	58
1182	59
1183	63
1184	58
1185	56
1186	66
1187	81
1188	68
1189	52
1190	73
1191	52
1192	67
1193	57
1194	63
1195	56
1196	55
1197	57
1198	50
1199	58
1200	54
1201	54
1202	55
1203	53
1204	59
1205	59
1206	57
1207	64
1208	57
1209	59
1210	57
1211	54
1212	57
1213	59
1214	54
1215	56
1216	62
1217	48
1218	55
1219	48
1220	54
1221	57
1222	66
1223	43
1224	51
1225	51
1226	44
1227	57
1228	55
1229	63
1230	52
1231	47
1232	64
1233	53
1234	57
1235	76
1236	61
1237	87
1238	115
1239	114
1240	111
1241	64
1242	54
1243	52
1244	51
1245	54
1246	62
1247	46
1248	52
1249	59
1250	62
1251	63
1252	53
1253	53
1254	55
1255	52
1256	49
1257	55
1258	53
1259	49
1260	54
1261	44
1262	65
1263	67
1264	46
1265	51
1266	53
1267	46
1268	55
1269	56
1270	38
1271	60
1272	55
1273	66
1274	62
1275	53
1276	64
1277	46
1278	70
1279	57
1280	38
1281	41
1282	56
1283	50
1284	54
1285	63
1286	50
1287	53
1288	53
1289	46
1290	49
1291	62
1292	61
1293	67
1294	57
1295	56
1296	50
1297	47
1298	59
1299	62
1300	57
1301	52
1302	55
1303	60
1304	62
1305	50
1306	57
1307	49
1308	48
1309	41
1310	55
1311	54
1312	58
1313	49
1314	52
1315	59
1316	42
1317	45
1318	52
1319	51
1320	49
1321	57
1322	49
1323	41
1324	48
1325	53
1326	47
1327	37
1328	62
1329	51
1330	44
1331	49
1332	68
1333	53
1334	41
1335	62
1336	55
1337	52
1338	68
1339	44
1340	55
1341	46
1342	49
1343	59
1344	66
1345	46
1346	54
1347	37
1348	49
1349	54
1350	55
1351	54
1352	58
1353	53
1354	47
1355	52
1356	51
1357	60
1358	53
1359	55
1360	48
1361	50
1362	52
1363	56
1364	52
1365	70
1366	44
1367	59
1368	86
1369	98
1370	60
1371	61
1372	40
1373	52
1374	51
1375	55
1376	48
1377	47
1378	45
1379	71
1380	43
1381	41
1382	40
1383	38
1384	47
1385	62
1386	45
1387	40
1388	48
1389	48
1390	57
1391	38
1392	53
1393	42
1394	44
1395	46
1396	49
1397	35
1398	43
1399	39
1400	48
1401	44
1402	54
1403	48
1404	32
1405	41
1406	38
1407	46
1408	44
1409	31
1410	45
1411	44
1412	47
1413	39
1414	45
1415	46
1416	48
1417	43
1418	40
1419	36
1420	48
1421	47
1422	35
1423	48
1424	31
1425	43
1426	40
1427	46
1428	34
1429	37
1430	47
1431	48
1432	52
1433	31
1434	34
1435	44
1436	34
1437	45
1438	34
1439	55
1440	40
1441	36
1442	33
1443	40
1444	36
1445	28
1446	35
1447	33
1448	39
1449	42
1450	43
1451	33
1452	31
1453	35
1454	35
1455	36
1456	31
1457	36
1458	43
1459	34
1460	36
1461	27
1462	31
1463	41
1464	38
1465	38
1466	49
1467	39
1468	31
1469	39
1470	32
1471	36
1472	45
1473	39
1474	32
1475	31
1476	31
1477	34
1478	33
1479	31
1480	21
1481	33
1482	29
1483	34
1484	29
1485	25
1486	45
1487	41
1488	37
1489	28
1490	27
1491	38
1492	25
1493	28
1494	38
1495	36
1496	44
1497	25
1498	31
1499	32
1500	30
1501	45
1502	35
1503	40
1504	29
1505	30
1506	28
1507	27
1508	31
1509	25
1510	40
1511	35
1512	31
1513	24
1514	29
1515	28
1516	40
1517	32
1518	39
1519	31
1520	39
1521	30
1522	44
1523	47
1524	33
1525	31
1526	40
1527	31
1528	29
1529	41
1530	43
1531	38
1532	39
1533	28
1534	26
1535	33
1536	35
1537	20
1538	23
1539	26
1540	28
1541	28
1542	22
1543	42
1544	32
1545	18
1546	39
1547	29
1548	41
1549	31
1550	33
1551	33
1552	25
1553	34
1554	38
1555	47
1556	35
1557	51
1558	28
1559	35
1560	30
1561	48
1562	39
1563	28
1564	28
1565	30
1566	31
1567	30
1568	25
1569	33
1570	28
1571	38
1572	37
1573	31
1574	37
1575	26
1576	36
1577	33
1578	14
1579	29
1580	33
1581	22
1582	27
1583	30
1584	31
1585	25
1586	37
1587	37
1588	30
1589	30
1590	25
1591	31
1592	19
1593	31
1594	27
1595	38
1596	29
1597	29
1598	26
1599	27
1600	25
1601	31
1602	26
1603	34
1604	20
1605	45
1606	31
1607	32
1608	28
1609	37
1610	52
1611	114
1612	284
1613	626
1614	863
1615	979
1616	693
1617	377
1618	136
1619	47
1620	19
1621	15
1622	12
1623	17
1624	22
1625	16
1626	22
1627	15
1628	15
1629	15
1630	16
1631	8
1632	14
1633	22
1634	21
1635	18
1636	16
1637	21
1638	23
1639	20
1640	16
1641	17
1642	14
1643	10
1644	20
1645	15
1646	14
1647	10
1648	12
1649	9
1650	24
1651	20
1652	20
1653	23
1654	14
1655	17
1656	21
1657	15
1658	19
1659	21
1660	17
1661	19
1662	12
1663	18
1664	15
1665	18
1666	20
1667	20
1668	21
1669	30
1670	17
1671	21
1672	30
1673	21
1674	19
1675	18
1676	16
1677	16
1678	21
1679	13
1680	17
1681	16
1682	16
1683	18
1684	14
1685	14
1686	10
1687	17
1688	16
1689	22
1690	12
1691	15
1692	25
1693	15
1694	17
1695	14
1696	15
1697	9
1698	14
1699	19
1700	11
1701	17
1702	15
1703	16
1704	14
1705	14
1706	15
1707	17
1708	13
1709	17
1710	18
1711	19
1712	18
1713	15
1714	10
1715	19
1716	10
1717	8
1718	10
1719	16
1720	16
1721	13
1722	12
1723	15
1724	12
1725	11
1726	16
1727	14
1728	10
1729	21
1730	14
1731	16
1732	12
1733	12
1734	11
1735	12
1736	13
1737	14
1738	20
1739	9
1740	17
1741	15
1742	10
1743	14
1744	10
1745	19
1746	12
1747	18
1748	20
1749	16
1750	10
1751	16
1752	20
1753	15
1754	32
1755	34
1756	38
1757	31
1758	27
1759	33
1760	30
1761	15
1762	25
1763	11
1764	12
1765	13
1766	15
1767	20
1768	11
1769	9
1770	6
1771	10
1772	10
1773	13
1774	14
1775	11
1776	19
1777	11
1778	14
1779	10
1780	8
1781	15
1782	7
1783	12
1784	14
1785	12
1786	20
1787	20
1788	17
1789	24
1790	21
1791	15
1792	28
1793	23
1794	26
1795	13
1796	14
1797	21
1798	13
1799	15
1800	16
1801	21
1802	33
1803	19
1804	16
1805	18
1806	10
1807	9
1808	15
1809	15
1810	19
1811	17
1812	9
1813	14
1814	9
1815	12
1816	18
1817	17
1818	16
1819	11
1820	10
1821	9
1822	17
1823	15
1824	11
1825	13
1826	10
1827	14
1828	9
1829	12
1830	16
1831	18
1832	10
1833	14
1834	17
1835	16
1836	25
1837	15
1838	11
1839	9
1840	20
1841	7
1842	16
1843	15
1844	14
1845	13
1846	8
1847	11
1848	11
1849	12
1850	10
1851	13
1852	10
1853	14
1854	14
1855	15
1856	10
1857	19
1858	9
1859	13
1860	8
1861	15
1862	14
1863	13
1864	11
1865	13
1866	11
1867	13
1868	18
1869	9
1870	13
1871	18
1872	11
1873	10
1874	15
1875	13
1876	11
1877	10
1878	10
1879	12
1880	11
1881	13
1882	11
1883	6
1884	8
1885	8
1886	10
1887	9
1888	11
1889	15
1890	6
1891	17
1892	9
1893	19
1894	9
1895	10
1896	13
1897	21
1898	13
1899	13
1900	8
1901	14
1902	15
1903	13
1904	15
1905	9
1906	15
1907	16
1908	7
1909	16
1910	35
1911	25
1912	28
1913	25
1914	22
1915	13
1916	8
1917	10
1918	9
1919	10
1920	13
1921	7
1922	13
1923	6
1924	9
1925	12
1926	11
1927	5
1928	15
1929	9
1930	8
1931	19
1932	12
1933	11
1934	14
1935	7
1936	9
1937	10
1938	11
1939	6
1940	11
1941	6
1942	19
1943	19
1944	12
1945	11
1946	9
1947	42
1948	43
1949	83
1950	101
1951	95
1952	51
1953	22
1954	18
1955	13
1956	8
1957	13
1958	10
1959	10
1960	14
1961	7
1962	9
1963	10
1964	7
1965	10
1966	12
1967	9
1968	14
1969	15
1970	7
1971	12
1972	7
1973	11
1974	11
1975	9
1976	6
1977	15
1978	12
1979	6
1980	6
1981	10
1982	13
1983	7
1984	5
1985	10
1986	8
1987	9
1988	11
1989	11
1990	11
1991	6
1992	11
1993	12
1994	13
1995	15
1996	8
1997	7
1998	8
1999	5
2000	7
2001	7
2002	11
2003	8
2004	12
2005	7
2006	16
2007	11
2008	10
2009	7
2010	9
2011	7
2012	15
2013	7
2014	12
2015	8
2016	9
2017	11
2018	10
2019	11
2020	8
2021	6
2022	11
2023	9
2024	18
2025	7
2026	8
2027	6
2028	15
2029	21
2030	14
2031	9
2032	13
2033	14
2034	12
2035	11
2036	8
2037	12
2038	10
2039	15
2040	24
2041	21
2042	23
2043	17
2044	14
2045	14
2046	4
2047	8
2048	8
2049	5
2050	12
2051	8
2052	16
2053	7
2054	9
2055	11
2056	13
2057	8
2058	19
2059	2
2060	9
2061	18
2062	9
2063	13
2064	8
2065	9
2066	14
2067	9
2068	12
2069	13
2070	12
2071	14
2072	6
2073	15
2074	3
2075	14
2076	12
2077	8
2078	12
2079	10
2080	7
2081	11
2082	8
2083	13
2084	9
2085	12
2086	15
2087	8
2088	12
2089	7
2090	8
2091	13
2092	10
2093	9
2094	5
2095	20
2096	11
2097	5
2098	14
2099	14
2100	6
2101	7
2102	7
2103	9
2104	9
2105	8
2106	9
2107	4
2108	7
2109	11
2110	9
2111	10
2112	11
2113	5
2114	8
2115	16
2116	17
2117	16
2118	9
2119	8
2120	14
2121	8
2122	7
2123	6
2124	11
2125	5
2126	16
2127	12
2128	7
2129	14
2130	9
2131	6
2132	5
2133	5
2134	10
2135	10
2136	9
2137	14
2138	5
2139	11
2140	6
2141	12
2142	16
2143	12
2144	10
2145	9
2146	9
2147	5
2148	7
2149	14
2150	8
2151	8
2152	10
2153	11
2154	12
2155	7
2156	13
2157	9
2158	5
2159	9
2160	9
2161	13
2162	15
2163	12
2164	8
2165	10
2166	6
2167	10
2168	6
2169	11
2170	12
2171	5
2172	6
2173	11
2174	11
2175	8
2176	6
2177	10
2178	9
2179	10
2180	11
2181	5
2182	11
2183	8
2184	6
2185	13
2186	9
2187	7
2188	13
2189	13
2190	10
2191	13
2192	7
2193	12
2194	9
2195	9
2196	7
2197	9
2198	8
2199	4
2200	8
2201	11
2202	11
2203	7
2204	10
2205	8
2206	13
2207	9
2208	13
2209	17
2210	1
2211	14
2212	10
2213	3
2214	9
2215	10
2216	8
2217	14
2218	7
2219	8
2220	14
2221	17
2222	11
2223	12
2224	8
2225	4
2226	4
2227	8
2228	12
2229	13
2230	8
2231	7
2232	12
2233	6
2234	8
2235	9
2236	3
2237	14
2238	8
2239	5
2240	6
2241	6
2242	14
2243	7
2244	4
2245	9
2246	4
2247	6
2248	9
2249	5
2250	14
2251	8
2252	2
2253	10
2254	6
2255	9
2256	7
2257	13
2258	14
2259	8
2260	5
2261	7
2262	9
2263	8
2264	11
2265	6
2266	7
2267	9
2268	13
2269	5
2270	16
2271	5
2272	11
2273	4
2274	11
2275	5
2276	5
2277	15
2278	6
2279	8
2280	8
2281	15
2282	7
2283	8
2284	9
2285	11
2286	8
2287	6
2288	7
2289	11
2290	8
2291	8
2292	4
2293	5
2294	8
2295	7
2296	6
2297	8
2298	11
2299	5
2300	12
2301	11
2302	9
2303	6
2304	12
2305	8
2306	9
2307	11
2308	5
2309	10
2310	4
2311	6
2312	14
2313	8
2314	9
2315	13
2316	6
2317	9
2318	9
2319	11
2320	17
2321	21
2322	29
2323	37
2324	33
2325	27
2326	30
2327	24
2328	14
2329	13
2330	9
2331	8
2332	9
2333	9
2334	7
2335	10
2336	13
2337	6
2338	11
2339	13
2340	14
2341	14
2342	14
2343	7
2344	11
2345	12
2346	10
2347	9
2348	9
2349	11
2350	11
2351	8
2352	8
2353	8
2354	8
2355	3
2356	10
2357	3
2358	9
2359	9
2360	3
2361	10
2362	10
2363	10
2364	12
2365	6
2366	13
2367	12
2368	5
2369	6
2370	10
2371	11
2372	6
2373	9
2374	5
2375	7
2376	7
2377	12
2378	9
2379	1
2380	9
2381	7
2382	7
2383	4
2384	5
2385	8
2386	10
2387	7
2388	8
2389	13
2390	8
2391	9
2392	10
2393	9
2394	9
2395	5
2396	7
2397	6
2398	6
2399	7
2400	7
2401	8
2402	12
2403	4
2404	6
2405	6
2406	5
2407	6
2408	6
2409	7
2410	4
2411	11
2412	11
2413	7
2414	10
2415	7
2416	14
2417	5
2418	11
2419	15
2420	7
2421	6
2422	6
2423	6
2424	8
2425	7
2426	7
2427	9
2428	8
2429	9
2430	4
2431	11
2432	17
2433	19
2434	35
2435	30
2436	33
2437	24
2438	23
2439	15
2440	11
2441	11
2442	13
2443	11
2444	7
2445	6
2446	10
2447	11
2448	6
2449	10
2450	10
2451	7
2452	2
2453	10
2454	9
2455	9
2456	5
2457	5
2458	4
2459	4
2460	11
2461	8
2462	9
2463	12
2464	9
2465	9
2466	7
2467	5
2468	9
2469	12
2470	8
2471	9
2472	6
2473	8
2474	8
2475	8
2476	6
2477	9
2478	10
2479	10
2480	7
2481	5
2482	12
2483	12
2484	9
2485	5
2486	11
2487	6
2488	6
2489	5
2490	7
2491	13
2492	5
2493	5
2494	13
2495	13
2496	9
2497	9
2498	12
2499	11
2500	5
2501	6
2502	9
2503	5
2504	7
2505	11
2506	9
2507	7
2508	8
2509	7
2510	9
2511	8
2512	7
2513	8
2514	9
2515	9
2516	11
2517	5
2518	12
2519	7
2520	7
2521	8
2522	10
2523	6
2524	6
2525	10
2526	3
2527	6
2528	11
2529	6
2530	8
2531	10
2532	12
2533	12
2534	13
2535	11
2536	5
2537	13
2538	11
2539	8
2540	17
2541	7
2542	10
2543	10
2544	11
2545	13
2546	7
2547	7
2548	13
2549	10
2550	15
2551	7
2552	10
2553	12
2554	11
2555	9
2556	14
2557	8
2558	10
2559	5
2560	4
2561	12
2562	8
2563	12
2564	7
2565	4
2566	7
2567	17
2568	7
2569	12
2570	9
2571	8
2572	5
2573	10
2574	7
2575	7
2576	9
2577	12
2578	7
2579	11
2580	13
2581	8
2582	12
2583	7
2584	5
2585	11
2586	6
2587	11
2588	4
2589	14
2590	9
2591	6
2592	10
2593	7
2594	7
2595	9
2596	7
2597	7
2598	11
2599	5
2600	11
2601	6
2602	5
2603	7
2604	9
2605	9
2606	7
2607	7
2608	8
2609	9
2610	7
2611	11
2612	7
2613	12
2614	15
2615	13
2616	9
2617	3
2618	7
2619	6
2620	8
2621	10
2622	12
2623	9
2624	13
2625	12
2626	14
2627	8
2628	7
2629	6
2630	13
2631	13
2632	10
2633	10
2634	10
2635	8
2636	6
2637	7
2638	5
2639	3
2640	11
2641	10
2642	7
2643	6
2644	6
2645	6
2646	6
2647	3
2648	2
2649	5
2650	10
2651	7
2652	5
2653	5
2654	8
2655	7
2656	11
2657	11
2658	6
2659	9
2660	3
2661	9
2662	4
2663	8
2664	5
2665	4
2666	14
2667	9
2668	8
2669	7
2670	7
2671	12
2672	8
2673	9
2674	6
2675	9
2676	4
2677	4
2678	3
2679	7
2680	7
2681	4
2682	12
2683	5
2684	4
2685	8
2686	8
2687	7
2688	5
2689	7
2690	6
2691	9
2692	7
2693	7
2694	6
2695	7
2696	2
2697	5
2698	14
2699	4
2700	7
2701	6
2702	8
2703	17
2704	15
2705	14
2706	17
2707	11
2708	9
2709	7
2710	4
2711	5
2712	8
2713	6
2714	3
2715	5
2716	4
2717	7
2718	4
2719	6
2720	6
2721	4
2722	6
2723	2
2724	7
2725	1
2726	4
2727	5
2728	2
2729	5
2730	7
2731	2
2732	7
2733	5
2734	5
2735	6
2736	1
2737	4
2738	3
2739	2
2740	9
2741	2
2742	2
2743	2
2744	3
2745	4
2746	4
2747	4
2748	6
2749	1
2750	2
2751	6
2752	6
2753	2
2754	1
2755	3
2756	4
2757	6
2758	4
2759	1
2760	3
2761	3
2762	4
2763	2
2764	5
2765	3
2766	3
2767	4
2768	3
2769	3
2770	3
2771	4
2772	6
2773	7
2774	3
2775	0
2776	3
2777	6
2778	4
2779	5
2780	1
2781	5
2782	4
2783	6
2784	2
2785	2
2786	2
2787	3
2788	8
2789	5
2790	1
2791	3
2792	4
2793	1
2794	2
2795	1
2796	3
2797	2
2798	3
2799	2
2800	7
2801	0
2802	4
2803	4
2804	1
2805	2
2806	3
2807	4
2808	4
2809	3
2810	2
2811	2
2812	0
2813	0
2814	1
2815	1
2816	2
2817	2
2818	0
2819	2
2820	5
2821	4
2822	2
2823	3
2824	0
2825	2
2826	1
2827	0
2828	3
2829	2
2830	2
2831	4
2832	0
2833	2
2834	5
2835	0
2836	2
2837	3
2838	2
2839	2
2840	3
2841	4
2842	2
2843	2
2844	2
2845	1
2846	2
2847	3
2848	0
2849	1
2850	2
2851	0
2852	1
2853	2
2854	1
2855	2
2856	3
2857	2
2858	2
2859	2
2860	3
2861	2
2862	2
2863	2
2864	2
2865	3
2866	2
2867	2
2868	6
2869	0
2870	1
2871	3
2872	2
2873	0
2874	2
2875	3
2876	5
2877	0
2878	6
2879	5
2880	3
2881	2
2882	8
2883	7
2884	28
2885	75
2886	128
2887	193
2888	217
2889	264
2890	236
2891	169
2892	91
2893	31
2894	11
2895	8
2896	1
2897	1
2898	0
2899	0
2900	1
2901	0
2902	2
2903	0
2904	0
2905	0
2906	1
2907	0
2908	0
2909	2
2910	0
2911	0
2912	0
2913	0
2914	2
2915	0
2916	0
2917	1
2918	0
2919	0
2920	1
2921	0
2922	0
2923	0
2924	2
2925	1
2926	0
2927	0
2928	1
2929	2
2930	0
2931	2
2932	0
2933	0
2934	0
2935	0
2936	0
2937	4
2938	1
2939	0
2940	0
2941	2
2942	0
2943	1
2944	0
2945	0
2946	0
2947	1
2948	3
2949	1
2950	0
2951	1
2952	0
2953	0
2954	1
2955	0
2956	1
2957	1
2958	0
2959	0
2960	0
2961	0
2962	1
2963	0
2964	0
2965	1
2966	2
2967	1
2968	1
2969	0
2970	1
2971	1
2972	0
2973	2
2974	0
2975	2
2976	1
2977	2
2978	0
2979	2
2980	0
2981	2
2982	1
2983	2
2984	1
2985	0
2986	0
2987	0
2988	0
2989	0
2990	0
2991	3
2992	0
2993	1
2994	0
2995	1
2996	2
2997	0
2998	0
2999	2
3000	0
3001	3
3002	1
3003	1
3004	1
3005	1
3006	0
3007	0
3008	1
3009	2
3010	1
3011	1
3012	0
3013	2
3014	1
3015	0
3016	0
3017	2
3018	2
3019	1
3020	1
3021	1
3022	0
3023	0
3024	1
3025	0
3026	0
3027	1
3028	1
3029	0
3030	0
3031	0
3032	0
3033	0
3034	1
3035	1
3036	1
3037	0
3038	0
3039	0
3040	2
3041	0
3042	0
3043	0
3044	0
3045	2
3046	1
3047	3
3048	0
3049	2
3050	3
3051	0
3052	0
3053	0
3054	0
3055	3
3056	0
3057	0
3058	1
3059	1
3060	2
3061	0
3062	2
3063	1
3064	0
3065	1
3066	1
3067	0
3068	1
3069	2
3070	0
3071	0
3072	0
3073	1
3074	1
3075	1
3076	2
3077	0
3078	1
3079	2
3080	1
3081	0
3082	1
3083	0
3084	1
3085	3
3086	0
3087	1
3088	0
3089	0
3090	2
3091	1
3092	0
3093	1
3094	1
3095	0
3096	1
3097	2
3098	1
3099	2
3100	1
3101	0
3102	2
3103	0
3104	0
3105	1
3106	2
3107	0
3108	1
3109	2
3110	0
3111	1
3112	0
3113	0
3114	2
3115	1
3116	0
3117	5
3118	0
3119	1
3120	1
3121	1
3122	2
3123	0
3124	3
3125	1
3126	0
3127	1
3128	1
3129	0
3130	0
3131	1
3132	2
3133	0
3134	0
3135	0
3136	2
3137	0
3138	0
3139	1
3140	2
3141	3
3142	0
3143	1
3144	1
3145	1
3146	1
3147	1
3148	0
3149	0
3150	0
3151	1
3152	0
3153	2
3154	1
3155	1
3156	3
3157	0
3158	2
3159	0
3160	0
3161	0
3162	0
3163	0
3164	0
3165	1
3166	0
3167	1
3168	0
3169	0
3170	1
3171	1
3172	3
3173	1
3174	0
3175	0
3176	1
3177	0
3178	0
3179	2
3180	1
3181	0
3182	6
3183	1
3184	1
3185	0
3186	1
3187	1
3188	0
3189	1
3190	0
3191	0
3192	1
3193	1
3194	1
3195	2
3196	0
3197	1
3198	0
3199	0
3200	0
3201	1
3202	0
3203	0
3204	0
3205	1
3206	1
3207	0
3208	0
3209	1
3210	2
3211	0
3212	1
3213	1
3214	0
3215	2
3216	2
3217	1
3218	1
3219	0
3220	0
3221	0
3222	1
3223	0
3224	0
3225	2
3226	1
3227	3
3228	1
3229	0
3230	3
3231	0
3232	0
3233	0
3234	1
3235	1
3236	1
3237	0
3238	1
3239	0
3240	1
3241	2
3242	0
3243	2
3244	1
3245	1
3246	0
3247	0
3248	0
3249	1
3250	1
3251	1
3252	0
3253	0
3254	0
3255	2
3256	1
3257	1
3258	0
3259	0
3260	2
3261	1
3262	0
3263	0
3264	2
3265	1
3266	0
3267	2
3268	2
3269	1
3270	3
3271	1
3272	1
3273	1
3274	0
3275	0
3276	0
3277	1
3278	2
3279	1
3280	0
3281	1
3282	2
3283	2
3284	1
3285	0
3286	3
3287	1
3288	1
3289	0
3290	1
3291	1
3292	1
3293	1
3294	2
3295	0
3296	0
3297	4
3298	0
3299	2
3300	0
3301	1
3302	0
3303	1
3304	1
3305	0
3306	0
3307	1
3308	1
3309	2
3310	0
3311	1
3312	3
3313	3
3314	0
3315	0
3316	0
3317	2
3318	0
3319	0
3320	1
3321	2
3322	0
3323	3
3324	0
3325	0
3326	0
3327	0
3328	1
3329	0
3330	0
3331	0
3332	1
3333	0
3334	1
3335	0
3336	0
3337	2
3338	0
3339	0
3340	1
3341	1
3342	1
3343	1
3344	1
3345	0
3346	0
3347	1
3348	0
3349	0
3350	0
3351	1
3352	1
3353	2
3354	0
3355	0
3356	0
3357	1
3358	1
3359	0
3360	0
3361	1
3362	1
3363	1
3364	2
3365	1
3366	0
3367	0
3368	0
3369	0
3370	1
3371	1
3372	0
3373	3
3374	0
3375	2
3376	0
3377	1
3378	0
3379	0
3380	0
3381	0
3382	0
3383	1
3384	1
3385	3
3386	2
3387	0
3388	1
3389	0
3390	1
3391	0
3392	1
3393	0
3394	1
3395	0
3396	1
3397	1
3398	1
3399	1
3400	1
3401	1
3402	2
3403	0
3404	0
3405	0
3406	1
3407	2
3408	2
3409	0
3410	0
3411	0
3412	0
3413	1
3414	2
3415	0
3416	0
3417	1
3418	0
3419	0
3420	1
3421	1
3422	1
3423	0
3424	0
3425	1
3426	0
3427	0
3428	1
3429	0
3430	0
3431	0
3432	0
3433	1
3434	0
3435	0
3436	0
3437	0
3438	0
3439	0
3440	0
3441	0
3442	0
3443	0
3444	1
3445	0
3446	1
3447	0
3448	0
3449	1
3450	0
3451	0
3452	0
3453	0
3454	1
3455	0
3456	1
3457	0
3458	0
3459	1
3460	0
3461	1
3462	1
3463	0
3464	0
3465	0
3466	2
3467	0
3468	1
3469	0
3470	1
3471	0
3472	0
3473	1
3474	2
3475	0
3476	0
3477	1
3478	1
3479	0
3480	0
3481	0
3482	0
3483	1
3484	0
3485	0
3486	0
3487	1
3488	0
3489	2
3490	4
3491	0
3492	2
3493	1
3494	0
3495	1
3496	0
3497	1
3498	1
3499	2
3500	0
3501	0
3502	1
3503	2
3504	1
3505	1
3506	1
3507	1
3508	1
3509	2
3510	2
3511	0
3512	1
3513	1
3514	1
3515	0
3516	0
3517	1
3518	1
3519	1
3520	1
3521	0
3522	1
3523	0
3524	0
3525	1
3526	0
3527	1
3528	0
3529	0
3530	1
3531	0
3532	0
3533	1
3534	1
3535	1
3536	1
3537	0
3538	1
3539	2
3540	1
3541	1
3542	0
3543	0
3544	1
3545	1
3546	0
3547	0
3548	0
3549	0
3550	1
3551	0
3552	1
3553	0
3554	2
3555	0
3556	1
3557	0
3558	1
3559	3
3560	0
3561	0
3562	1
3563	0
3564	0
3565	1
3566	1
3567	0
3568	1
3569	2
3570	1
3571	0
3572	1
3573	1
3574	1
3575	0
3576	1
3577	0
3578	1
3579	0
3580	0
3581	1
3582	3
3583	4
3584	0
3585	1
3586	0
3587	0
3588	1
3589	0
3590	0
3591	1
3592	1
3593	1
3594	0
3595	0
3596	0
3597	1
3598	0
3599	1
3600	1
3601	0
3602	0
3603	0
3604	2
3605	1
3606	0
3607	0
3608	0
3609	0
3610	2
3611	2
3612	0
3613	0
3614	0
3615	1
3616	1
3617	1
3618	0
3619	1
3620	1
3621	3
3622	1
3623	1
3624	1
3625	0
3626	1
3627	2
3628	2
3629	1
3630	1
3631	2
3632	0
3633	0
3634	0
3635	0
3636	0
3637	0
3638	0
3639	0
3640	0
3641	1
3642	0
3643	1
3644	0
3645	1
3646	1
3647	0
3648	2
3649	0
3650	0
3651	1
3652	0
3653	2
3654	1
3655	0
3656	0
3657	0
3658	2
3659	0
3660	0
3661	0
3662	1
3663	0
3664	1
3665	0
3666	0
3667	0
3668	1
3669	0
3670	0
3671	1
3672	1
3673	1
3674	0
3675	2
3676	3
3677	1
3678	0
3679	0
3680	1
3681	0
3682	0
3683	0
3684	3
3685	0
3686	1
3687	1
3688	1
3689	2
3690	0
3691	0
3692	1
3693	1
3694	0
3695	1
3696	2
3697	0
3698	0
3699	0
3700	2
3701	2
3702	0
3703	0
3704	0
3705	0
3706	0
3707	2
3708	1
3709	0
3710	0
3711	0
3712	2
3713	0
3714	1
3715	1
3716	1
3717	0
3718	0
3719	0
3720	1
3721	1
3722	2
3723	0
3724	1
3725	0
3726	0
3727	0
3728	0
3729	0
3730	1
3731	1
3732	0
3733	1
3734	0
3735	1
3736	2
3737	0
3738	0
3739	0
3740	2
3741	2
3742	0
3743	0
3744	0
3745	3
3746	0
3747	2
3748	1
3749	0
3750	0
3751	0
3752	3
3753	0
3754	0
3755	0
3756	2
3757	1
3758	1
3759	0
3760	1
3761	0
3762	2
3763	1
3764	0
3765	0
3766	1
3767	1
3768	1
3769	1
3770	2
3771	0
3772	1
3773	1
3774	0
3775	0
3776	1
3777	1
3778	0
3779	0
3780	2
3781	1
3782	3
3783	0
3784	0
3785	0
3786	0
3787	0
3788	1
3789	0
3790	1
3791	2
3792	1
3793	0
3794	1
3795	1
3796	0
3797	0
3798	0
3799	1
3800	0
3801	1
3802	0
3803	0
3804	1
3805	0
3806	1
3807	0
3808	0
3809	2
3810	0
3811	0
3812	1
3813	0
3814	2
3815	1
3816	1
3817	1
3818	0
3819	0
3820	1
3821	0
3822	0
3823	1
3824	2
3825	0
3826	1
3827	0
3828	0
3829	0
3830	1
3831	2
3832	1
3833	0
3834	0
3835	0
3836	0
3837	0
3838	0
3839	0
3840	1
3841	0
3842	0
3843	0
3844	0
3845	0
3846	0
3847	2
3848	1
3849	3
3850	0
3851	0
3852	0
3853	0
3854	1
3855	3
3856	0
3857	0
3858	2
3859	2
3860	0
3861	0
3862	1
3863	0
3864	0
3865	0
3866	1
3867	1
3868	0
3869	1
3870	0
3871	0
3872	1
3873	1
3874	0
3875	0
3876	0
3877	2
3878	0
3879	0
3880	0
3881	1
3882	0
3883	1
3884	1
3885	0
3886	0
3887	1
3888	2
3889	1
3890	0
3891	0
3892	0
3893	0
3894	0
3895	0
3896	0
3897	0
3898	1
3899	0
3900	2
3901	0
3902	0
3903	0
3904	0
3905	1
3906	0
3907	0
3908	2
3909	0
3910	2
3911	0
3912	0
3913	0
3914	0
3915	0
3916	0
3917	0
3918	0
3919	1
3920	1
3921	0
3922	0
3923	1
3924	0
3925	1
3926	0
3927	0
3928	1
3929	1
3930	2
3931	0
3932	2
3933	2
3934	0
3935	0
3936	0
3937	0
3938	0
3939	0
3940	1
3941	0
3942	0
3943	2
3944	1
3945	1
3946	2
3947	0
3948	0
3949	0
3950	0
3951	0
3952	1
3953	0
3954	0
3955	0
3956	3
3957	1
3958	0
3959	0
3960	0
3961	1
3962	0
3963	0
3964	0
3965	0
3966	1
3967	1
3968	1
3969	0
3970	0
3971	1
3972	0
3973	1
3974	2
3975	1
3976	0
3977	0
3978	0
3979	0
3980	0
3981	0
3982	0
3983	1
3984	1
3985	1
3986	1
3987	4
3988	0
3989	0
3990	0
3991	1
3992	1
3993	1
3994	1
3995	0
3996	0
3997	0
3998	0
3999	1
4000	0
4001	0
4002	2
4003	1
4004	1
4005	2
4006	2
4007	0
4008	1
4009	1
4010	1
4011	0
4012	1
4013	0
4014	2
4015	0
4016	1
4017	0
4018	1
4019	0
4020	0
4021	1
4022	1
4023	0
4024	0
4025	0
4026	1
4027	0
4028	0
4029	1
4030	0
4031	0
4032	1
4033	1
4034	0
4035	1
4036	0
4037	1
4038	3
4039	0
4040	0
4041	0
4042	1
4043	0
4044	0
4045	0
4046	3
4047	0
4048	0
4049	0
4050	3
4051	1
4052	1
4053	0
4054	1
4055	0
4056	4
4057	0
4058	0
4059	1
4060	1
4061	0
4062	2
4063	1
4064	0
4065	0
4066	0
4067	1
4068	0
4069	0
4070	3
4071	0
4072	0
4073	1
4074	1
4075	1
4076	0
4077	1
4078	0
4079	0
4080	1
4081	0
4082	0
4083	0
4084	0
4085	1
4086	2
4087	0
4088	0
4089	0
4090	0
4091	2
4092	1
4093	0
4094	0
4095	0
4096	1
4097	0
4098	1
4099	2
4100	1
4101	0
4102	2
4103	2
4104	0
4105	0
4106	2
4107	1
4108	1
4109	1
4110	0
4111	1
4112	0
4113	1
4114	2
4115	2
4116	0
4117	0
4118	0
4119	1
4120	0
4121	0
4122	0
4123	1
4124	0
4125	0
4126	0
4127	1
4128	0
4129	1
4130	1
4131	1
4132	1
4133	0
4134	1
4135	0
4136	3
4137	1
4138	2
4139	1
4140	1
4141	0
4142	0
4143	1
4144	0
4145	0
4146	3
4147	0
4148	0
4149	0
4150	0
4151	0
4152	0
4153	1
4154	0
4155	2
4156	0
4157	0
4158	1
4159	0
4160	0
4161	1
4162	1
4163	0
4164	0
4165	0
4166	0
4167	1
4168	0
4169	0
4170	0
4171	0
4172	0
4173	0
4174	0
4175	1
4176	1
4177	0
4178	2
4179	0
4180	0
4181	1
4182	0
4183	0
4184	0
4185	0
4186	1
4187	0
4188	0
4189	0
4190	1
4191	0
4192	0
4193	2
4194	0
4195	1
4196	0
4197	0
4198	0
4199	1
4200	2
4201	0
4202	0
4203	1
4204	0
4205	0
4206	1
4207	1
4208	0
4209	0
4210	0
4211	0
4212	0
4213	0
4214	0
4215	0
4216	0
4217	1
4218	1
4219	1
4220	0
4221	0
4222	0
4223	0
4224	0
4225	0
4226	0
4227	0
4228	0
4229	1
4230	0
4231	0
4232	0
4233	0
4234	1
4235	0
4236	1
4237	0
4238	0
4239	0
4240	0
4241	1
4242	0
4243	0
4244	2
4245	0
4246	0
4247	0
4248	0
4249	1
4250	0
4251	1
4252	1
4253	1
4254	0
4255	0
4256	0
4257	2
4258	1
4259	1
4260	1
4261	1
4262	2
4263	1
4264	0
4265	2
4266	1
4267	0
4268	0
4269	2
4270	0
4271	0
4272	1
4273	0
4274	0
4275	1
4276	0
4277	0
4278	0
4279	1
4280	1
4281	0
4282	2
4283	2
4284	1
4285	0
4286	0
4287	3
4288	1
4289	0
4290	0
4291	1
4292	0
4293	1
4294	0
4295	0
4296	1
4297	0
4298	0
4299	1
4300	0
4301	1
4302	2
4303	0
4304	1
4305	2
4306	0
4307	1
4308	0
4309	0
4310	1
4311	0
4312	1
4313	0
4314	0
4315	1
4316	0
4317	0
4318	0
4319	0
4320	1
4321	1
4322	0
4323	0
4324	1
4325	0
4326	1
4327	0
4328	0
4329	0
4330	0
4331	1
4332	0
4333	0
4334	1
4335	1
4336	2
4337	1
4338	1
4339	0
4340	0
4341	0
4342	0
4343	1
4344	0
4345	1
4346	1
4347	2
4348	0
4349	0
4350	0
4351	1
4352	0
4353	1
4354	0
4355	0
4356	0
4357	1
4358	0
4359	0
4360	1
4361	0
4362	0
4363	0
4364	0
4365	2
4366	0
4367	0
4368	0
4369	2
4370	0
4371	1
4372	0
4373	0
4374	1
4375	2
4376	0
4377	0
4378	2
4379	0
4380	0
4381	0
4382	0
4383	1
4384	0
4385	0
4386	0
4387	1
4388	0
4389	0
4390	0
4391	0
4392	0
4393	0
4394	0
4395	0
4396	0
4397	1
4398	0
4399	0
4400	1
4401	0
4402	0
4403	1
4404	1
4405	0
4406	0
4407	0
4408	0
4409	0
4410	0
4411	0
4412	0
4413	1
4414	0
4415	0
4416	1
4417	1
4418	0
4419	0
4420	0
4421	0
4422	0
4423	1
4424	0
4425	1
4426	0
4427	0
4428	1
4429	1
4430	0
4431	0
4432	1
4433	1
4434	1
4435	1
4436	1
4437	0
4438	0
4439	1
4440	0
4441	0
4442	0
4443	0
4444	0
4445	1
4446	0
4447	0
4448	1
4449	1
4450	1
4451	1
4452	0
4453	2
4454	0
4455	0
4456	1
4457	1
4458	1
4459	1
4460	1
4461	0
4462	0
4463	1
4464	0
4465	0
4466	0
4467	1
4468	1
4469	1
4470	0
4471	0
4472	0
4473	0
4474	2
4475	0
4476	0
4477	2
4478	0
4479	1
4480	0
4481	0
4482	1
4483	2
4484	0
4485	0
4486	0
4487	0
4488	0
4489	0
4490	1
4491	0
4492	1
4493	0
4494	1
4495	0
4496	0
4497	0
4498	0
4499	0
4500	0
4501	0
4502	1
4503	0
4504	2
4505	1
4506	0
4507	0
4508	0
4509	1
4510	0
4511	0
4512	1
4513	1
4514	0
4515	0
4516	1
4517	0
4518	0
4519	0
4520	0
4521	2
4522	2
4523	0
4524	0
4525	0
4526	0
4527	0
4528	0
4529	0
4530	1
4531	0
4532	0
4533	0
4534	0
4535	3
4536	0
4537	0
4538	1
4539	1
4540	0
4541	2
4542	0
4543	0
4544	0
4545	0
4546	0
4547	0
4548	0
4549	0
4550	1
4551	1
4552	0
4553	0
4554	1
4555	0
4556	0
4557	2
4558	2
4559	0
4560	0
4561	0
4562	0
4563	1
4564	0
4565	0
4566	0
4567	1
4568	0
4569	0
4570	0
4571	0
4572	0
4573	2
4574	0
4575	0
4576	0
4577	0
4578	1
4579	0
4580	0
4581	0
4582	0
4583	1
4584	0
4585	0
4586	0
4587	0
4588	0
4589	1
4590	0
4591	0
4592	0
4593	1
4594	0
4595	0
4596	1
4597	0
4598	0
4599	1
4600	0
4601	0
4602	1
4603	0
4604	1
4605	0
4606	0
4607	0
4608	1
4609	0
4610	1
4611	0
4612	0
4613	1
4614	1
4615	0
4616	0
4617	0
4618	0
4619	1
4620	0
4621	0
4622	1
4623	0
4624	1
4625	0
4626	1
4627	0
4628	0
4629	1
4630	0
4631	1
4632	0
4633	0
4634	0
4635	1
4636	1
4637	0
4638	0
4639	0
4640	0
4641	0
4642	0
4643	1
4644	1
4645	0
4646	0
4647	0
4648	1
4649	0
4650	0
4651	0
4652	1
4653	2
4654	2
4655	0
4656	1
4657	1
4658	0
4659	1
4660	0
4661	1
4662	0
4663	0
4664	1
4665	0
4666	1
4667	0
4668	1
4669	0
4670	1
4671	0
4672	0
4673	1
4674	0
4675	1
4676	3
4677	0
4678	1
4679	0
4680	3
4681	0
4682	0
4683	1
4684	2
4685	1
4686	1
4687	0
4688	0
4689	0
4690	0
4691	1
4692	0
4693	0
4694	0
4695	1
4696	0
4697	0
4698	0
4699	0
4700	1
4701	0
4702	0
4703	1
4704	1
4705	0
4706	2
4707	1
4708	1
4709	0
4710	0
4711	0
4712	0
4713	2
4714	1
4715	3
4716	0
4717	0
4718	0
4719	2
4720	2
4721	3
4722	0
4723	0
4724	0
4725	0
4726	1
4727	0
4728	2
4729	1
4730	0
4731	0
4732	0
4733	1
4734	0
4735	0
4736	0
4737	0
4738	0
4739	0
4740	0
4741	0
4742	0
4743	0
4744	1
4745	0
4746	0
4747	0
4748	1
4749	0
4750	2
4751	0
4752	1
4753	0
4754	2
4755	1
4756	1
4757	0
4758	0
4759	0
4760	2
4761	0
4762	0
4763	0
4764	0
4765	1
4766	0
4767	1
4768	1
4769	1
4770	1
4771	0
4772	0
4773	0
4774	0
4775	0
4776	3
4777	2
4778	0
4779	0
4780	0
4781	0
4782	0
4783	1
4784	1
4785	0
4786	0
4787	0
4788	0
4789	0
4790	1
4791	1
4792	0
4793	0
4794	0
4795	1
4796	1
4797	1
4798	1
4799	1
4800	0
4801	2
4802	0
4803	0
4804	0
4805	2
4806	0
4807	0
4808	0
4809	0
4810	2
4811	0
4812	0
4813	0
4814	1
4815	0
4816	0
4817	0
4818	1
4819	0
4820	0
4821	1
4822	2
4823	0
4824	0
4825	1
4826	1
4827	2
4828	0
4829	0
4830	0
4831	0
4832	0
4833	0
4834	1
4835	1
4836	0
4837	0
4838	0
4839	0
4840	1
4841	1
4842	0
4843	0
4844	1
4845	0
4846	1
4847	1
4848	0
4849	1
4850	0
4851	0
4852	1
4853	0
4854	1
4855	1
4856	0
4857	0
4858	0
4859	0
4860	1
4861	0
4862	1
4863	0
4864	1
4865	1
4866	0
4867	1
4868	0
4869	0
4870	0
4871	1
4872	0
4873	0
4874	1
4875	0
4876	2
4877	0
4878	0
4879	0
4880	0
4881	0
4882	1
4883	0
4884	0
4885	1
4886	0
4887	0
4888	0
4889	0
4890	0
4891	0
4892	0
4893	1
4894	0
4895	1
4896	2
4897	0
4898	1
4899	1
4900	0
4901	0
4902	0
4903	1
4904	1
4905	0
4906	1
4907	1
4908	0
4909	0
4910	3
4911	1
4912	0
4913	0
4914	0
4915	1
4916	0
4917	1
4918	1
4919	1
4920	0
4921	0
4922	0
4923	1
4924	1
4925	0
4926	1
4927	0
4928	2
4929	0
4930	1
4931	2
4932	0
4933	0
4934	2
4935	1
4936	0
4937	0
4938	1
4939	0
4940	0
4941	1
4942	0
4943	1
4944	0
4945	1
4946	1
4947	0
4948	0
4949	0
4950	0
4951	0
4952	0
4953	1
4954	2
4955	1
4956	0
4957	0
4958	0
4959	0
4960	1
4961	1
4962	0
4963	0
4964	0
4965	0
4966	1
4967	0
4968	0
4969	0
4970	1
4971	1
4972	0
4973	0
4974	0
4975	0
4976	0
4977	0
4978	0
4979	1
4980	1
4981	0
4982	1
4983	0
4984	0
4985	1
4986	0
4987	0
4988	0
4989	0
4990	0
4991	0
4992	2
4993	0
4994	0
4995	0
4996	1
4997	0
4998	1
4999	0
5000	1
5001	0
5002	2
5003	1
5004	1
5005	0
5006	1
5007	0
5008	1
5009	0
5010	1
5011	0
5012	0
5013	0
5014	0
5015	1
5016	1
5017	0
5018	0
5019	0
5020	0
5021	2
5022	0
5023	0
5024	0
5025	0
5026	0
5027	0
5028	0
5029	0
5030	0
5031	0
5032	0
5033	0
5034	0
5035	0
5036	0
5037	0
5038	1
5039	0
5040	2
5041	2
5042	0
5043	0
5044	1
5045	0
5046	0
5047	1
5048	2
5049	0
5050	1
5051	0
5052	0
5053	1
5054	0
5055	3
5056	0
5057	0
5058	1
5059	0
5060	0
5061	0
5062	1
5063	1
5064	1
5065	0
5066	1
5067	1
5068	1
5069	0
5070	0
5071	1
5072	0
5073	0
5074	2
5075	0
5076	2
5077	0
5078	0
5079	0
5080	1
5081	2
5082	1
5083	0
5084	1
5085	0
5086	0
5087	0
5088	0
5089	0
5090	0
5091	1
5092	0
5093	1
5094	0
5095	0
5096	0
5097	1
5098	0
5099	0
5100	1
5101	0
5102	0
5103	0
5104	1
5105	0
5106	0
5107	0
5108	0
5109	0
5110	0
5111	3
5112	0
5113	0
5114	0
5115	0
5116	0
5117	0
5118	0
5119	1
5120	0
5121	0
5122	1
5123	1
5124	1
5125	0
5126	0
5127	0
5128	2
5129	0
5130	1
5131	0
5132	1
5133	0
5134	0
5135	2
5136	0
5137	1
5138	0
5139	0
5140	0
5141	1
5142	0
5143	0
5144	1
5145	0
5146	0
5147	0
5148	0
5149	1
5150	0
5151	0
5152	0
5153	0
5154	0
5155	0
5156	0
5157	0
5158	0
5159	0
5160	0
5161	0
5162	0
5163	0
5164	0
5165	0
5166	0
5167	2
5168	0
5169	1
5170	0
5171	0
5172	0
5173	1
5174	0
5175	0
5176	1
5177	0
5178	0
5179	0
5180	2
5181	0
5182	0
5183	0
5184	0
5185	0
5186	1
5187	0
5188	0
5189	0
5190	1
5191	0
5192	1
5193	1
5194	0
5195	0
5196	0
5197	1
5198	1
5199	0
5200	1
5201	0
5202	0
5203	0
5204	0
5205	0
5206	0
5207	0
5208	0
5209	1
5210	1
5211	0
5212	0
5213	0
5214	0
5215	2
5216	0
5217	0
5218	0
5219	1
5220	0
5221	0
5222	1
5223	0
5224	0
5225	1
5226	1
5227	0
5228	0
5229	0
5230	0
5231	0
5232	1
5233	0
5234	0
5235	0
5236	1
5237	0
5238	0
5239	0
5240	0
5241	0
5242	0
5243	1
5244	0
5245	1
5246	0
5247	0
5248	0
5249	1
5250	0
5251	0
5252	0
5253	0
5254	1
5255	0
5256	1
5257	1
5258	0
5259	0
5260	0
5261	1
5262	1
5263	0
5264	0
5265	0
5266	0
5267	0
5268	0
5269	0
5270	1
5271	0
5272	0
5273	1
5274	0
5275	0
5276	0
5277	0
5278	0
5279	0
5280	0
5281	1
5282	1
5283	0
5284	1
5285	0
5286	0
5287	1
5288	1
5289	1
5290	0
5291	0
5292	0
5293	0
5294	1
5295	1
5296	0
5297	1
5298	0
5299	0
5300	1
5301	0
5302	0
5303	0
5304	0
5305	0
5306	0
5307	1
5308	2
5309	1
5310	0
5311	1
5312	0
5313	0
5314	0
5315	1
5316	1
5317	0
5318	0
5319	0
5320	0
5321	1
5322	1
5323	0
5324	0
5325	1
5326	0
5327	1
5328	0
5329	0
5330	0
5331	0
5332	1
5333	0
5334	0
5335	0
5336	1
5337	1
5338	0
5339	0
5340	1
5341	0
5342	0
5343	0
5344	0
5345	0
5346	0
5347	1
5348	1
5349	0
5350	0
5351	0
5352	0
5353	0
5354	2
5355	2
5356	1
5357	0
5358	0
5359	0
5360	0
5361	3
5362	0
5363	0
5364	1
5365	0
5366	0
5367	0
5368	1
5369	0
5370	1
5371	0
5372	0
5373	1
5374	0
5375	0
5376	0
5377	0
5378	0
5379	1
5380	1
5381	1
5382	0
5383	1
5384	0
5385	0
5386	1
5387	0
5388	1
5389	1
5390	1
5391	0
5392	0
5393	0
5394	0
5395	0
5396	0
5397	1
5398	1
5399	0
5400	1
5401	0
5402	0
5403	0
5404	0
5405	1
5406	0
5407	0
5408	0
5409	0
5410	0
5411	1
5412	0
5413	0
5414	0
5415	0
5416	2
5417	1
5418	0
5419	1
5420	1
5421	0
5422	0
5423	0
5424	0
5425	0
5426	0
5427	0
5428	0
5429	0
5430	1
5431	0
5432	1
5433	1
5434	1
5435	1
5436	0
5437	1
5438	0
5439	1
5440	1
5441	0
5442	1
5443	1
5444	0
5445	0
5446	0
5447	0
5448	2
5449	0
5450	0
5451	0
5452	0
5453	0
5454	0
5455	0
5456	0
5457	0
5458	0
5459	0
5460	0
5461	0
5462	0
5463	1
5464	0
5465	0
5466	0
5467	0
5468	2
5469	1
5470	1
5471	0
5472	0
5473	0
5474	0
5475	0
5476	1
5477	1
5478	0
5479	0
5480	1
5481	0
5482	2
5483	1
5484	1
5485	1
5486	0
5487	0
5488	1
5489	0
5490	0
5491	0
5492	1
5493	2
5494	0
5495	0
5496	0
5497	0
5498	2
5499	0
5500	0
5501	0
5502	1
5503	0
5504	0
5505	0
5506	0
5507	1
5508	1
5509	0
5510	0
5511	0
5512	1
5513	1
5514	0
5515	1
5516	0
5517	1
5518	0
5519	0
5520	1
5521	1
5522	0
5523	0
5524	0
5525	0
5526	0
5527	0
5528	2
5529	0
5530	0
5531	0
5532	0
5533	0
5534	0
5535	1
5536	2
5537	1
5538	0
5539	1
5540	0
5541	1
5542	1
5543	0
5544	1
5545	1
5546	0
5547	1
5548	1
5549	0
5550	0
5551	0
5552	0
5553	1
5554	0
5555	1
5556	1
5557	1
5558	0
5559	0
5560	1
5561	0
5562	0
5563	0
5564	1
5565	0
5566	1
5567	0
5568	0
5569	0
5570	0
5571	0
5572	1
5573	0
5574	0
5575	0
5576	2
5577	0
5578	0
5579	0
5580	0
5581	1
5582	0
5583	0
5584	1
5585	1
5586	1
5587	2
5588	1
5589	0
5590	0
5591	0
5592	0
5593	1
5594	0
5595	0
5596	1
5597	0
5598	0
5599	1
5600	1
5601	0
5602	0
5603	0
5604	1
5605	1
5606	0
5607	0
5608	0
5609	0
5610	1
5611	0
5612	0
5613	0
5614	0
5615	1
5616	0
5617	0
5618	0
5619	0
5620	0
5621	0
5622	1
5623	0
5624	1
5625	1
5626	1
5627	0
5628	0
5629	1
5630	0
5631	0
5632	0
5633	0
5634	1
5635	0
5636	0
5637	0
5638	0
5639	1
5640	0
5641	1
5642	0
5643	0
5644	0
5645	0
5646	0
5647	0
5648	0
5649	0
5650	1
5651	0
5652	0
5653	0
5654	1
5655	2
5656	0
5657	0
5658	0
5659	1
5660	1
5661	1
5662	0
5663	2
5664	0
5665	1
5666	0
5667	1
5668	0
5669	0
5670	2
5671	0
5672	0
5673	0
5674	0
5675	0
5676	0
5677	0
5678	0
5679	2
5680	1
5681	0
5682	1
5683	0
5684	0
5685	0
5686	0
5687	1
5688	0
5689	0
5690	0
5691	0
5692	0
5693	0
5694	0
5695	0
5696	0
5697	0
5698	0
5699	0
5700	0
5701	1
5702	0
5703	1
5704	0
5705	1
5706	1
5707	0
5708	0
5709	0
5710	2
5711	2
5712	0
5713	0
5714	0
5715	0
5716	0
5717	0
5718	0
5719	0
5720	0
5721	0
5722	0
5723	0
5724	0
5725	0
5726	0
5727	0
5728	0
5729	0
5730	0
5731	0
5732	0
5733	0
5734	0
5735	1
5736	0
5737	0
5738	0
5739	0
5740	1
5741	0
5742	0
5743	0
5744	0
5745	0
5746	2
5747	0
5748	1
5749	0
5750	1
5751	0
5752	0
5753	0
5754	0
5755	0
5756	1
5757	0
5758	0
5759	0
5760	2
5761	0
5762	0
5763	0
5764	0
5765	0
5766	1
5767	0
5768	0
5769	0
5770	0
5771	0
5772	0
5773	0
5774	0
5775	0
5776	0
5777	0
5778	1
5779	0
5780	0
5781	0
5782	0
5783	2
5784	0
5785	1
5786	0
5787	1
5788	0
5789	0
5790	0
5791	1
5792	0
5793	1
5794	0
5795	0
5796	0
5797	0
5798	0
5799	2
5800	0
5801	1
5802	0
5803	0
5804	1
5805	3
5806	0
5807	0
5808	0
5809	0
5810	0
5811	0
5812	0
5813	0
5814	1
5815	1
5816	0
5817	0
5818	0
5819	0
5820	0
5821	0
5822	0
5823	0
5824	0
5825	1
5826	1
5827	0
5828	0
5829	0
5830	1
5831	0
5832	0
5833	1
5834	0
5835	0
5836	0
5837	2
5838	1
5839	0
5840	0
5841	0
5842	0
5843	0
5844	1
5845	0
5846	0
5847	1
5848	1
5849	1
5850	2
5851	0
5852	0
5853	1
5854	0
5855	0
5856	0
5857	1
5858	1
5859	1
5860	0
5861	1
5862	0
5863	1
5864	1
5865	0
5866	0
5867	0
5868	2
5869	1
5870	0
5871	0
5872	0
5873	0
5874	0
5875	0
5876	0
5877	2
5878	1
5879	1
5880	0
5881	0
5882	0
5883	0
5884	1
5885	0
5886	0
5887	0
5888	0
5889	1
5890	1
5891	0
5892	0
5893	0
5894	0
5895	1
5896	0
5897	2
5898	0
5899	0
5900	0
5901	1
5902	0
5903	1
5904	0
5905	0
5906	1
5907	1
5908	0
5909	0
5910	0
5911	0
5912	0
5913	0
5914	0
5915	0
5916	0
5917	1
5918	0
5919	1
5920	0
5921	1
5922	0
5923	0
5924	0
5925	1
5926	2
5927	1
5928	0
5929	0
5930	0
5931	0
5932	1
5933	0
5934	0
5935	0
5936	0
5937	0
5938	0
5939	0
5940	0
5941	0
5942	0
5943	0
5944	1
5945	1
5946	0
5947	0
5948	0
5949	0
5950	0
5951	1
5952	0
5953	0
5954	0
5955	1
5956	1
5957	1
5958	0
5959	0
5960	0
5961	1
5962	0
5963	0
5964	0
5965	0
5966	0
5967	0
5968	0
5969	0
5970	0
5971	1
5972	3
5973	0
5974	1
5975	0
5976	2
5977	1
5978	0
5979	0
5980	1
5981	0
5982	0
5983	1
5984	1
5985	2
5986	0
5987	0
5988	1
5989	0
5990	1
5991	1
5992	0
5993	2
5994	0
5995	0
5996	3
5997	0
5998	0
5999	0
6000	0
6001	0
6002	0
6003	0
6004	0
6005	0
6006	0
6007	0
6008	1
6009	0
6010	2
6011	0
6012	0
6013	1
6014	0
6015	1
6016	0
6017	2
6018	0
6019	1
6020	0
6021	0
6022	0
6023	0
6024	0
6025	0
6026	0
6027	1
6028	0
6029	0
6030	0
6031	1
6032	0
6033	1
6034	0
6035	0
6036	0
6037	0
6038	0
6039	0
6040	0
6041	0
6042	0
6043	0
6044	1
6045	0
6046	0
6047	0
6048	0
6049	0
6050	0
6051	0
6052	1
6053	0
6054	0
6055	0
6056	0
6057	0
6058	0
6059	0
6060	1
6061	1
6062	0
6063	0
6064	1
6065	1
6066	0
6067	0
6068	0
6069	0
6070	0
6071	0
6072	0
6073	0
6074	0
6075	0
6076	0
6077	0
6078	1
6079	1
6080	1
6081	0
6082	0
6083	1
6084	2
6085	0
6086	0
6087	1
6088	0
6089	0
6090	0
6091	0
6092	1
6093	0
6094	0
6095	1
6096	0
6097	2
6098	0
6099	2
6100	1
6101	0
6102	0
6103	0
6104	1
6105	1
6106	0
6107	0
6108	0
6109	0
6110	0
6111	1
6112	0
6113	0
6114	0
6115	1
6116	0
6117	0
6118	0
6119	0
6120	0
6121	2
6122	1
6123	1
6124	0
6125	0
6126	1
6127	0
6128	0
6129	0
6130	1
6131	0
6132	0
6133	0
6134	0
6135	2
6136	0
6137	0
6138	0
6139	0
6140	0
6141	0
6142	0
6143	0
6144	0
6145	0
6146	0
6147	0
6148	0
6149	0
6150	0
6151	1
6152	0
6153	0
6154	1
6155	2
6156	0
6157	0
6158	0
6159	1
6160	0
6161	0
6162	0
6163	0
6164	1
6165	0
6166	0
6167	1
6168	0
6169	1
6170	1
6171	0
6172	0
6173	1
6174	1
6175	0
6176	0
6177	0
6178	0
6179	0
6180	0
6181	0
6182	2
6183	0
6184	0
6185	0
6186	0
6187	0
6188	1
6189	0
6190	2
6191	0
6192	0
6193	0
6194	2
6195	1
6196	2
6197	1
6198	0
6199	1
6200	0
6201	0
6202	1
6203	0
6204	0
6205	0
6206	0
6207	0
6208	1
6209	0
6210	0
6211	1
6212	0
6213	1
6214	0
6215	0
6216	0
6217	0
6218	0
6219	0
6220	0
6221	1
6222	0
6223	0
6224	0
6225	0
6226	1
6227	0
6228	0
6229	0
6230	0
6231	0
6232	0
6233	0
6234	1
6235	0
6236	1
6237	0
6238	0
6239	0
6240	0
6241	1
6242	1
6243	0
6244	1
6245	0
6246	0
6247	0
6248	0
6249	0
6250	0
6251	0
6252	1
6253	0
6254	0
6255	0
6256	0
6257	0
6258	0
6259	0
6260	0
6261	0
6262	2
6263	0
6264	0
6265	0
6266	0
6267	1
6268	0
6269	1
6270	0
6271	1
6272	0
6273	0
6274	1
6275	1
6276	0
6277	1
6278	0
6279	1
6280	1
6281	1
6282	0
6283	0
6284	0
6285	0
6286	2
6287	2
6288	0
6289	1
6290	0
6291	0
6292	0
6293	0
6294	0
6295	0
6296	1
6297	1
6298	0
6299	0
6300	1
6301	0
6302	0
6303	0
6304	1
6305	0
6306	0
6307	2
6308	0
6309	0
6310	0
6311	2
6312	0
6313	0
6314	0
6315	0
6316	1
6317	0
6318	0
6319	0
6320	0
6321	1
6322	1
6323	0
6324	0
6325	0
6326	0
6327	1
6328	0
6329	0
6330	0
6331	0
6332	0
6333	0
6334	0
6335	2
6336	0
6337	0
6338	0
6339	1
6340	1
6341	0
6342	1
6343	0
6344	0
6345	0
6346	1
6347	0
6348	0
6349	0
6350	1
6351	0
6352	0
6353	0
6354	0
6355	0
6356	0
6357	0
6358	0
6359	0
6360	0
6361	1
6362	0
6363	1
6364	0
6365	1
6366	2
6367	0
6368	0
6369	0
6370	0
6371	0
6372	0
6373	0
6374	0
6375	0
6376	0
6377	0
6378	1
6379	1
6380	1
6381	0
6382	0
6383	0
6384	0
6385	0
6386	0
6387	0
6388	0
6389	1
6390	0
6391	0
6392	0
6393	1
6394	1
6395	2
6396	0
6397	0
6398	3
6399	0
6400	0
6401	2
6402	0
6403	1
6404	0
6405	0
6406	0
6407	0
6408	1
6409	0
6410	1
6411	0
6412	1
6413	0
6414	1
6415	0
6416	0
6417	0
6418	0
6419	0
6420	0
6421	0
6422	1
6423	2
6424	0
6425	0
6426	0
6427	0
6428	0
6429	0
6430	0
6431	1
6432	0
6433	1
6434	0
6435	0
6436	0
6437	0
6438	0
6439	0
6440	1
6441	0
6442	0
6443	0
6444	0
6445	0
6446	0
6447	0
6448	0
6449	0
6450	0
6451	0
6452	1
6453	0
6454	0
6455	0
6456	0
6457	0
6458	1
6459	0
6460	0
6461	0
6462	0
6463	2
6464	1
6465	0
6466	0
6467	0
6468	0
6469	1
6470	1
6471	1
6472	0
6473	0
6474	0
6475	0
6476	0
6477	0
6478	0
6479	0
6480	0
6481	1
6482	1
6483	1
6484	0
6485	0
6486	2
6487	0
6488	0
6489	0
6490	2
6491	1
6492	0
6493	0
6494	0
6495	0
6496	0
6497	0
6498	0
6499	1
6500	0
6501	0
6502	0
6503	1
6504	1
6505	1
6506	0
6507	0
6508	0
6509	0
6510	0
6511	1
6512	0
6513	0
6514	1
6515	0
6516	0
6517	0
6518	0
6519	0
6520	0
6521	1
6522	0
6523	0
6524	0
6525	0
6526	0
6527	0
6528	1
6529	0
6530	0
6531	0
6532	0
6533	0
6534	1
6535	0
6536	0
6537	1
6538	0
6539	1
6540	0
6541	0
6542	0
6543	0
6544	0
6545	0
6546	0
6547	0
6548	1
6549	0
6550	1
6551	0
6552	0
6553	1
6554	0
6555	0
6556	0
6557	0
6558	0
6559	1
6560	0
6561	1
6562	1
6563	1
6564	0
6565	0
6566	1
6567	0
6568	0
6569	0
6570	0
6571	0
6572	0
6573	0
6574	0
6575	0
6576	0
6577	0
6578	0
6579	0
6580	0
6581	0
6582	0
6583	2
6584	0
6585	0
6586	0
6587	0
6588	0
6589	0
6590	0
6591	1
6592	1
6593	0
6594	1
6595	0
6596	1
6597	1
6598	0
6599	1
6600	0
6601	0
6602	1
6603	1
6604	0
6605	0
6606	0
6607	0
6608	0
6609	1
6610	1
6611	0
6612	1
6613	1
6614	0
6615	1
6616	0
6617	0
6618	0
6619	0
6620	0
6621	0
6622	0
6623	0
6624	0
6625	0
6626	0
6627	0
6628	0
6629	0
6630	0
6631	0
6632	0
6633	0
6634	0
6635	2
6636	0
6637	1
6638	1
6639	0
6640	1
6641	0
6642	0
6643	0
6644	0
6645	1
6646	0
6647	1
6648	0
6649	1
6650	0
6651	0
6652	0
6653	0
6654	0
6655	0
6656	0
6657	0
6658	0
6659	1
6660	0
6661	1
6662	0
6663	1
6664	0
6665	0
6666	0
6667	0
6668	0
6669	0
6670	0
6671	0
6672	0
6673	1
6674	1
6675	0
6676	0
6677	2
6678	0
6679	1
6680	0
6681	0
6682	0
6683	1
6684	1
6685	1
6686	0
6687	1
6688	0
6689	0
6690	0
6691	2
6692	1
6693	0
6694	0
6695	0
6696	0
6697	1
6698	1
6699	0
6700	0
6701	0
6702	0
6703	0
6704	1
6705	0
6706	0
6707	1
6708	0
6709	0
6710	0
6711	0
6712	0
6713	0
6714	0
6715	1
6716	0
6717	0
6718	0
6719	0
6720	0
6721	1
6722	1
6723	1
6724	1
6725	0
6726	0
6727	0
6728	0
6729	0
6730	0
6731	1
6732	0
6733	0
6734	0
6735	0
6736	1
6737	1
6738	0
6739	0
6740	0
6741	0
6742	1
6743	0
6744	0
6745	1
6746	2
6747	0
6748	0
6749	0
6750	0
6751	0
6752	2
6753	0
6754	0
6755	0
6756	1
6757	0
6758	0
6759	0
6760	0
6761	0
6762	1
6763	0
6764	1
6765	0
6766	0
6767	0
6768	0
6769	1
6770	0
6771	2
6772	0
6773	1
6774	0
6775	2
6776	0
6777	1
6778	0
6779	0
6780	0
6781	2
6782	0
6783	0
6784	0
6785	0
6786	0
6787	0
6788	0
6789	0
6790	0
6791	0
6792	0
6793	1
6794	1
6795	0
6796	1
6797	0
6798	1
6799	0
6800	0
6801	0
6802	0
6803	0
6804	0
6805	0
6806	0
6807	0
6808	1
6809	0
6810	0
6811	1
6812	0
6813	2
6814	0
6815	0
6816	0
6817	0
6818	1
6819	0
6820	1
6821	0
6822	0
6823	0
6824	0
6825	0
6826	1
6827	0
6828	0
6829	0
6830	0
6831	0
6832	0
6833	0
6834	0
6835	0
6836	0
6837	1
6838	0
6839	0
6840	1
6841	1
6842	1
6843	0
6844	1
6845	1
6846	0
6847	0
6848	1
6849	0
6850	0
6851	1
6852	2
6853	0
6854	1
6855	0
6856	0
6857	0
6858	0
6859	2
6860	0
6861	1
6862	0
6863	0
6864	1
6865	0
6866	0
6867	0
6868	0
6869	1
6870	0
6871	0
6872	0
6873	0
6874	0
6875	2
6876	0
6877	0
6878	0
6879	1
6880	0
6881	0
6882	0
6883	1
6884	0
6885	0
6886	0
6887	0
6888	0
6889	0
6890	0
6891	1
6892	0
6893	0
6894	0
6895	1
6896	0
6897	0
6898	0
6899	0
6900	0
6901	0
6902	0
6903	0
6904	0
6905	0
6906	2
6907	0
6908	0
6909	0
6910	0
6911	1
6912	0
6913	0
6914	0
6915	1
6916	0
6917	0
6918	1
6919	2
6920	1
6921	0
6922	0
6923	0
6924	0
6925	0
6926	1
6927	0
6928	0
6929	0
6930	0
6931	0
6932	0
6933	2
6934	0
6935	1
6936	2
6937	1
6938	1
6939	0
6940	0
6941	0
6942	0
6943	0
6944	0
6945	0
6946	0
6947	0
6948	0
6949	0
6950	0
6951	0
6952	0
6953	0
6954	0
6955	1
6956	0
6957	1
6958	0
6959	0
6960	1
6961	1
6962	0
6963	1
6964	0
6965	0
6966	0
6967	0
6968	0
6969	1
6970	0
6971	1
6972	0
6973	1
6974	0
6975	0
6976	0
6977	0
6978	0
6979	0
6980	1
6981	1
6982	0
6983	0
6984	0
6985	0
6986	0
6987	0
6988	1
6989	1
6990	1
6991	0
6992	1
6993	1
6994	1
6995	2
6996	0
6997	0
6998	0
6999	1
7000	0
7001	0
7002	0
7003	1
7004	0
7005	0
7006	0
7007	0
7008	0
7009	0
7010	0
7011	0
7012	1
7013	0
7014	0
7015	0
7016	0
7017	0
7018	0
7019	1
7020	0
7021	0
7022	3
7023	0
7024	0
7025	0
7026	0
7027	0
7028	0
7029	0
7030	0
7031	0
7032	1
7033	0
7034	0
7035	0
7036	0
7037	0
7038	0
7039	1
7040	1
7041	0
7042	1
7043	0
7044	0
7045	0
7046	0
7047	0
7048	0
7049	1
7050	1
7051	0
7052	0
7053	1
7054	0
7055	0
7056	0
7057	0
7058	0
7059	0
7060	0
7061	0
7062	0
7063	0
7064	0
7065	0
7066	0
7067	0
7068	0
7069	0
7070	0
7071	0
7072	0
7073	0
7074	0
7075	0
7076	0
7077	0
7078	0
7079	0
7080	0
7081	0
7082	0
7083	0
7084	0
7085	0
7086	0
7087	0
7088	0
7089	2
7090	0
7091	0
7092	0
7093	0
7094	0
7095	1
7096	0
7097	0
7098	0
7099	0
7100	0
7101	1
7102	0
7103	0
7104	1
7105	0
7106	0
7107	0
7108	0
7109	1
7110	0
7111	1
7112	0
7113	0
7114	1
7115	0
7116	0
7117	0
7118	0
7119	0
7120	1
7121	0
7122	0
7123	0
7124	1
7125	0
7126	0
7127	0
7128	0
7129	0
7130	0
7131	0
7132	0
7133	0
7134	1
7135	0
7136	0
7137	0
7138	1
7139	0
7140	0
7141	1
7142	0
7143	0
7144	0
7145	0
7146	0
7147	0
7148	0
7149	0
7150	0
7151	0
7152	0
7153	0
7154	0
7155	0
7156	0
7157	0
7158	0
7159	1
7160	0
7161	0
7162	0
7163	0
7164	2
7165	0
7166	0
7167	0
7168	0
7169	0
7170	0
7171	0
7172	0
7173	0
7174	0
7175	0
7176	0
7177	1
7178	2
7179	0
7180	1
7181	0
7182	0
7183	0
7184	0
7185	1
7186	0
7187	0
7188	0
7189	0
7190	0
7191	1
7192	0
7193	0
7194	1
7195	0
7196	0
7197	0
7198	1
7199	0
7200	0
7201	0
7202	0
7203	0
7204	0
7205	0
7206	1
7207	0
7208	1
7209	0
7210	0
7211	0
7212	0
7213	1
7214	1
7215	0
7216	1
7217	0
7218	0
7219	0
7220	1
7221	1
7222	0
7223	1
7224	2
7225	0
7226	0
7227	1
7228	1
7229	0
7230	0
7231	0
7232	1
7233	0
7234	0
7235	0
7236	0
7237	0
7238	0
7239	1
7240	0
7241	0
7242	1
7243	0
7244	0
7245	0
7246	1
7247	0
7248	1
7249	0
7250	0
7251	0
7252	1
7253	1
7254	1
7255	0
7256	0
7257	0
7258	0
7259	0
7260	0
7261	0
7262	2
7263	0
7264	0
7265	0
7266	1
7267	0
7268	1
7269	0
7270	1
7271	0
7272	0
7273	0
7274	1
7275	1
7276	0
7277	0
7278	0
7279	0
7280	1
7281	0
7282	0
7283	0
7284	0
7285	0
7286	1
7287	1
7288	2
7289	0
7290	0
7291	0
7292	0
7293	0
7294	0
7295	1
7296	0
7297	1
7298	0
7299	0
7300	0
7301	0
7302	0
7303	1
7304	0
7305	0
7306	0
7307	0
7308	1
7309	0
7310	3
7311	2
7312	0
7313	1
7314	0
7315	0
7316	1
7317	1
7318	0
7319	0
7320	0
7321	1
7322	0
7323	0
7324	0
7325	1
7326	1
7327	0
7328	1
7329	0
7330	3
7331	1
7332	0
7333	1
7334	1
7335	0
7336	0
7337	0
7338	0
7339	0
7340	0
7341	1
7342	0
7343	0
7344	0
7345	0
7346	0
7347	0
7348	1
7349	0
7350	1
7351	0
7352	0
7353	1
7354	0
7355	1
7356	0
7357	1
7358	0
7359	0
7360	2
7361	0
7362	0
7363	2
7364	0
7365	0
7366	0
7367	0
7368	0
7369	0
7370	0
7371	0
7372	0
7373	2
7374	1
7375	0
7376	0
7377	0
7378	0
7379	1
7380	0
7381	0
7382	0
7383	0
7384	0
7385	1
7386	0
7387	0
7388	2
7389	0
7390	0
7391	0
7392	1
7393	1
7394	1
7395	1
7396	0
7397	0
7398	0
7399	0
7400	0
7401	0
7402	1
7403	0
7404	1
7405	0
7406	1
7407	0
7408	0
7409	1
7410	0
7411	0
7412	1
7413	2
7414	0
7415	0
7416	0
7417	1
7418	0
7419	0
7420	0
7421	0
7422	1
7423	0
7424	0
7425	0
7426	0
7427	0
7428	0
7429	0
7430	0
7431	0
7432	0
7433	0
7434	0
7435	0
7436	0
7437	1
7438	0
7439	0
7440	0
7441	1
7442	0
7443	0
7444	0
7445	0
7446	1
7447	1
7448	1
7449	1
7450	0
7451	0
7452	0
7453	0
7454	2
7455	0
7456	0
7457	1
7458	0
7459	0
7460	0
7461	0
7462	0
7463	0
7464	0
7465	1
7466	0
7467	0
7468	0
7469	0
7470	0
7471	0
7472	1
7473	0
7474	2
7475	1
7476	1
7477	0
7478	0
7479	0
7480	0
7481	0
7482	0
7483	0
7484	0
7485	0
7486	0
7487	0
7488	0
7489	0
7490	1
7491	1
7492	0
7493	1
7494	1
7495	0
7496	1
7497	0
7498	0
7499	0
7500	1
7501	0
7502	0
7503	0
7504	0
7505	1
7506	0
7507	1
7508	0
7509	0
7510	0
7511	0
7512	0
7513	0
7514	0
7515	0
7516	0
7517	0
7518	1
7519	0
7520	2
7521	1
7522	0
7523	0
7524	0
7525	0
7526	1
7527	0
7528	0
7529	1
7530	0
7531	0
7532	0
7533	0
7534	0
7535	1
7536	2
7537	0
7538	0
7539	0
7540	1
7541	1
7542	0
7543	2
7544	0
7545	0
7546	1
7547	0
7548	0
7549	0
7550	0
7551	0
7552	0
7553	0
7554	0
7555	0
7556	0
7557	0
7558	0
7559	1
7560	0
7561	0
7562	0
7563	0
7564	1
7565	0
7566	1
7567	0
7568	0
7569	0
7570	0
7571	1
7572	1
7573	0
7574	0
7575	1
7576	2
7577	0
7578	0
7579	1
7580	0
7581	0
7582	0
7583	0
7584	0
7585	0
7586	0
7587	0
7588	0
7589	0
7590	0
7591	1
7592	1
7593	0
7594	0
7595	1
7596	0
7597	1
7598	0
7599	1
7600	0
7601	0
7602	0
7603	0
7604	1
7605	0
7606	0
7607	0
7608	1
7609	0
7610	0
7611	1
7612	0
7613	1
7614	0
7615	0
7616	0
7617	1
7618	0
7619	0
7620	0
7621	0
7622	0
7623	0
7624	0
7625	0
7626	0
7627	0
7628	2
7629	0
7630	1
7631	1
7632	0
7633	0
7634	0
7635	1
7636	0
7637	0
7638	0
7639	0
7640	1
7641	0
7642	0
7643	0
7644	0
7645	0
7646	0
7647	0
7648	0
7649	1
7650	0
7651	1
7652	0
7653	0
7654	0
7655	0
7656	0
7657	1
7658	0
7659	0
7660	0
7661	0
7662	0
7663	1
7664	0
7665	0
7666	0
7667	0
7668	0
7669	0
7670	0
7671	1
7672	0
7673	1
7674	0
7675	0
7676	0
7677	0
7678	0
7679	1
7680	1
7681	0
7682	0
7683	1
7684	2
7685	1
7686	0
7687	1
7688	0
7689	0
7690	0
7691	0
7692	1
7693	0
7694	1
7695	1
7696	0
7697	0
7698	0
7699	0
7700	0
7701	0
7702	0
7703	0
7704	0
7705	0
7706	1
7707	0
7708	0
7709	0
7710	0
7711	0
7712	0
7713	0
7714	0
7715	1
7716	3
7717	1
7718	0
7719	0
7720	0
7721	1
7722	0
7723	0
7724	0
7725	0
7726	0
7727	0
7728	0
7729	0
7730	0
7731	0
7732	0
7733	0
7734	0
7735	0
7736	0
7737	0
7738	0
7739	1
7740	0
7741	0
7742	0
7743	0
7744	1
7745	0
7746	0
7747	0
7748	1
7749	0
7750	0
7751	0
7752	0
7753	1
7754	2
7755	1
7756	0
7757	1
7758	0
7759	0
7760	0
7761	1
7762	2
7763	0
7764	1
7765	0
7766	0
7767	0
7768	0
7769	0
7770	0
7771	1
7772	0
7773	0
7774	0
7775	0
7776	1
7777	0
7778	0
7779	0
7780	0
7781	0
7782	0
7783	0
7784	0
7785	0
7786	1
7787	0
7788	2
7789	1
7790	0
7791	0
7792	2
7793	0
7794	0
7795	0
7796	0
7797	0
7798	1
7799	0
7800	0
7801	1
7802	1
7803	0
7804	3
7805	0
7806	1
7807	0
7808	0
7809	1
7810	0
7811	0
7812	0
7813	2
7814	0
7815	0
7816	0
7817	0
7818	0
7819	1
7820	0
7821	0
7822	0
7823	1
7824	0
7825	0
7826	1
7827	0
7828	1
7829	0
7830	0
7831	0
7832	0
7833	0
7834	1
7835	1
7836	0
7837	0
7838	0
7839	1
7840	1
7841	0
7842	0
7843	0
7844	0
7845	0
7846	0
7847	0
7848	1
7849	1
7850	1
7851	0
7852	0
7853	0
7854	1
7855	0
7856	1
7857	1
7858	0
7859	1
7860	0
7861	0
7862	2
7863	0
7864	1
7865	0
7866	2
7867	0
7868	2
7869	1
7870	1
7871	0
7872	1
7873	0
7874	2
7875	2
7876	0
7877	2
7878	0
7879	0
7880	0
7881	0
7882	1
7883	0
7884	0
7885	0
7886	0
7887	0
7888	0
7889	0
7890	0
7891	1
7892	0
7893	1
7894	0
7895	1
7896	0
7897	3
7898	0
7899	1
7900	0
7901	0
7902	1
7903	1
7904	0
7905	1
7906	0
7907	0
7908	0
7909	0
7910	0
7911	0
7912	0
7913	0
7914	0
7915	1
7916	0
7917	1
7918	0
7919	0
7920	0
7921	0
7922	0
7923	0
7924	1
7925	1
7926	0
7927	1
7928	0
7929	0
7930	1
7931	0
7932	0
7933	1
7934	0
7935	0
7936	0
7937	0
7938	2
7939	1
7940	0
7941	0
7942	0
7943	1
7944	0
7945	0
7946	0
7947	0
7948	0
7949	0
7950	0
7951	0
7952	0
7953	0
7954	1
7955	0
7956	1
7957	0
7958	0
7959	0
7960	0
7961	0
7962	2
7963	0
7964	0
7965	0
7966	0
7967	0
7968	0
7969	1
7970	1
7971	0
7972	1
7973	1
7974	0
7975	0
7976	1
7977	0
7978	2
7979	0
7980	0
7981	0
7982	0
7983	0
7984	0
7985	0
7986	0
7987	0
7988	0
7989	0
7990	1
7991	0
7992	1
7993	0
7994	1
7995	0
7996	0
7997	1
7998	0
7999	1
8000	1
8001	0
8002	2
8003	0
8004	1
8005	0
8006	1
8007	0
8008	0
8009	0
8010	0
8011	2
8012	0
8013	1
8014	0
8015	0
8016	1
8017	0
8018	0
8019	0
8020	0
8021	0
8022	0
8023	0
8024	0
8025	0
8026	0
8027	0
8028	0
8029	0
8030	1
8031	0
8032	0
8033	0
8034	2
8035	0
8036	0
8037	0
8038	0
8039	0
8040	0
8041	0
8042	0
8043	0
8044	1
8045	1
8046	0
8047	0
8048	0
8049	0
8050	0
8051	1
8052	0
8053	1
8054	0
8055	1
8056	0
8057	2
8058	0
8059	0
8060	0
8061	0
8062	1
8063	0
8064	0
8065	0
8066	0
8067	0
8068	0
8069	0
8070	0
8071	0
8072	0
8073	0
8074	0
8075	0
8076	0
8077	0
8078	0
8079	0
8080	0
8081	0
8082	0
8083	0
8084	0
8085	0
8086	0
8087	0
8088	0
8089	0
8090	0
8091	0
8092	0
8093	0
8094	0
8095	0
8096	0
8097	0
8098	0
8099	0
8100	0
8101	0
8102	0
8103	0
8104	0
8105	0
8106	0
8107	0
8108	0
8109	0
8110	0
8111	0
8112	0
8113	0
8114	0
8115	0
8116	0
8117	0
8118	0
8119	0
8120	0
8121	0
8122	0
8123	0
8124	0
8125	0
8126	0
8127	0
8128	0
8129	0
8130	0
8131	0
8132	0
8133	0
8134	0
8135	0
8136	0
8137	0
8138	0
8139	0
8140	0
8141	0
8142	0
8143	0
8144	0
8145	0
8146	0
8147	0
8148	0
8149	0
8150	0
8151	0
8152	0
8153	0
8154	0
8155	0
8156	0
8157	0
8158	0
8159	0
8160	0
8161	0
8162	0
8163	0
8164	0
8165	0
8166	0
8167	0
8168	0
8169	0
8170	0
8171	0
8172	0
8173	0
8174	0
8175	0
8176	0
8177	0
8178	0
8179	0
8180	0
8181	0
8182	0
8183	0
8184	0
8185	0
8186	0
8187	0
8188	0
8189	0
8190	0
8191	0
