-2	86400
-1	88288.58
0	0
1	0
2	0
3	0
4	0
5	0
6	0
7	0
8	0
9	0
10	0
11	0
12	0
13	0
14	0
15	0
16	0
17	0
18	0
19	0
20	0
21	0
22	0
23	0
24	0
25	0
26	0
27	0
28	0
29	0
30	0
31	0
32	0
33	0
34	0
35	0
36	0
37	0
38	0
39	0
40	0
41	0
42	0
43	0
44	0
45	0
46	2
47	1
48	1
49	17
50	104
51	162
52	150
53	188
54	234
55	216
56	249
57	260
58	260
59	259
60	246
61	238
62	225
63	249
64	204
65	235
66	233
67	222
68	265
69	230
70	260
71	266
72	247
73	267
74	279
75	277
76	225
77	286
78	247
79	256
80	258
81	244
82	219
83	251
84	263
85	230
86	249
87	219
88	232
89	244
90	255
91	240
92	244
93	241
94	256
95	250
96	250
97	260
98	268
99	261
100	247
101	244
102	254
103	267
104	253
105	266
106	290
107	289
108	271
109	320
110	307
111	280
112	280
113	327
114	317
115	309
116	335
117	358
118	299
119	346
120	350
121	340
122	305
123	331
124	383
125	324
126	355
127	356
128	354
129	368
130	356
131	363
132	422
133	408
134	386
135	359
136	399
137	375
138	390
139	426
140	405
141	384
142	386
143	426
144	450
145	405
146	395
147	424
148	401
149	422
150	419
151	449
152	443
153	441
154	452
155	469
156	500
157	462
158	458
159	430
160	435
161	434
162	458
163	432
164	445
165	468
166	459
167	438
168	467
169	455
170	449
171	450
172	416
173	439
174	449
175	391
176	477
177	460
178	439
179	438
180	434
181	460
182	459
183	447
184	482
185	445
186	467
187	448
188	454
189	429
190	446
191	454
192	424
193	439
194	431
195	423
196	508
197	488
198	437
199	423
200	462
201	447
202	439
203	430
204	448
205	411
206	448
207	454
208	455
209	446
210	426
211	464
212	426
213	471
214	426
215	439
216	484
217	449
218	444
219	491
220	480
221	456
222	455
223	396
224	445
225	446
226	426
227	432
228	424
229	412
230	419
231	455
232	401
233	411
234	428
235	414
236	426
237	418
238	426
239	426
240	427
241	417
242	404
243	391
244	419
245	411
246	398
247	421
248	413
249	418
250	416
251	417
252	396
253	382
254	408
255	429
256	392
257	376
258	406
259	389
260	404
261	412
262	382
263	352
264	345
265	376
266	384
267	392
268	373
269	392
270	356
271	392
272	359
273	340
274	352
275	377
276	347
277	354
278	373
279	360
280	368
281	324
282	355
283	366
284	348
285	370
286	348
287	369
288	350
289	356
290	360
291	371
292	351
293	312
294	340
295	320
296	352
297	325
298	356
299	324
300	350
301	357
302	308
303	301
304	337
305	305
306	303
307	333
308	336
309	305
310	297
311	344
312	282
313	332
314	312
315	290
316	285
317	295
318	309
319	300
320	309
321	348
322	289
323	326
324	312
325	306
326	296
327	309
328	328
329	284
330	288
331	305
332	333
333	272
334	274
335	299
336	254
337	269
338	290
339	281
340	302
341	288
342	284
343	289
344	261
345	290
346	254
347	265
348	277
349	285
350	267
351	253
352	272
353	270
354	269
355	264
356	254
357	253
358	289
359	290
360	257
361	233
362	236
363	236
364	254
365	274
366	276
367	243
368	240
369	255
370	246
371	255
372	292
373	244
374	249
375	235
376	240
377	262
378	233
379	244
380	241
381	274
382	242
383	238
384	243
385	252
386	221
387	251
388	220
389	246
390	257
391	243
392	232
393	239
394	219
395	232
396	219
397	212
398	218
399	230
400	233
401	221
402	216
403	235
404	215
405	243
406	254
407	206
408	221
409	193
410	238
411	227
412	225
413	201
414	250
415	211
416	206
417	208
418	206
419	205
420	203
421	215
422	233
423	233
424	212
425	195
426	192
427	207
428	211
429	187
430	216
431	199
432	201
433	210
434	219
435	190
436	205
437	196
438	180
439	215
440	219
441	221
442	193
443	174
444	185
445	194
446	218
447	185
448	177
449	219
450	179
451	186
452	220
453	210
454	190
455	186
456	205
457	185
458	209
459	200
460	186
461	189
462	199
463	189
464	197
465	204
466	236
467	218
468	201
469	178
470	181
471	164
472	192
473	184
474	173
475	181
476	174
477	170
478	174
479	169
480	171
481	199
482	160
483	154
484	163
485	167
486	186
487	206
488	196
489	188
490	177
491	160
492	171
493	196
494	175
495	187
496	183
497	183
498	152
499	174
500	166
501	176
502	184
503	153
504	172
505	170
506	186
507	164
508	198
509	156
510	178
511	154
512	163
513	141
514	180
515	175
516	161
517	176
518	156
519	166
520	171
521	136
522	168
523	201
524	146
525	172
526	160
527	176
528	154
529	159
530	161
531	144
532	199
533	180
534	146
535	151
536	150
537	174
538	146
539	134
540	169
541	148
542	147
543	169
544	166
545	162
546	156
547	153
548	170
549	156
550	146
551	174
552	160
553	179
554	139
555	132
556	148
557	150
558	141
559	158
560	182
561	151
562	161
563	222
564	302
565	371
566	360
567	312
568	223
569	165
570	148
571	146
572	128
573	150
574	130
575	136
576	148
577	146
578	150
579	146
580	156
581	126
582	147
583	134
584	134
585	173
586	138
587	137
588	133
589	133
590	141
591	141
592	117
593	166
594	132
595	138
596	131
597	126
598	138
599	124
600	121
601	146
602	144
603	130
604	144
605	126
606	142
607	127
608	138
609	144
610	136
611	134
612	145
613	132
614	133
615	132
616	122
617	140
618	119
619	147
620	134
621	107
622	141
623	143
624	139
625	128
626	134
627	136
628	135
629	127
630	120
631	136
632	128
633	135
634	131
635	135
636	142
637	125
638	119
639	128
640	122
641	124
642	149
643	156
644	132
645	167
646	155
647	121
648	133
649	111
650	121
651	120
652	138
653	138
654	109
655	117
656	112
657	122
658	136
659	125
660	145
661	123
662	152
663	143
664	131
665	142
666	127
667	143
668	132
669	114
670	135
671	117
672	128
673	192
674	202
675	188
676	143
677	132
678	138
679	118
680	142
681	122
682	121
683	97
684	120
685	120
686	112
687	112
688	90
689	107
690	126
691	104
692	125
693	119
694	109
695	126
696	102
697	141
698	103
699	106
700	106
701	120
702	122
703	109
704	127
705	90
706	93
707	121
708	91
709	122
710	90
711	114
712	101
713	102
714	103
715	118
716	120
717	125
718	111
719	96
720	102
721	106
722	97
723	115
724	111
725	98
726	98
727	122
728	107
729	109
730	125
731	118
732	97
733	106
734	114
735	91
736	116
737	138
738	93
739	110
740	96
741	115
742	113
743	92
744	136
745	104
746	86
747	97
748	107
749	95
750	114
751	102
752	74
753	115
754	101
755	112
756	100
757	82
758	103
759	106
760	109
761	101
762	95
763	88
764	117
765	96
766	91
767	97
768	108
769	108
770	119
771	100
772	123
773	97
774	115
775	116
776	103
777	104
778	87
779	107
780	88
781	107
782	100
783	106
784	104
785	73
786	104
787	97
788	85
789	78
790	82
791	108
792	97
793	92
794	86
795	121
796	105
797	102
798	105
799	105
800	94
801	85
802	97
803	94
804	125
805	119
806	120
807	94
808	102
809	86
810	83
811	96
812	101
813	107
814	86
815	81
816	83
817	86
818	74
819	89
820	92
821	94
822	97
823	83
824	76
825	105
826	88
827	90
828	88
829	95
830	101
831	87
832	81
833	95
834	100
835	99
836	98
837	88
838	87
839	89
840	88
841	104
842	68
843	82
844	79
845	85
846	90
847	97
848	82
849	88
850	88
851	83
852	84
853	86
854	84
855	106
856	80
857	99
858	76
859	84
860	82
861	73
862	82
863	84
864	82
865	90
866	82
867	84
868	69
869	80
870	87
871	83
872	85
873	89
874	83
875	74
876	77
877	93
878	93
879	96
880	79
881	82
882	82
883	72
884	85
885	88
886	86
887	88
888	87
889	92
890	78
891	72
892	76
893	68
894	79
895	92
896	80
897	76
898	69
899	75
900	69
901	87
902	92
903	63
904	86
905	82
906	86
907	84
908	77
909	77
910	85
911	85
912	70
913	65
914	74
915	68
916	84
917	92
918	79
919	71
920	85
921	78
922	64
923	89
924	78
925	81
926	82
927	77
928	62
929	77
930	97
931	84
932	73
933	66
934	93
935	68
936	67
937	69
938	74
939	83
940	66
941	73
942	73
943	78
944	90
945	89
946	80
947	75
948	75
949	60
950	79
951	81
952	76
953	97
954	105
955	81
956	103
957	77
958	85
959	63
960	70
961	71
962	69
963	67
964	82
965	79
966	82
967	97
968	82
969	73
970	80
971	73
972	78
973	71
974	80
975	77
976	69
977	80
978	62
979	80
980	73
981	82
982	62
983	71
984	71
985	84
986	69
987	64
988	75
989	90
990	66
991	74
992	65
993	59
994	86
995	87
996	55
997	71
998	74
999	78
1000	77
1001	72
1002	87
1003	80
1004	62
1005	86
1006	98
1007	124
1008	149
1009	111
1010	98
1011	63
1012	76
1013	77
1014	59
1015	63
1016	57
1017	71
1018	70
1019	71
1020	69
1021	67
1022	54
1023	68
1024	64
1025	69
1026	69
1027	78
1028	71
1029	76
1030	66
1031	69
1032	83
1033	79
1034	56
1035	61
1036	70
1037	56
1038	61
1039	78
1040	51
1041	68
1042	69
1043	67
1044	65
1045	68
1046	71
1047	77
1048	75
1049	84
1050	75
1051	85
1052	63
1053	79
1054	75
1055	82
1056	57
1057	58
1058	70
1059	66
1060	71
1061	60
1062	78
1063	81
1064	74
1065	91
1066	58
1067	96
1068	87
1069	87
1070	118
1071	109
1072	124
1073	94
1074	72
1075	59
1076	53
1077	70
1078	52
1079	60
1080	66
1081	65
1082	48
1083	68
1084	60
1085	60
1086	59
1087	69
1088	63
1089	58
1090	55
1091	70
1092	66
1093	58
1094	58
1095	60
1096	62
1097	66
1098	52
1099	48
1100	62
1101	57
1102	66
1103	79
1104	52
1105	66
1106	64
1107	60
1108	72
1109	75
1110	54
1111	71
1112	63
1113	54
1114	53
1115	65
1116	41
1117	61
1118	57
1119	59
1120	62
1121	44
1122	62
1123	51
1124	59
1125	47
1126	58
1127	53
1128	71
1129	54
1130	57
1131	53
1132	71
1133	67
1134	72
1135	70
1136	58
1137	62
1138	57
1139	60
1140	57
1141	51
1142	50
1143	60
1144	49
1145	61
1146	56
1147	75
1148	59
1149	52
1150	57
1151	58
1152	70
1153	56
1154	54
1155	54
1156	66
1157	52
1158	62
1159	60
1160	51
1161	52
1162	61
1163	55
1164	62
1165	65
1166	67
1167	64
1168	55
1169	59
1170	59
1171	53
1172	59
1173	59
1174	66
1175	72
1176	55
1177	67
1178	57
1179	62
1180	64
1181	57
1182	55
1183	63
1184	62
1185	56
1186	49
1187	42
1188	67
1189	63
1190	52
1191	62
1192	62
1193	62
1194	70
1195	38
1196	53
1197	61
1198	52
1199	54
1200	61
1201	58
1202	44
1203	55
1204	46
1205	57
1206	52
1207	61
1208	48
1209	64
1210	53
1211	55
1212	66
1213	50
1214	54
1215	66
1216	61
1217	81
1218	68
1219	62
1220	61
1221	64
1222	63
1223	52
1224	50
1225	44
1226	57
1227	55
1228	51
1229	58
1230	64
1231	51
1232	70
1233	60
1234	58
1235	62
1236	68
1237	67
1238	119
1239	131
1240	102
1241	77
1242	57
1243	59
1244	46
1245	60
1246	59
1247	52
1248	53
1249	44
1250	42
1251	40
1252	59
1253	50
1254	55
1255	55
1256	64
1257	54
1258	60
1259	51
1260	62
1261	58
1262	64
1263	48
1264	52
1265	55
1266	47
1267	57
1268	48
1269	51
1270	49
1271	62
1272	56
1273	50
1274	69
1275	42
1276	60
1277	54
1278	61
1279	56
1280	47
1281	51
1282	55
1283	57
1284	52
1285	50
1286	60
1287	58
1288	58
1289	56
1290	57
1291	50
1292	55
1293	61
1294	51
1295	55
1296	56
1297	45
1298	51
1299	49
1300	46
1301	57
1302	53
1303	64
1304	37
1305	44
1306	63
1307	60
1308	43
1309	53
1310	52
1311	60
1312	48
1313	40
1314	40
1315	41
1316	43
1317	53
1318	48
1319	40
1320	48
1321	60
1322	75
1323	51
1324	63
1325	70
1326	49
1327	61
1328	47
1329	53
1330	63
1331	43
1332	32
1333	44
1334	45
1335	49
1336	57
1337	54
1338	55
1339	46
1340	61
1341	52
1342	47
1343	54
1344	53
1345	59
1346	72
1347	44
1348	46
1349	53
1350	58
1351	48
1352	62
1353	57
1354	48
1355	53
1356	41
1357	49
1358	45
1359	57
1360	55
1361	65
1362	42
1363	54
1364	60
1365	65
1366	65
1367	65
1368	72
1369	72
1370	64
1371	56
1372	60
1373	52
1374	46
1375	55
1376	69
1377	48
1378	47
1379	48
1380	50
1381	41
1382	43
1383	46
1384	52
1385	50
1386	47
1387	56
1388	47
1389	46
1390	40
1391	43
1392	41
1393	53
1394	44
1395	41
1396	42
1397	40
1398	40
1399	39
1400	44
1401	40
1402	39
1403	30
1404	39
1405	37
1406	48
1407	39
1408	35
1409	35
1410	57
1411	43
1412	43
1413	49
1414	37
1415	49
1416	50
1417	44
1418	46
1419	43
1420	47
1421	34
1422	49
1423	42
1424	40
1425	45
1426	41
1427	39
1428	41
1429	33
1430	33
1431	47
1432	42
1433	39
1434	34
1435	33
1436	43
1437	33
1438	45
1439	50
1440	42
1441	35
1442	41
1443	48
1444	40
1445	41
1446	50
1447	33
1448	32
1449	44
1450	38
1451	44
1452	38
1453	40
1454	34
1455	43
1456	35
1457	31
1458	54
1459	34
1460	30
1461	40
1462	46
1463	39
1464	43
1465	39
1466	32
1467	31
1468	39
1469	48
1470	40
1471	27
1472	50
1473	37
1474	38
1475	26
1476	38
1477	30
1478	36
1479	31
1480	39
1481	27
1482	29
1483	38
1484	24
1485	25
1486	52
1487	36
1488	29
1489	28
1490	36
1491	45
1492	25
1493	24
1494	34
1495	38
1496	33
1497	37
1498	30
1499	40
1500	37
1501	29
1502	27
1503	36
1504	28
1505	32
1506	30
1507	31
1508	36
1509	25
1510	27
1511	32
1512	34
1513	39
1514	32
1515	27
1516	31
1517	27
1518	21
1519	22
1520	34
1521	43
1522	50
1523	36
1524	56
1525	46
1526	41
1527	32
1528	33
1529	33
1530	26
1531	42
1532	34
1533	33
1534	44
1535	28
1536	36
1537	21
1538	25
1539	29
1540	37
1541	37
1542	31
1543	39
1544	25
1545	34
1546	33
1547	21
1548	36
1549	39
1550	36
1551	42
1552	34
1553	20
1554	42
1555	42
1556	34
1557	33
1558	42
1559	42
1560	29
1561	28
1562	25
1563	20
1564	21
1565	27
1566	28
1567	29
1568	30
1569	30
1570	26
1571	26
1572	24
1573	28
1574	25
1575	34
1576	30
1577	36
1578	25
1579	32
1580	24
1581	32
1582	34
1583	23
1584	31
1585	28
1586	29
1587	28
1588	21
1589	29
1590	42
1591	27
1592	28
1593	22
1594	31
1595	27
1596	26
1597	23
1598	16
1599	37
1600	35
1601	21
1602	25
1603	23
1604	24
1605	27
1606	20
1607	34
1608	33
1609	32
1610	47
1611	97
1612	277
1613	594
1614	873
1615	950
1616	743
1617	440
1618	181
1619	56
1620	16
1621	19
1622	11
1623	14
1624	19
1625	11
1626	16
1627	16
1628	17
1629	12
1630	16
1631	13
1632	13
1633	14
1634	16
1635	16
1636	19
1637	15
1638	29
1639	17
1640	12
1641	26
1642	21
1643	22
1644	20
1645	20
1646	18
1647	19
1648	21
1649	11
1650	14
1651	25
1652	12
1653	29
1654	24
1655	17
1656	20
1657	17
1658	13
1659	23
1660	23
1661	21
1662	17
1663	9
1664	16
1665	23
1666	32
1667	26
1668	17
1669	29
1670	27
1671	27
1672	22
1673	24
1674	21
1675	29
1676	23
1677	12
1678	18
1679	9
1680	12
1681	13
1682	17
1683	21
1684	13
1685	16
1686	8
1687	25
1688	10
1689	18
1690	21
1691	25
1692	23
1693	7
1694	18
1695	17
1696	15
1697	11
1698	16
1699	13
1700	15
1701	20
1702	19
1703	12
1704	25
1705	17
1706	20
1707	21
1708	16
1709	13
1710	17
1711	12
1712	19
1713	13
1714	17
1715	12
1716	20
1717	9
1718	14
1719	16
1720	12
1721	21
1722	8
1723	21
1724	17
1725	10
1726	22
1727	9
1728	16
1729	14
1730	16
1731	14
1732	12
1733	10
1734	12
1735	14
1736	10
1737	20
1738	16
1739	9
1740	14
1741	16
1742	11
1743	7
1744	15
1745	11
1746	23
1747	17
1748	19
1749	17
1750	30
1751	21
1752	10
1753	23
1754	23
1755	26
1756	42
1757	37
1758	18
1759	23
1760	30
1761	19
1762	19
1763	17
1764	10
1765	17
1766	15
1767	17
1768	18
1769	15
1770	11
1771	14
1772	15
1773	10
1774	8
1775	12
1776	16
1777	28
1778	4
1779	12
1780	16
1781	19
1782	8
1783	6
1784	10
1785	11
1786	9
1787	13
1788	20
1789	18
1790	16
1791	19
1792	19
1793	11
1794	20
1795	16
1796	14
1797	17
1798	17
1799	20
1800	18
1801	28
1802	20
1803	25
1804	20
1805	12
1806	11
1807	6
1808	18
1809	15
1810	13
1811	18
1812	13
1813	5
1814	13
1815	10
1816	18
1817	13
1818	15
1819	16
1820	10
1821	13
1822	7
1823	15
1824	15
1825	11
1826	12
1827	10
1828	9
1829	11
1830	13
1831	16
1832	19
1833	12
1834	16
1835	16
1836	14
1837	22
1838	17
1839	18
1840	22
1841	19
1842	13
1843	10
1844	15
1845	11
1846	10
1847	8
1848	9
1849	10
1850	12
1851	7
1852	14
1853	6
1854	10
1855	13
1856	10
1857	15
1858	15
1859	14
1860	11
1861	18
1862	16
1863	10
1864	11
1865	10
1866	9
1867	16
1868	14
1869	13
1870	13
1871	13
1872	14
1873	13
1874	14
1875	9
1876	13
1877	11
1878	18
1879	14
1880	14
1881	11
1882	10
1883	17
1884	13
1885	11
1886	15
1887	16
1888	9
1889	12
1890	12
1891	12
1892	7
1893	12
1894	13
1895	17
1896	9
1897	6
1898	11
1899	12
1900	22
1901	12
1902	7
1903	10
1904	7
1905	11
1906	12
1907	13
1908	10
1909	12
1910	22
1911	25
1912	29
1913	22
1914	20
1915	13
1916	4
1917	8
1918	7
1919	13
1920	13
1921	10
1922	23
1923	12
1924	14
1925	9
1926	7
1927	9
1928	15
1929	11
1930	9
1931	10
1932	19
1933	10
1934	6
1935	12
1936	8
1937	14
1938	9
1939	10
1940	6
1941	9
1942	17
1943	11
1944	12
1945	15
1946	33
1947	27
1948	60
1949	83
1950	109
1951	100
1952	72
1953	35
1954	14
1955	10
1956	6
1957	7
1958	11
1959	6
1960	10
1961	16
1962	11
1963	13
1964	14
1965	6
1966	15
1967	5
1968	6
1969	8
1970	9
1971	13
1972	9
1973	11
1974	7
1975	9
1976	10
1977	9
1978	14
1979	14
1980	10
1981	8
1982	5
1983	14
1984	15
1985	13
1986	12
1987	12
1988	7
1989	2
1990	7
1991	17
1992	11
1993	8
1994	4
1995	10
1996	9
1997	5
1998	5
1999	9
2000	18
2001	9
2002	9
2003	11
2004	9
2005	6
2006	10
2007	11
2008	15
2009	6
2010	6
2011	8
2012	15
2013	9
2014	11
2015	6
2016	15
2017	9
2018	11
2019	12
2020	9
2021	7
2022	8
2023	7
2024	7
2025	6
2026	9
2027	9
2028	12
2029	13
2030	10
2031	11
2032	6
2033	14
2034	12
2035	10
2036	13
2037	12
2038	16
2039	14
2040	21
2041	16
2042	25
2043	11
2044	18
2045	14
2046	12
2047	7
2048	10
2049	9
2050	12
2051	7
2052	13
2053	4
2054	11
2055	11
2056	11
2057	11
2058	13
2059	9
2060	13
2061	9
2062	10
2063	15
2064	9
2065	13
2066	10
2067	13
2068	11
2069	9
2070	12
2071	16
2072	13
2073	7
2074	6
2075	12
2076	11
2077	9
2078	8
2079	10
2080	13
2081	7
2082	10
2083	16
2084	8
2085	11
2086	11
2087	7
2088	8
2089	11
2090	8
2091	9
2092	6
2093	10
2094	10
2095	10
2096	20
2097	9
2098	8
2099	10
2100	10
2101	12
2102	8
2103	7
2104	6
2105	6
2106	5
2107	8
2108	12
2109	8
2110	14
2111	10
2112	6
2113	6
2114	8
2115	4
2116	10
2117	9
2118	8
2119	9
2120	19
2121	6
2122	11
2123	11
2124	12
2125	11
2126	7
2127	8
2128	13
2129	6
2130	9
2131	9
2132	14
2133	8
2134	9
2135	9
2136	9
2137	11
2138	11
2139	17
2140	7
2141	9
2142	12
2143	10
2144	8
2145	7
2146	9
2147	10
2148	5
2149	6
2150	14
2151	8
2152	7
2153	7
2154	6
2155	11
2156	13
2157	19
2158	7
2159	12
2160	10
2161	7
2162	6
2163	9
2164	15
2165	7
2166	9
2167	8
2168	6
2169	11
2170	10
2171	12
2172	6
2173	8
2174	4
2175	10
2176	14
2177	11
2178	10
2179	11
2180	5
2181	5
2182	8
2183	6
2184	11
2185	10
2186	14
2187	9
2188	6
2189	5
2190	5
2191	8
2192	10
2193	7
2194	7
2195	5
2196	12
2197	8
2198	11
2199	7
2200	14
2201	9
2202	8
2203	11
2204	12
2205	3
2206	12
2207	9
2208	9
2209	9
2210	9
2211	9
2212	13
2213	11
2214	14
2215	10
2216	14
2217	11
2218	11
2219	11
2220	16
2221	11
2222	6
2223	15
2224	5
2225	5
2226	11
2227	10
2228	7
2229	9
2230	6
2231	7
2232	9
2233	11
2234	9
2235	17
2236	10
2237	4
2238	12
2239	12
2240	6
2241	8
2242	9
2243	9
2244	9
2245	8
2246	12
2247	9
2248	5
2249	8
2250	5
2251	4
2252	9
2253	13
2254	8
2255	14
2256	3
2257	12
2258	3
2259	12
2260	9
2261	4
2262	10
2263	9
2264	6
2265	4
2266	4
2267	10
2268	6
2269	13
2270	10
2271	10
2272	8
2273	8
2274	6
2275	12
2276	4
2277	3
2278	9
2279	12
2280	8
2281	8
2282	6
2283	9
2284	8
2285	8
2286	7
2287	7
2288	14
2289	11
2290	9
2291	11
2292	9
2293	12
2294	7
2295	7
2296	12
2297	5
2298	12
2299	7
2300	8
2301	10
2302	7
2303	14
2304	8
2305	7
2306	9
2307	5
2308	9
2309	8
2310	15
2311	6
2312	10
2313	9
2314	8
2315	12
2316	7
2317	15
2318	3
2319	11
2320	9
2321	19
2322	18
2323	31
2324	36
2325	30
2326	23
2327	21
2328	13
2329	10
2330	10
2331	8
2332	9
2333	7
2334	6
2335	10
2336	6
2337	5
2338	14
2339	10
2340	15
2341	14
2342	13
2343	9
2344	8
2345	9
2346	14
2347	16
2348	6
2349	6
2350	6
2351	8
2352	2
2353	7
2354	18
2355	12
2356	9
2357	7
2358	7
2359	8
2360	8
2361	4
2362	8
2363	9
2364	5
2365	11
2366	8
2367	6
2368	10
2369	4
2370	10
2371	11
2372	1
2373	16
2374	10
2375	7
2376	11
2377	2
2378	10
2379	7
2380	14
2381	6
2382	11
2383	8
2384	7
2385	13
2386	10
2387	9
2388	10
2389	10
2390	8
2391	7
2392	8
2393	6
2394	6
2395	5
2396	10
2397	13
2398	7
2399	5
2400	9
2401	11
2402	7
2403	7
2404	7
2405	8
2406	6
2407	8
2408	7
2409	5
2410	7
2411	10
2412	6
2413	10
2414	7
2415	8
2416	6
2417	7
2418	7
2419	7
2420	8
2421	6
2422	9
2423	7
2424	6
2425	8
2426	8
2427	6
2428	11
2429	5
2430	12
2431	6
2432	6
2433	25
2434	28
2435	39
2436	39
2437	26
2438	29
2439	12
2440	15
2441	4
2442	4
2443	11
2444	11
2445	12
2446	9
2447	7
2448	7
2449	9
2450	10
2451	7
2452	9
2453	10
2454	11
2455	15
2456	9
2457	9
2458	6
2459	5
2460	8
2461	5
2462	16
2463	7
2464	8
2465	4
2466	7
2467	5
2468	4
2469	7
2470	11
2471	11
2472	4
2473	8
2474	10
2475	10
2476	5
2477	11
2478	12
2479	6
2480	10
2481	6
2482	9
2483	10
2484	10
2485	9
2486	10
2487	9
2488	9
2489	10
2490	11
2491	15
2492	9
2493	8
2494	16
2495	14
2496	1
2497	9
2498	6
2499	6
2500	7
2501	7
2502	15
2503	6
2504	6
2505	7
2506	10
2507	9
2508	17
2509	5
2510	10
2511	8
2512	9
2513	6
2514	9
2515	2
2516	5
2517	7
2518	12
2519	12
2520	10
2521	5
2522	10
2523	8
2524	7
2525	8
2526	7
2527	11
2528	12
2529	9
2530	11
2531	8
2532	10
2533	3
2534	11
2535	13
2536	12
2537	8
2538	9
2539	11
2540	11
2541	6
2542	16
2543	10
2544	6
2545	10
2546	8
2547	10
2548	7
2549	5
2550	8
2551	6
2552	9
2553	5
2554	10
2555	10
2556	8
2557	8
2558	13
2559	9
2560	7
2561	5
2562	18
2563	14
2564	6
2565	5
2566	7
2567	8
2568	15
2569	6
2570	14
2571	8
2572	4
2573	5
2574	5
2575	5
2576	9
2577	8
2578	9
2579	9
2580	9
2581	3
2582	4
2583	9
2584	6
2585	11
2586	5
2587	5
2588	8
2589	9
2590	7
2591	10
2592	6
2593	7
2594	8
2595	6
2596	10
2597	12
2598	12
2599	13
2600	12
2601	8
2602	10
2603	10
2604	4
2605	6
2606	11
2607	11
2608	10
2609	11
2610	10
2611	6
2612	9
2613	9
2614	8
2615	13
2616	3
2617	7
2618	8
2619	7
2620	8
2621	7
2622	11
2623	12
2624	13
2625	11
2626	6
2627	11
2628	12
2629	9
2630	6
2631	5
2632	7
2633	9
2634	9
2635	6
2636	5
2637	6
2638	6
2639	7
2640	7
2641	1
2642	8
2643	5
2644	5
2645	6
2646	6
2647	8
2648	10
2649	6
2650	5
2651	8
2652	10
2653	4
2654	9
2655	10
2656	5
2657	4
2658	14
2659	2
2660	7
2661	3
2662	2
2663	7
2664	8
2665	3
2666	6
2667	3
2668	6
2669	12
2670	4
2671	5
2672	9
2673	8
2674	9
2675	6
2676	9
2677	6
2678	4
2679	9
2680	4
2681	8
2682	6
2683	7
2684	8
2685	7
2686	7
2687	3
2688	8
2689	1
2690	7
2691	4
2692	5
2693	6
2694	4
2695	7
2696	12
2697	3
2698	5
2699	6
2700	4
2701	8
2702	11
2703	18
2704	12
2705	14
2706	14
2707	7
2708	10
2709	11
2710	10
2711	5
2712	8
2713	9
2714	6
2715	6
2716	9
2717	6
2718	5
2719	10
2720	7
2721	3
2722	4
2723	9
2724	4
2725	6
2726	6
2727	2
2728	4
2729	6
2730	2
2731	5
2732	1
2733	7
2734	5
2735	5
2736	6
2737	2
2738	3
2739	5
2740	3
2741	8
2742	7
2743	6
2744	5
2745	3
2746	3
2747	4
2748	3
2749	3
2750	2
2751	2
2752	4
2753	1
2754	5
2755	3
2756	3
2757	9
2758	2
2759	4
2760	5
2761	6
2762	1
2763	6
2764	3
2765	3
2766	4
2767	3
2768	2
2769	7
2770	3
2771	2
2772	2
2773	2
2774	5
2775	2
2776	3
2777	3
2778	4
2779	6
2780	1
2781	3
2782	5
2783	1
2784	4
2785	6
2786	2
2787	4
2788	3
2789	2
2790	1
2791	2
2792	3
2793	3
2794	7
2795	7
2796	3
2797	3
2798	5
2799	1
2800	6
2801	6
2802	4
2803	2
2804	3
2805	1
2806	2
2807	3
2808	0
2809	1
2810	3
2811	3
2812	1
2813	5
2814	4
2815	3
2816	6
2817	0
2818	4
2819	2
2820	1
2821	1
2822	0
2823	1
2824	1
2825	2
2826	2
2827	3
2828	2
2829	3
2830	2
2831	3
2832	0
2833	3
2834	2
2835	4
2836	1
2837	3
2838	1
2839	3
2840	4
2841	1
2842	4
2843	2
2844	5
2845	1
2846	3
2847	8
2848	3
2849	1
2850	2
2851	2
2852	0
2853	3
2854	3
2855	4
2856	0
2857	3
2858	1
2859	4
2860	1
2861	3
2862	3
2863	4
2864	3
2865	3
2866	1
2867	4
2868	3
2869	2
2870	2
2871	1
2872	2
2873	2
2874	3
2875	2
2876	1
2877	5
2878	3
2879	3
2880	0
2881	2
2882	5
2883	3
2884	35
2885	58
2886	122
2887	212
2888	251
2889	264
2890	243
2891	170
2892	112
2893	44
2894	17
2895	3
2896	1
2897	1
2898	5
2899	2
2900	1
2901	0
2902	0
2903	0
2904	1
2905	2
2906	1
2907	0
2908	0
2909	0
2910	0
2911	2
2912	1
2913	0
2914	1
2915	1
2916	0
2917	1
2918	1
2919	2
2920	0
2921	0
2922	0
2923	0
2924	1
2925	0
2926	0
2927	0
2928	0
2929	0
2930	1
2931	2
2932	1
2933	1
2934	0
2935	1
2936	0
2937	1
2938	0
2939	1
2940	0
2941	3
2942	1
2943	0
2944	2
2945	0
2946	0
2947	1
2948	1
2949	5
2950	1
2951	0
2952	0
2953	0
2954	0
2955	0
2956	0
2957	0
2958	0
2959	2
2960	0
2961	1
2962	0
2963	1
2964	0
2965	1
2966	2
2967	0
2968	0
2969	1
2970	1
2971	0
2972	2
2973	1
2974	2
2975	3
2976	0
2977	0
2978	2
2979	0
2980	2
2981	3
2982	0
2983	2
2984	2
2985	2
2986	1
2987	0
2988	1
2989	0
2990	1
2991	1
2992	0
2993	1
2994	1
2995	1
2996	0
2997	1
2998	1
2999	2
3000	1
3001	0
3002	1
3003	0
3004	3
3005	0
3006	0
3007	1
3008	0
3009	0
3010	1
3011	0
3012	1
3013	1
3014	1
3015	0
3016	0
3017	1
3018	0
3019	1
3020	0
3021	1
3022	0
3023	4
3024	0
3025	0
3026	2
3027	0
3028	1
3029	2
3030	1
3031	0
3032	0
3033	1
3034	2
3035	2
3036	2
3037	2
3038	0
3039	1
3040	1
3041	1
3042	2
3043	1
3044	1
3045	1
3046	0
3047	1
3048	0
3049	0
3050	0
3051	1
3052	1
3053	0
3054	0
3055	1
3056	1
3057	0
3058	2
3059	1
3060	2
3061	0
3062	0
3063	1
3064	0
3065	0
3066	1
3067	0
3068	0
3069	1
3070	1
3071	0
3072	1
3073	1
3074	0
3075	2
3076	0
3077	0
3078	1
3079	3
3080	0
3081	2
3082	1
3083	0
3084	1
3085	0
3086	1
3087	0
3088	0
3089	2
3090	2
3091	1
3092	0
3093	1
3094	1
3095	1
3096	0
3097	2
3098	1
3099	0
3100	1
3101	2
3102	1
3103	0
3104	0
3105	0
3106	1
3107	1
3108	0
3109	2
3110	2
3111	1
3112	2
3113	0
3114	0
3115	1
3116	1
3117	1
3118	1
3119	0
3120	0
3121	1
3122	1
3123	1
3124	1
3125	2
3126	0
3127	2
3128	2
3129	1
3130	1
3131	1
3132	0
3133	1
3134	1
3135	0
3136	2
3137	0
3138	1
3139	1
3140	0
3141	2
3142	1
3143	1
3144	0
3145	0
3146	1
3147	0
3148	1
3149	1
3150	0
3151	2
3152	1
3153	3
3154	0
3155	0
3156	1
3157	0
3158	0
3159	0
3160	1
3161	1
3162	1
3163	0
3164	1
3165	2
3166	1
3167	1
3168	1
3169	0
3170	0
3171	0
3172	1
3173	0
3174	1
3175	1
3176	1
3177	0
3178	2
3179	1
3180	0
3181	1
3182	2
3183	0
3184	0
3185	1
3186	1
3187	0
3188	1
3189	1
3190	1
3191	0
3192	1
3193	2
3194	0
3195	1
3196	1
3197	0
3198	0
3199	2
3200	1
3201	0
3202	1
3203	0
3204	1
3205	0
3206	0
3207	1
3208	2
3209	1
3210	0
3211	1
3212	1
3213	2
3214	1
3215	0
3216	0
3217	0
3218	0
3219	0
3220	2
3221	0
3222	2
3223	0
3224	0
3225	0
3226	1
3227	1
3228	1
3229	1
3230	0
3231	2
3232	1
3233	1
3234	2
3235	1
3236	2
3237	0
3238	1
3239	2
3240	0
3241	2
3242	2
3243	1
3244	2
3245	2
3246	3
3247	0
3248	0
3249	1
3250	1
3251	1
3252	1
3253	0
3254	3
3255	0
3256	1
3257	0
3258	0
3259	2
3260	0
3261	1
3262	1
3263	0
3264	1
3265	0
3266	1
3267	0
3268	2
3269	0
3270	2
3271	1
3272	0
3273	0
3274	0
3275	0
3276	1
3277	1
3278	2
3279	1
3280	0
3281	0
3282	0
3283	1
3284	1
3285	0
3286	0
3287	1
3288	0
3289	0
3290	1
3291	0
3292	2
3293	0
3294	0
3295	0
3296	1
3297	1
3298	0
3299	0
3300	0
3301	0
3302	0
3303	2
3304	1
3305	2
3306	1
3307	1
3308	0
3309	0
3310	0
3311	0
3312	0
3313	1
3314	0
3315	2
3316	1
3317	0
3318	1
3319	1
3320	0
3321	2
3322	2
3323	0
3324	2
3325	0
3326	1
3327	0
3328	0
3329	0
3330	2
3331	0
3332	1
3333	0
3334	1
3335	0
3336	0
3337	0
3338	1
3339	0
3340	0
3341	0
3342	2
3343	0
3344	0
3345	2
3346	0
3347	2
3348	2
3349	0
3350	1
3351	2
3352	2
3353	1
3354	0
3355	1
3356	2
3357	4
3358	1
3359	0
3360	0
3361	2
3362	1
3363	0
3364	0
3365	0
3366	1
3367	1
3368	2
3369	1
3370	0
3371	0
3372	0
3373	1
3374	0
3375	0
3376	0
3377	3
3378	0
3379	1
3380	0
3381	0
3382	2
3383	1
3384	1
3385	0
3386	0
3387	2
3388	0
3389	1
3390	1
3391	0
3392	2
3393	0
3394	0
3395	0
3396	1
3397	0
3398	2
3399	0
3400	0
3401	0
3402	1
3403	0
3404	1
3405	1
3406	1
3407	0
3408	0
3409	1
3410	2
3411	1
3412	1
3413	0
3414	0
3415	0
3416	0
3417	2
3418	0
3419	0
3420	1
3421	2
3422	0
3423	0
3424	0
3425	0
3426	1
3427	0
3428	1
3429	0
3430	0
3431	1
3432	0
3433	1
3434	1
3435	2
3436	0
3437	0
3438	1
3439	0
3440	0
3441	1
3442	0
3443	2
3444	1
3445	0
3446	1
3447	0
3448	0
3449	1
3450	0
3451	0
3452	0
3453	0
3454	1
3455	0
3456	0
3457	1
3458	0
3459	1
3460	1
3461	1
3462	2
3463	0
3464	0
3465	0
3466	0
3467	2
3468	0
3469	0
3470	1
3471	1
3472	0
3473	0
3474	1
3475	1
3476	1
3477	1
3478	0
3479	0
3480	0
3481	0
3482	0
3483	0
3484	1
3485	1
3486	0
3487	0
3488	0
3489	0
3490	0
3491	0
3492	0
3493	1
3494	0
3495	0
3496	0
3497	1
3498	0
3499	0
3500	1
3501	1
3502	1
3503	1
3504	0
3505	2
3506	0
3507	0
3508	0
3509	1
3510	0
3511	2
3512	0
3513	0
3514	0
3515	1
3516	0
3517	1
3518	0
3519	4
3520	1
3521	0
3522	0
3523	2
3524	0
3525	1
3526	0
3527	0
3528	1
3529	0
3530	1
3531	2
3532	0
3533	0
3534	0
3535	1
3536	0
3537	0
3538	0
3539	1
3540	1
3541	0
3542	0
3543	1
3544	1
3545	1
3546	1
3547	1
3548	0
3549	1
3550	1
3551	0
3552	1
3553	1
3554	1
3555	2
3556	0
3557	0
3558	0
3559	0
3560	1
3561	0
3562	1
3563	0
3564	0
3565	0
3566	0
3567	2
3568	0
3569	0
3570	0
3571	0
3572	3
3573	1
3574	0
3575	1
3576	1
3577	0
3578	0
3579	1
3580	1
3581	0
3582	1
3583	0
3584	0
3585	0
3586	3
3587	3
3588	1
3589	0
3590	0
3591	0
3592	0
3593	0
3594	2
3595	0
3596	2
3597	1
3598	0
3599	1
3600	0
3601	2
3602	0
3603	0
3604	0
3605	1
3606	0
3607	0
3608	1
3609	3
3610	0
3611	2
3612	0
3613	1
3614	0
3615	1
3616	0
3617	2
3618	0
3619	0
3620	1
3621	0
3622	0
3623	0
3624	3
3625	1
3626	0
3627	0
3628	1
3629	0
3630	0
3631	0
3632	0
3633	1
3634	0
3635	1
3636	1
3637	0
3638	2
3639	1
3640	0
3641	0
3642	0
3643	1
3644	0
3645	2
3646	0
3647	0
3648	0
3649	2
3650	1
3651	2
3652	1
3653	1
3654	0
3655	0
3656	0
3657	1
3658	1
3659	1
3660	3
3661	0
3662	1
3663	2
3664	3
3665	0
3666	0
3667	0
3668	0
3669	0
3670	1
3671	2
3672	1
3673	1
3674	0
3675	1
3676	0
3677	0
3678	1
3679	1
3680	0
3681	0
3682	4
3683	0
3684	0
3685	0
3686	0
3687	1
3688	0
3689	0
3690	0
3691	0
3692	0
3693	1
3694	1
3695	0
3696	1
3697	0
3698	0
3699	0
3700	2
3701	1
3702	1
3703	0
3704	0
3705	1
3706	1
3707	0
3708	0
3709	2
3710	1
3711	1
3712	0
3713	1
3714	1
3715	2
3716	0
3717	0
3718	0
3719	0
3720	2
3721	0
3722	0
3723	1
3724	1
3725	1
3726	1
3727	3
3728	1
3729	2
3730	1
3731	0
3732	0
3733	0
3734	0
3735	1
3736	0
3737	0
3738	2
3739	1
3740	1
3741	0
3742	0
3743	0
3744	0
3745	0
3746	2
3747	1
3748	0
3749	0
3750	0
3751	0
3752	1
3753	1
3754	2
3755	0
3756	0
3757	2
3758	2
3759	0
3760	0
3761	0
3762	0
3763	0
3764	1
3765	0
3766	1
3767	1
3768	0
3769	0
3770	1
3771	0
3772	1
3773	0
3774	0
3775	0
3776	0
3777	0
3778	0
3779	0
3780	0
3781	1
3782	0
3783	0
3784	0
3785	0
3786	1
3787	0
3788	0
3789	3
3790	1
3791	2
3792	0
3793	1
3794	0
3795	0
3796	0
3797	1
3798	2
3799	0
3800	0
3801	1
3802	0
3803	0
3804	1
3805	0
3806	0
3807	0
3808	0
3809	1
3810	2
3811	2
3812	0
3813	0
3814	2
3815	2
3816	1
3817	1
3818	1
3819	1
3820	0
3821	0
3822	0
3823	1
3824	0
3825	0
3826	2
3827	0
3828	0
3829	1
3830	3
3831	2
3832	0
3833	0
3834	0
3835	0
3836	0
3837	0
3838	1
3839	1
3840	0
3841	0
3842	0
3843	0
3844	2
3845	1
3846	1
3847	0
3848	2
3849	0
3850	1
3851	0
3852	0
3853	1
3854	0
3855	0
3856	1
3857	0
3858	0
3859	0
3860	0
3861	0
3862	0
3863	0
3864	3
3865	0
3866	0
3867	0
3868	0
3869	1
3870	1
3871	1
3872	0
3873	1
3874	1
3875	0
3876	0
3877	2
3878	4
3879	0
3880	0
3881	0
3882	1
3883	2
3884	0
3885	0
3886	0
3887	0
3888	0
3889	2
3890	0
3891	2
3892	0
3893	1
3894	0
3895	1
3896	0
3897	2
3898	0
3899	0
3900	0
3901	1
3902	2
3903	0
3904	0
3905	0
3906	1
3907	1
3908	0
3909	0
3910	1
3911	0
3912	1
3913	1
3914	0
3915	1
3916	0
3917	1
3918	1
3919	1
3920	0
3921	0
3922	2
3923	0
3924	0
3925	0
3926	0
3927	0
3928	1
3929	0
3930	3
3931	1
3932	1
3933	1
3934	0
3935	0
3936	0
3937	2
3938	1
3939	1
3940	0
3941	0
3942	1
3943	0
3944	1
3945	0
3946	0
3947	0
3948	0
3949	1
3950	0
3951	0
3952	0
3953	0
3954	1
3955	1
3956	0
3957	0
3958	1
3959	1
3960	1
3961	0
3962	1
3963	1
3964	0
3965	0
3966	0
3967	1
3968	1
3969	1
3970	1
3971	1
3972	2
3973	0
3974	1
3975	0
3976	0
3977	2
3978	1
3979	0
3980	0
3981	0
3982	3
3983	0
3984	0
3985	0
3986	0
3987	0
3988	0
3989	0
3990	1
3991	0
3992	2
3993	1
3994	0
3995	0
3996	2
3997	0
3998	0
3999	1
4000	0
4001	0
4002	1
4003	0
4004	1
4005	1
4006	0
4007	0
4008	0
4009	0
4010	2
4011	0
4012	0
4013	1
4014	0
4015	1
4016	1
4017	0
4018	0
4019	0
4020	0
4021	2
4022	0
4023	0
4024	0
4025	0
4026	1
4027	0
4028	0
4029	1
4030	0
4031	1
4032	0
4033	0
4034	0
4035	2
4036	0
4037	0
4038	1
4039	1
4040	0
4041	2
4042	0
4043	1
4044	0
4045	1
4046	1
4047	0
4048	0
4049	0
4050	1
4051	0
4052	0
4053	2
4054	0
4055	0
4056	0
4057	0
4058	0
4059	0
4060	0
4061	1
4062	0
4063	0
4064	0
4065	1
4066	0
4067	1
4068	1
4069	0
4070	1
4071	0
4072	1
4073	0
4074	1
4075	0
4076	3
4077	2
4078	0
4079	0
4080	0
4081	1
4082	1
4083	1
4084	0
4085	2
4086	0
4087	1
4088	0
4089	0
4090	1
4091	1
4092	0
4093	0
4094	1
4095	0
4096	0
4097	0
4098	2
4099	0
4100	2
4101	1
4102	0
4103	0
4104	1
4105	1
4106	0
4107	0
4108	2
4109	1
4110	1
4111	0
4112	0
4113	0
4114	0
4115	1
4116	1
4117	1
4118	0
4119	0
4120	1
4121	3
4122	0
4123	0
4124	1
4125	0
4126	1
4127	1
4128	1
4129	1
4130	0
4131	0
4132	0
4133	0
4134	0
4135	0
4136	0
4137	0
4138	0
4139	0
4140	0
4141	0
4142	1
4143	1
4144	2
4145	0
4146	1
4147	0
4148	0
4149	2
4150	1
4151	0
4152	0
4153	0
4154	0
4155	1
4156	0
4157	1
4158	1
4159	1
4160	3
4161	1
4162	0
4163	1
4164	0
4165	2
4166	0
4167	1
4168	0
4169	2
4170	0
4171	2
4172	0
4173	1
4174	2
4175	1
4176	1
4177	1
4178	2
4179	0
4180	1
4181	1
4182	2
4183	0
4184	2
4185	0
4186	0
4187	1
4188	0
4189	2
4190	1
4191	0
4192	0
4193	0
4194	0
4195	0
4196	0
4197	0
4198	1
4199	0
4200	1
4201	0
4202	0
4203	1
4204	0
4205	1
4206	1
4207	0
4208	0
4209	0
4210	2
4211	1
4212	1
4213	0
4214	0
4215	0
4216	1
4217	0
4218	0
4219	0
4220	1
4221	0
4222	0
4223	0
4224	0
4225	1
4226	1
4227	1
4228	0
4229	0
4230	0
4231	2
4232	0
4233	0
4234	1
4235	0
4236	0
4237	1
4238	1
4239	1
4240	0
4241	2
4242	0
4243	1
4244	2
4245	0
4246	0
4247	0
4248	3
4249	0
4250	1
4251	0
4252	1
4253	0
4254	2
4255	2
4256	0
4257	1
4258	0
4259	0
4260	0
4261	0
4262	1
4263	0
4264	1
4265	1
4266	0
4267	1
4268	1
4269	0
4270	0
4271	1
4272	0
4273	1
4274	0
4275	1
4276	0
4277	0
4278	1
4279	0
4280	1
4281	1
4282	2
4283	0
4284	0
4285	1
4286	1
4287	0
4288	0
4289	1
4290	2
4291	0
4292	0
4293	0
4294	0
4295	1
4296	3
4297	0
4298	0
4299	0
4300	0
4301	0
4302	1
4303	1
4304	1
4305	0
4306	0
4307	0
4308	0
4309	1
4310	0
4311	0
4312	0
4313	0
4314	0
4315	0
4316	0
4317	0
4318	0
4319	1
4320	0
4321	1
4322	0
4323	0
4324	1
4325	0
4326	1
4327	0
4328	2
4329	1
4330	0
4331	0
4332	0
4333	0
4334	0
4335	0
4336	1
4337	1
4338	1
4339	0
4340	0
4341	1
4342	1
4343	0
4344	1
4345	2
4346	0
4347	0
4348	0
4349	0
4350	2
4351	0
4352	0
4353	0
4354	0
4355	1
4356	0
4357	1
4358	0
4359	0
4360	0
4361	0
4362	1
4363	1
4364	0
4365	0
4366	1
4367	0
4368	0
4369	0
4370	0
4371	0
4372	0
4373	0
4374	0
4375	1
4376	0
4377	0
4378	0
4379	0
4380	0
4381	1
4382	1
4383	1
4384	1
4385	0
4386	0
4387	0
4388	0
4389	1
4390	0
4391	1
4392	0
4393	0
4394	1
4395	1
4396	2
4397	0
4398	0
4399	0
4400	0
4401	1
4402	0
4403	0
4404	0
4405	1
4406	0
4407	1
4408	2
4409	0
4410	1
4411	1
4412	0
4413	0
4414	0
4415	0
4416	1
4417	0
4418	0
4419	0
4420	1
4421	0
4422	0
4423	1
4424	0
4425	1
4426	1
4427	1
4428	0
4429	1
4430	0
4431	0
4432	1
4433	1
4434	0
4435	0
4436	1
4437	0
4438	0
4439	0
4440	0
4441	0
4442	1
4443	0
4444	0
4445	0
4446	0
4447	0
4448	0
4449	1
4450	0
4451	1
4452	0
4453	0
4454	2
4455	0
4456	0
4457	2
4458	0
4459	0
4460	0
4461	1
4462	2
4463	0
4464	2
4465	0
4466	0
4467	0
4468	0
4469	0
4470	0
4471	0
4472	0
4473	1
4474	1
4475	0
4476	1
4477	1
4478	2
4479	1
4480	0
4481	0
4482	1
4483	0
4484	0
4485	1
4486	0
4487	0
4488	0
4489	0
4490	1
4491	1
4492	2
4493	0
4494	0
4495	1
4496	1
4497	2
4498	0
4499	0
4500	1
4501	0
4502	0
4503	0
4504	0
4505	1
4506	0
4507	2
4508	1
4509	0
4510	1
4511	1
4512	0
4513	2
4514	0
4515	1
4516	0
4517	0
4518	2
4519	0
4520	2
4521	0
4522	1
4523	0
4524	0
4525	1
4526	0
4527	1
4528	0
4529	1
4530	0
4531	0
4532	0
4533	1
4534	0
4535	0
4536	0
4537	1
4538	0
4539	0
4540	0
4541	0
4542	2
4543	0
4544	0
4545	1
4546	0
4547	1
4548	0
4549	0
4550	0
4551	1
4552	0
4553	2
4554	0
4555	1
4556	1
4557	0
4558	1
4559	0
4560	0
4561	0
4562	0
4563	0
4564	2
4565	1
4566	0
4567	0
4568	1
4569	0
4570	1
4571	0
4572	0
4573	1
4574	1
4575	1
4576	1
4577	0
4578	0
4579	2
4580	0
4581	1
4582	0
4583	0
4584	0
4585	1
4586	1
4587	0
4588	2
4589	0
4590	2
4591	1
4592	2
4593	0
4594	0
4595	0
4596	0
4597	1
4598	0
4599	1
4600	0
4601	1
4602	0
4603	0
4604	0
4605	0
4606	0
4607	0
4608	2
4609	0
4610	1
4611	0
4612	0
4613	1
4614	0
4615	0
4616	0
4617	2
4618	0
4619	0
4620	1
4621	2
4622	0
4623	2
4624	0
4625	1
4626	0
4627	2
4628	0
4629	0
4630	0
4631	0
4632	2
4633	0
4634	0
4635	0
4636	2
4637	0
4638	0
4639	0
4640	2
4641	0
4642	0
4643	1
4644	1
4645	0
4646	0
4647	1
4648	0
4649	0
4650	0
4651	1
4652	0
4653	0
4654	0
4655	0
4656	0
4657	1
4658	0
4659	1
4660	0
4661	0
4662	2
4663	1
4664	2
4665	1
4666	0
4667	0
4668	1
4669	0
4670	1
4671	0
4672	1
4673	0
4674	0
4675	0
4676	0
4677	0
4678	1
4679	0
4680	0
4681	0
4682	0
4683	0
4684	1
4685	0
4686	0
4687	0
4688	0
4689	1
4690	0
4691	0
4692	0
4693	0
4694	0
4695	1
4696	0
4697	0
4698	0
4699	0
4700	0
4701	0
4702	1
4703	1
4704	0
4705	1
4706	1
4707	1
4708	1
4709	2
4710	0
4711	0
4712	0
4713	0
4714	0
4715	0
4716	3
4717	0
4718	1
4719	0
4720	0
4721	1
4722	2
4723	0
4724	0
4725	0
4726	0
4727	0
4728	1
4729	0
4730	0
4731	1
4732	0
4733	0
4734	1
4735	1
4736	1
4737	1
4738	0
4739	1
4740	1
4741	0
4742	0
4743	2
4744	0
4745	0
4746	2
4747	0
4748	1
4749	0
4750	1
4751	0
4752	1
4753	0
4754	1
4755	1
4756	0
4757	0
4758	0
4759	2
4760	0
4761	1
4762	1
4763	2
4764	0
4765	0
4766	0
4767	0
4768	0
4769	1
4770	0
4771	0
4772	1
4773	1
4774	0
4775	1
4776	0
4777	0
4778	0
4779	0
4780	0
4781	0
4782	1
4783	0
4784	0
4785	2
4786	0
4787	2
4788	0
4789	0
4790	0
4791	0
4792	0
4793	0
4794	0
4795	0
4796	1
4797	2
4798	2
4799	0
4800	0
4801	1
4802	0
4803	0
4804	0
4805	0
4806	0
4807	0
4808	0
4809	1
4810	0
4811	0
4812	1
4813	0
4814	0
4815	0
4816	0
4817	0
4818	1
4819	1
4820	0
4821	0
4822	0
4823	2
4824	1
4825	0
4826	1
4827	0
4828	0
4829	0
4830	1
4831	0
4832	0
4833	0
4834	0
4835	0
4836	0
4837	2
4838	0
4839	0
4840	1
4841	0
4842	0
4843	1
4844	0
4845	0
4846	0
4847	1
4848	1
4849	0
4850	0
4851	0
4852	0
4853	0
4854	0
4855	0
4856	0
4857	1
4858	0
4859	0
4860	1
4861	1
4862	0
4863	0
4864	0
4865	0
4866	0
4867	0
4868	1
4869	1
4870	0
4871	2
4872	0
4873	0
4874	0
4875	0
4876	0
4877	1
4878	2
4879	0
4880	0
4881	0
4882	0
4883	0
4884	0
4885	0
4886	0
4887	0
4888	1
4889	0
4890	0
4891	0
4892	0
4893	0
4894	0
4895	0
4896	0
4897	1
4898	0
4899	0
4900	0
4901	0
4902	0
4903	0
4904	0
4905	0
4906	0
4907	1
4908	0
4909	0
4910	0
4911	1
4912	1
4913	1
4914	0
4915	1
4916	0
4917	1
4918	0
4919	0
4920	0
4921	0
4922	0
4923	1
4924	0
4925	0
4926	1
4927	0
4928	0
4929	0
4930	0
4931	0
4932	0
4933	0
4934	0
4935	0
4936	1
4937	1
4938	0
4939	0
4940	0
4941	1
4942	0
4943	0
4944	0
4945	0
4946	0
4947	0
4948	0
4949	1
4950	1
4951	1
4952	2
4953	0
4954	0
4955	0
4956	0
4957	0
4958	0
4959	0
4960	0
4961	0
4962	0
4963	1
4964	0
4965	0
4966	0
4967	0
4968	1
4969	1
4970	3
4971	0
4972	1
4973	1
4974	1
4975	1
4976	0
4977	0
4978	0
4979	1
4980	0
4981	0
4982	1
4983	0
4984	1
4985	1
4986	1
4987	1
4988	0
4989	0
4990	1
4991	1
4992	0
4993	0
4994	0
4995	0
4996	0
4997	0
4998	1
4999	0
5000	0
5001	0
5002	2
5003	1
5004	0
5005	0
5006	0
5007	0
5008	0
5009	1
5010	0
5011	0
5012	0
5013	0
5014	0
5015	0
5016	0
5017	0
5018	2
5019	0
5020	0
5021	1
5022	1
5023	0
5024	0
5025	0
5026	0
5027	0
5028	0
5029	2
5030	0
5031	0
5032	0
5033	2
5034	1
5035	1
5036	0
5037	0
5038	0
5039	0
5040	1
5041	0
5042	1
5043	1
5044	0
5045	1
5046	0
5047	1
5048	0
5049	0
5050	0
5051	0
5052	0
5053	0
5054	1
5055	1
5056	0
5057	0
5058	0
5059	1
5060	0
5061	0
5062	0
5063	0
5064	0
5065	0
5066	0
5067	2
5068	0
5069	0
5070	0
5071	0
5072	0
5073	0
5074	0
5075	1
5076	1
5077	2
5078	1
5079	0
5080	0
5081	0
5082	0
5083	0
5084	0
5085	0
5086	0
5087	0
5088	0
5089	0
5090	1
5091	0
5092	0
5093	0
5094	1
5095	0
5096	0
5097	0
5098	0
5099	0
5100	0
5101	0
5102	0
5103	0
5104	0
5105	0
5106	1
5107	0
5108	1
5109	0
5110	1
5111	0
5112	1
5113	1
5114	1
5115	2
5116	0
5117	1
5118	1
5119	1
5120	1
5121	0
5122	0
5123	0
5124	0
5125	0
5126	2
5127	0
5128	0
5129	0
5130	0
5131	0
5132	0
5133	1
5134	0
5135	1
5136	0
5137	1
5138	1
5139	0
5140	0
5141	0
5142	0
5143	1
5144	0
5145	0
5146	0
5147	0
5148	0
5149	0
5150	0
5151	1
5152	0
5153	0
5154	0
5155	0
5156	0
5157	1
5158	0
5159	0
5160	1
5161	0
5162	0
5163	0
5164	0
5165	1
5166	1
5167	1
5168	0
5169	0
5170	0
5171	0
5172	0
5173	0
5174	0
5175	1
5176	2
5177	0
5178	0
5179	0
5180	0
5181	0
5182	0
5183	0
5184	1
5185	0
5186	0
5187	0
5188	0
5189	0
5190	0
5191	0
5192	0
5193	0
5194	0
5195	0
5196	0
5197	1
5198	0
5199	1
5200	0
5201	0
5202	0
5203	0
5204	0
5205	1
5206	0
5207	0
5208	1
5209	0
5210	0
5211	0
5212	1
5213	2
5214	1
5215	0
5216	1
5217	1
5218	0
5219	0
5220	0
5221	0
5222	0
5223	0
5224	0
5225	0
5226	1
5227	0
5228	0
5229	0
5230	0
5231	0
5232	0
5233	0
5234	0
5235	0
5236	0
5237	0
5238	1
5239	2
5240	1
5241	2
5242	0
5243	0
5244	1
5245	2
5246	0
5247	0
5248	0
5249	0
5250	0
5251	0
5252	0
5253	0
5254	0
5255	2
5256	1
5257	2
5258	0
5259	0
5260	0
5261	0
5262	1
5263	1
5264	1
5265	0
5266	2
5267	0
5268	0
5269	1
5270	0
5271	0
5272	0
5273	0
5274	0
5275	0
5276	2
5277	0
5278	0
5279	0
5280	0
5281	0
5282	1
5283	0
5284	1
5285	1
5286	0
5287	1
5288	1
5289	0
5290	0
5291	0
5292	1
5293	0
5294	0
5295	0
5296	0
5297	1
5298	1
5299	0
5300	1
5301	0
5302	1
5303	1
5304	0
5305	0
5306	0
5307	0
5308	0
5309	0
5310	0
5311	0
5312	0
5313	0
5314	0
5315	0
5316	0
5317	1
5318	1
5319	0
5320	0
5321	1
5322	1
5323	1
5324	1
5325	1
5326	0
5327	1
5328	1
5329	0
5330	0
5331	0
5332	0
5333	1
5334	2
5335	0
5336	1
5337	1
5338	0
5339	1
5340	0
5341	0
5342	0
5343	0
5344	1
5345	0
5346	0
5347	0
5348	0
5349	1
5350	0
5351	0
5352	0
5353	0
5354	1
5355	1
5356	0
5357	0
5358	0
5359	0
5360	0
5361	0
5362	0
5363	0
5364	0
5365	0
5366	1
5367	0
5368	0
5369	0
5370	1
5371	2
5372	0
5373	1
5374	0
5375	1
5376	0
5377	0
5378	0
5379	0
5380	0
5381	0
5382	0
5383	1
5384	0
5385	0
5386	0
5387	0
5388	1
5389	0
5390	0
5391	0
5392	0
5393	0
5394	0
5395	0
5396	3
5397	1
5398	0
5399	0
5400	0
5401	0
5402	0
5403	0
5404	1
5405	0
5406	0
5407	0
5408	0
5409	0
5410	0
5411	1
5412	0
5413	1
5414	2
5415	0
5416	0
5417	0
5418	0
5419	0
5420	0
5421	0
5422	2
5423	0
5424	0
5425	0
5426	1
5427	0
5428	0
5429	0
5430	0
5431	1
5432	0
5433	0
5434	0
5435	0
5436	0
5437	0
5438	1
5439	0
5440	0
5441	0
5442	1
5443	0
5444	0
5445	1
5446	0
5447	1
5448	0
5449	0
5450	0
5451	1
5452	1
5453	2
5454	1
5455	0
5456	1
5457	0
5458	1
5459	1
5460	1
5461	1
5462	0
5463	0
5464	0
5465	0
5466	0
5467	1
5468	0
5469	0
5470	0
5471	0
5472	0
5473	0
5474	0
5475	1
5476	1
5477	0
5478	0
5479	0
5480	0
5481	0
5482	0
5483	0
5484	0
5485	0
5486	0
5487	0
5488	1
5489	0
5490	0
5491	0
5492	0
5493	1
5494	1
5495	0
5496	1
5497	0
5498	0
5499	1
5500	0
5501	0
5502	0
5503	0
5504	0
5505	1
5506	0
5507	0
5508	1
5509	0
5510	1
5511	0
5512	0
5513	1
5514	0
5515	0
5516	2
5517	0
5518	0
5519	0
5520	0
5521	1
5522	1
5523	1
5524	0
5525	1
5526	0
5527	0
5528	0
5529	1
5530	0
5531	0
5532	0
5533	1
5534	0
5535	2
5536	1
5537	0
5538	0
5539	1
5540	0
5541	1
5542	0
5543	1
5544	0
5545	0
5546	0
5547	0
5548	0
5549	1
5550	0
5551	1
5552	0
5553	0
5554	0
5555	1
5556	0
5557	0
5558	0
5559	0
5560	0
5561	1
5562	0
5563	0
5564	0
5565	0
5566	0
5567	0
5568	0
5569	0
5570	0
5571	1
5572	0
5573	0
5574	0
5575	1
5576	0
5577	0
5578	0
5579	0
5580	0
5581	1
5582	0
5583	0
5584	0
5585	1
5586	0
5587	0
5588	1
5589	0
5590	0
5591	0
5592	2
5593	0
5594	0
5595	3
5596	0
5597	3
5598	1
5599	0
5600	0
5601	0
5602	0
5603	0
5604	0
5605	0
5606	0
5607	0
5608	0
5609	1
5610	0
5611	1
5612	2
5613	1
5614	0
5615	0
5616	1
5617	0
5618	0
5619	1
5620	1
5621	1
5622	1
5623	0
5624	2
5625	0
5626	0
5627	0
5628	0
5629	1
5630	0
5631	0
5632	1
5633	0
5634	0
5635	1
5636	0
5637	0
5638	0
5639	0
5640	0
5641	0
5642	0
5643	1
5644	0
5645	1
5646	0
5647	1
5648	1
5649	0
5650	1
5651	1
5652	0
5653	1
5654	1
5655	0
5656	0
5657	0
5658	1
5659	2
5660	2
5661	0
5662	0
5663	1
5664	1
5665	1
5666	1
5667	0
5668	1
5669	2
5670	0
5671	0
5672	0
5673	0
5674	0
5675	0
5676	0
5677	0
5678	0
5679	1
5680	0
5681	0
5682	0
5683	0
5684	1
5685	2
5686	0
5687	1
5688	0
5689	0
5690	0
5691	0
5692	0
5693	0
5694	3
5695	0
5696	0
5697	0
5698	1
5699	0
5700	0
5701	0
5702	0
5703	1
5704	1
5705	0
5706	0
5707	1
5708	0
5709	0
5710	1
5711	0
5712	0
5713	0
5714	0
5715	1
5716	0
5717	0
5718	0
5719	0
5720	1
5721	1
5722	0
5723	0
5724	1
5725	1
5726	0
5727	0
5728	0
5729	0
5730	1
5731	0
5732	0
5733	0
5734	0
5735	0
5736	1
5737	0
5738	0
5739	0
5740	0
5741	1
5742	0
5743	0
5744	1
5745	0
5746	0
5747	0
5748	0
5749	0
5750	1
5751	3
5752	0
5753	0
5754	0
5755	0
5756	1
5757	0
5758	1
5759	0
5760	1
5761	0
5762	0
5763	0
5764	0
5765	0
5766	1
5767	0
5768	0
5769	0
5770	0
5771	1
5772	0
5773	0
5774	0
5775	1
5776	0
5777	0
5778	0
5779	0
5780	0
5781	1
5782	0
5783	1
5784	0
5785	0
5786	1
5787	0
5788	0
5789	0
5790	2
5791	1
5792	0
5793	0
5794	1
5795	0
5796	0
5797	0
5798	0
5799	1
5800	0
5801	1
5802	0
5803	0
5804	0
5805	0
5806	0
5807	0
5808	0
5809	0
5810	0
5811	0
5812	1
5813	0
5814	0
5815	0
5816	3
5817	0
5818	0
5819	0
5820	0
5821	0
5822	0
5823	1
5824	2
5825	0
5826	0
5827	1
5828	0
5829	0
5830	0
5831	0
5832	0
5833	1
5834	0
5835	0
5836	0
5837	1
5838	0
5839	0
5840	0
5841	0
5842	0
5843	0
5844	0
5845	1
5846	0
5847	1
5848	0
5849	0
5850	1
5851	1
5852	0
5853	0
5854	0
5855	0
5856	1
5857	0
5858	2
5859	0
5860	2
5861	2
5862	1
5863	0
5864	0
5865	0
5866	0
5867	0
5868	0
5869	0
5870	0
5871	0
5872	0
5873	0
5874	0
5875	0
5876	1
5877	0
5878	0
5879	0
5880	1
5881	1
5882	0
5883	1
5884	0
5885	0
5886	1
5887	0
5888	0
5889	0
5890	1
5891	0
5892	0
5893	0
5894	0
5895	0
5896	0
5897	1
5898	1
5899	0
5900	0
5901	0
5902	0
5903	0
5904	1
5905	0
5906	1
5907	0
5908	0
5909	0
5910	1
5911	1
5912	0
5913	0
5914	0
5915	0
5916	0
5917	0
5918	0
5919	1
5920	0
5921	0
5922	0
5923	0
5924	2
5925	0
5926	0
5927	0
5928	0
5929	1
5930	0
5931	0
5932	2
5933	1
5934	0
5935	1
5936	1
5937	0
5938	0
5939	0
5940	0
5941	0
5942	0
5943	0
5944	0
5945	0
5946	0
5947	2
5948	0
5949	0
5950	1
5951	2
5952	0
5953	0
5954	0
5955	1
5956	0
5957	0
5958	0
5959	1
5960	0
5961	0
5962	0
5963	0
5964	0
5965	0
5966	0
5967	0
5968	1
5969	0
5970	0
5971	1
5972	0
5973	1
5974	1
5975	0
5976	0
5977	1
5978	0
5979	0
5980	1
5981	0
5982	0
5983	0
5984	1
5985	0
5986	1
5987	0
5988	0
5989	0
5990	1
5991	0
5992	0
5993	0
5994	0
5995	0
5996	1
5997	1
5998	1
5999	1
6000	0
6001	0
6002	0
6003	0
6004	1
6005	0
6006	0
6007	0
6008	0
6009	2
6010	0
6011	1
6012	0
6013	0
6014	0
6015	0
6016	0
6017	0
6018	0
6019	0
6020	0
6021	0
6022	1
6023	0
6024	1
6025	1
6026	0
6027	0
6028	1
6029	0
6030	1
6031	0
6032	0
6033	0
6034	0
6035	0
6036	0
6037	0
6038	1
6039	0
6040	0
6041	0
6042	0
6043	1
6044	1
6045	0
6046	1
6047	0
6048	0
6049	0
6050	1
6051	1
6052	0
6053	1
6054	0
6055	0
6056	0
6057	2
6058	0
6059	0
6060	0
6061	0
6062	0
6063	0
6064	0
6065	0
6066	0
6067	1
6068	0
6069	1
6070	0
6071	0
6072	0
6073	1
6074	1
6075	0
6076	1
6077	0
6078	0
6079	0
6080	0
6081	0
6082	0
6083	0
6084	1
6085	0
6086	0
6087	0
6088	0
6089	0
6090	1
6091	0
6092	0
6093	0
6094	0
6095	0
6096	0
6097	0
6098	1
6099	0
6100	1
6101	1
6102	0
6103	0
6104	1
6105	0
6106	0
6107	0
6108	0
6109	1
6110	0
6111	0
6112	0
6113	0
6114	0
6115	0
6116	0
6117	0
6118	1
6119	2
6120	1
6121	0
6122	1
6123	0
6124	1
6125	1
6126	0
6127	1
6128	0
6129	0
6130	1
6131	1
6132	0
6133	0
6134	0
6135	0
6136	2
6137	0
6138	1
6139	0
6140	0
6141	1
6142	0
6143	0
6144	0
6145	1
6146	1
6147	1
6148	0
6149	0
6150	0
6151	0
6152	0
6153	0
6154	0
6155	0
6156	1
6157	0
6158	0
6159	0
6160	0
6161	0
6162	0
6163	1
6164	0
6165	0
6166	2
6167	0
6168	0
6169	0
6170	0
6171	0
6172	0
6173	1
6174	0
6175	0
6176	1
6177	0
6178	0
6179	0
6180	0
6181	0
6182	0
6183	1
6184	0
6185	0
6186	0
6187	0
6188	0
6189	0
6190	0
6191	2
6192	1
6193	0
6194	1
6195	0
6196	1
6197	1
6198	0
6199	0
6200	0
6201	0
6202	1
6203	0
6204	0
6205	0
6206	1
6207	0
6208	0
6209	0
6210	0
6211	0
6212	0
6213	0
6214	1
6215	0
6216	0
6217	1
6218	0
6219	0
6220	0
6221	0
6222	0
6223	0
6224	0
6225	0
6226	1
6227	0
6228	1
6229	1
6230	0
6231	0
6232	1
6233	0
6234	0
6235	1
6236	0
6237	0
6238	1
6239	0
6240	0
6241	0
6242	0
6243	0
6244	1
6245	0
6246	0
6247	1
6248	0
6249	0
6250	0
6251	0
6252	0
6253	1
6254	0
6255	0
6256	0
6257	0
6258	0
6259	0
6260	1
6261	0
6262	0
6263	0
6264	0
6265	1
6266	2
6267	0
6268	1
6269	0
6270	1
6271	0
6272	0
6273	1
6274	0
6275	0
6276	0
6277	0
6278	0
6279	0
6280	1
6281	0
6282	0
6283	0
6284	0
6285	0
6286	0
6287	1
6288	0
6289	0
6290	1
6291	0
6292	1
6293	0
6294	0
6295	0
6296	0
6297	0
6298	0
6299	0
6300	1
6301	0
6302	2
6303	0
6304	0
6305	1
6306	0
6307	0
6308	0
6309	0
6310	1
6311	1
6312	0
6313	0
6314	1
6315	0
6316	0
6317	0
6318	0
6319	0
6320	0
6321	0
6322	1
6323	1
6324	0
6325	0
6326	0
6327	1
6328	1
6329	1
6330	0
6331	0
6332	1
6333	0
6334	0
6335	0
6336	1
6337	0
6338	1
6339	0
6340	0
6341	0
6342	0
6343	0
6344	0
6345	1
6346	0
6347	1
6348	0
6349	0
6350	0
6351	0
6352	0
6353	0
6354	0
6355	1
6356	2
6357	0
6358	1
6359	0
6360	0
6361	0
6362	0
6363	0
6364	0
6365	0
6366	0
6367	0
6368	0
6369	1
6370	0
6371	0
6372	0
6373	0
6374	0
6375	0
6376	0
6377	0
6378	1
6379	0
6380	1
6381	0
6382	0
6383	1
6384	0
6385	0
6386	1
6387	1
6388	1
6389	2
6390	1
6391	0
6392	0
6393	0
6394	1
6395	0
6396	0
6397	0
6398	1
6399	0
6400	0
6401	2
6402	0
6403	0
6404	0
6405	0
6406	0
6407	0
6408	0
6409	0
6410	1
6411	2
6412	0
6413	0
6414	1
6415	2
6416	0
6417	0
6418	0
6419	1
6420	0
6421	0
6422	0
6423	0
6424	0
6425	1
6426	0
6427	0
6428	0
6429	0
6430	1
6431	0
6432	1
6433	0
6434	0
6435	0
6436	0
6437	0
6438	0
6439	0
6440	0
6441	1
6442	0
6443	0
6444	0
6445	0
6446	0
6447	0
6448	0
6449	0
6450	1
6451	1
6452	0
6453	1
6454	0
6455	1
6456	0
6457	0
6458	1
6459	0
6460	1
6461	0
6462	0
6463	0
6464	0
6465	0
6466	1
6467	0
6468	1
6469	0
6470	0
6471	0
6472	0
6473	0
6474	0
6475	0
6476	0
6477	0
6478	0
6479	0
6480	0
6481	0
6482	1
6483	0
6484	0
6485	0
6486	1
6487	0
6488	1
6489	0
6490	0
6491	1
6492	0
6493	1
6494	0
6495	0
6496	0
6497	0
6498	0
6499	0
6500	2
6501	0
6502	1
6503	0
6504	0
6505	0
6506	1
6507	0
6508	0
6509	0
6510	0
6511	0
6512	0
6513	1
6514	0
6515	0
6516	0
6517	1
6518	0
6519	0
6520	0
6521	0
6522	2
6523	1
6524	0
6525	0
6526	0
6527	0
6528	0
6529	0
6530	0
6531	1
6532	0
6533	0
6534	0
6535	1
6536	0
6537	1
6538	1
6539	0
6540	0
6541	0
6542	0
6543	0
6544	0
6545	0
6546	0
6547	0
6548	0
6549	0
6550	0
6551	0
6552	0
6553	0
6554	0
6555	0
6556	0
6557	0
6558	0
6559	0
6560	1
6561	1
6562	0
6563	1
6564	0
6565	0
6566	0
6567	0
6568	0
6569	1
6570	2
6571	1
6572	0
6573	1
6574	0
6575	1
6576	0
6577	0
6578	0
6579	0
6580	0
6581	1
6582	0
6583	2
6584	0
6585	0
6586	0
6587	0
6588	1
6589	0
6590	1
6591	1
6592	1
6593	0
6594	0
6595	0
6596	1
6597	0
6598	0
6599	0
6600	0
6601	0
6602	0
6603	0
6604	0
6605	0
6606	0
6607	1
6608	0
6609	0
6610	0
6611	0
6612	1
6613	0
6614	0
6615	1
6616	1
6617	0
6618	0
6619	0
6620	0
6621	0
6622	0
6623	0
6624	1
6625	1
6626	0
6627	0
6628	0
6629	0
6630	0
6631	0
6632	0
6633	1
6634	0
6635	0
6636	0
6637	0
6638	0
6639	2
6640	0
6641	0
6642	0
6643	0
6644	0
6645	0
6646	0
6647	0
6648	0
6649	0
6650	1
6651	0
6652	0
6653	0
6654	0
6655	0
6656	0
6657	0
6658	0
6659	0
6660	0
6661	0
6662	1
6663	0
6664	0
6665	0
6666	0
6667	0
6668	0
6669	0
6670	1
6671	0
6672	1
6673	0
6674	0
6675	0
6676	0
6677	0
6678	0
6679	1
6680	0
6681	0
6682	0
6683	2
6684	0
6685	0
6686	0
6687	0
6688	0
6689	0
6690	1
6691	0
6692	1
6693	1
6694	0
6695	0
6696	1
6697	2
6698	0
6699	0
6700	0
6701	0
6702	0
6703	0
6704	0
6705	0
6706	1
6707	0
6708	0
6709	1
6710	0
6711	1
6712	1
6713	0
6714	0
6715	1
6716	0
6717	0
6718	1
6719	0
6720	0
6721	0
6722	1
6723	1
6724	1
6725	0
6726	0
6727	1
6728	0
6729	0
6730	0
6731	0
6732	0
6733	0
6734	0
6735	0
6736	0
6737	0
6738	1
6739	0
6740	0
6741	0
6742	0
6743	0
6744	0
6745	1
6746	0
6747	0
6748	0
6749	0
6750	1
6751	1
6752	0
6753	0
6754	1
6755	0
6756	0
6757	0
6758	0
6759	0
6760	0
6761	0
6762	0
6763	1
6764	0
6765	0
6766	1
6767	0
6768	0
6769	0
6770	0
6771	0
6772	0
6773	0
6774	0
6775	1
6776	0
6777	0
6778	0
6779	1
6780	0
6781	0
6782	0
6783	0
6784	1
6785	0
6786	0
6787	0
6788	0
6789	0
6790	0
6791	0
6792	0
6793	2
6794	0
6795	0
6796	1
6797	1
6798	0
6799	1
6800	0
6801	0
6802	0
6803	0
6804	0
6805	0
6806	0
6807	2
6808	1
6809	0
6810	0
6811	0
6812	1
6813	0
6814	1
6815	0
6816	0
6817	0
6818	0
6819	0
6820	0
6821	0
6822	0
6823	0
6824	0
6825	0
6826	2
6827	0
6828	2
6829	1
6830	1
6831	0
6832	0
6833	0
6834	0
6835	0
6836	0
6837	0
6838	0
6839	0
6840	1
6841	0
6842	0
6843	0
6844	0
6845	1
6846	1
6847	0
6848	0
6849	0
6850	0
6851	0
6852	0
6853	0
6854	0
6855	2
6856	0
6857	2
6858	0
6859	0
6860	0
6861	0
6862	0
6863	0
6864	0
6865	0
6866	0
6867	0
6868	0
6869	0
6870	0
6871	1
6872	0
6873	0
6874	0
6875	1
6876	0
6877	0
6878	1
6879	0
6880	0
6881	0
6882	1
6883	0
6884	0
6885	0
6886	0
6887	1
6888	0
6889	0
6890	0
6891	0
6892	1
6893	0
6894	0
6895	1
6896	1
6897	0
6898	0
6899	0
6900	0
6901	0
6902	0
6903	0
6904	0
6905	1
6906	0
6907	0
6908	0
6909	1
6910	0
6911	0
6912	0
6913	1
6914	0
6915	1
6916	0
6917	1
6918	1
6919	0
6920	0
6921	0
6922	0
6923	0
6924	1
6925	0
6926	0
6927	0
6928	0
6929	0
6930	0
6931	0
6932	0
6933	0
6934	0
6935	0
6936	0
6937	0
6938	0
6939	0
6940	1
6941	0
6942	0
6943	0
6944	2
6945	0
6946	0
6947	0
6948	0
6949	0
6950	1
6951	0
6952	0
6953	0
6954	0
6955	0
6956	0
6957	0
6958	0
6959	0
6960	1
6961	0
6962	0
6963	0
6964	0
6965	0
6966	0
6967	0
6968	0
6969	0
6970	1
6971	1
6972	0
6973	0
6974	0
6975	0
6976	0
6977	0
6978	0
6979	0
6980	0
6981	0
6982	0
6983	1
6984	1
6985	0
6986	0
6987	0
6988	1
6989	0
6990	0
6991	0
6992	0
6993	0
6994	0
6995	0
6996	0
6997	0
6998	1
6999	1
7000	1
7001	0
7002	0
7003	0
7004	0
7005	0
7006	0
7007	0
7008	0
7009	1
7010	1
7011	0
7012	0
7013	0
7014	0
7015	0
7016	0
7017	0
7018	0
7019	0
7020	0
7021	0
7022	0
7023	0
7024	0
7025	0
7026	0
7027	0
7028	0
7029	2
7030	0
7031	0
7032	1
7033	0
7034	0
7035	0
7036	0
7037	0
7038	0
7039	0
7040	0
7041	0
7042	0
7043	1
7044	0
7045	0
7046	0
7047	0
7048	0
7049	1
7050	0
7051	0
7052	0
7053	2
7054	0
7055	0
7056	0
7057	0
7058	0
7059	1
7060	0
7061	0
7062	0
7063	0
7064	0
7065	0
7066	0
7067	1
7068	0
7069	0
7070	0
7071	1
7072	2
7073	0
7074	0
7075	1
7076	0
7077	0
7078	0
7079	0
7080	1
7081	1
7082	0
7083	0
7084	0
7085	0
7086	0
7087	1
7088	1
7089	0
7090	1
7091	0
7092	0
7093	1
7094	0
7095	1
7096	1
7097	0
7098	1
7099	0
7100	0
7101	0
7102	0
7103	0
7104	1
7105	0
7106	0
7107	1
7108	0
7109	1
7110	2
7111	1
7112	1
7113	0
7114	0
7115	0
7116	0
7117	1
7118	1
7119	1
7120	0
7121	1
7122	0
7123	1
7124	0
7125	0
7126	0
7127	0
7128	0
7129	0
7130	0
7131	0
7132	0
7133	1
7134	0
7135	0
7136	0
7137	0
7138	0
7139	0
7140	0
7141	1
7142	0
7143	0
7144	0
7145	0
7146	1
7147	0
7148	0
7149	0
7150	0
7151	0
7152	2
7153	0
7154	0
7155	0
7156	0
7157	1
7158	0
7159	2
7160	0
7161	1
7162	1
7163	1
7164	1
7165	0
7166	0
7167	0
7168	0
7169	0
7170	0
7171	1
7172	0
7173	0
7174	0
7175	0
7176	0
7177	0
7178	0
7179	0
7180	0
7181	0
7182	0
7183	0
7184	1
7185	0
7186	0
7187	0
7188	0
7189	1
7190	1
7191	0
7192	1
7193	0
7194	0
7195	0
7196	0
7197	0
7198	1
7199	0
7200	0
7201	1
7202	0
7203	0
7204	0
7205	0
7206	0
7207	0
7208	1
7209	3
7210	0
7211	0
7212	0
7213	0
7214	0
7215	0
7216	0
7217	1
7218	0
7219	0
7220	0
7221	0
7222	0
7223	0
7224	0
7225	0
7226	0
7227	0
7228	0
7229	0
7230	0
7231	1
7232	0
7233	1
7234	0
7235	0
7236	0
7237	0
7238	0
7239	0
7240	1
7241	0
7242	0
7243	0
7244	1
7245	0
7246	0
7247	0
7248	0
7249	0
7250	0
7251	0
7252	0
7253	0
7254	0
7255	1
7256	1
7257	0
7258	3
7259	0
7260	0
7261	0
7262	0
7263	0
7264	0
7265	0
7266	0
7267	1
7268	0
7269	1
7270	0
7271	1
7272	0
7273	1
7274	0
7275	0
7276	0
7277	0
7278	0
7279	0
7280	0
7281	0
7282	1
7283	0
7284	1
7285	0
7286	0
7287	1
7288	0
7289	1
7290	0
7291	0
7292	1
7293	1
7294	0
7295	0
7296	0
7297	0
7298	0
7299	1
7300	0
7301	2
7302	0
7303	0
7304	1
7305	4
7306	0
7307	0
7308	1
7309	0
7310	0
7311	0
7312	1
7313	2
7314	0
7315	0
7316	1
7317	0
7318	0
7319	0
7320	0
7321	0
7322	1
7323	1
7324	1
7325	0
7326	1
7327	0
7328	0
7329	1
7330	0
7331	0
7332	0
7333	1
7334	0
7335	0
7336	1
7337	0
7338	0
7339	0
7340	0
7341	0
7342	0
7343	0
7344	0
7345	0
7346	0
7347	0
7348	1
7349	0
7350	1
7351	0
7352	0
7353	0
7354	0
7355	0
7356	0
7357	0
7358	0
7359	0
7360	1
7361	0
7362	0
7363	0
7364	0
7365	0
7366	0
7367	0
7368	1
7369	0
7370	0
7371	1
7372	1
7373	0
7374	0
7375	0
7376	1
7377	1
7378	0
7379	0
7380	0
7381	1
7382	0
7383	0
7384	0
7385	0
7386	0
7387	0
7388	0
7389	0
7390	1
7391	1
7392	0
7393	0
7394	0
7395	0
7396	1
7397	0
7398	0
7399	1
7400	0
7401	0
7402	0
7403	0
7404	0
7405	0
7406	0
7407	0
7408	0
7409	1
7410	0
7411	0
7412	0
7413	1
7414	0
7415	0
7416	0
7417	1
7418	0
7419	1
7420	0
7421	0
7422	0
7423	0
7424	1
7425	0
7426	0
7427	0
7428	1
7429	0
7430	1
7431	1
7432	0
7433	0
7434	0
7435	0
7436	0
7437	0
7438	0
7439	0
7440	0
7441	0
7442	1
7443	0
7444	0
7445	2
7446	0
7447	0
7448	0
7449	1
7450	0
7451	0
7452	0
7453	1
7454	0
7455	1
7456	1
7457	1
7458	0
7459	1
7460	0
7461	0
7462	0
7463	0
7464	1
7465	1
7466	0
7467	1
7468	0
7469	0
7470	0
7471	0
7472	0
7473	0
7474	1
7475	0
7476	1
7477	1
7478	0
7479	0
7480	0
7481	0
7482	0
7483	0
7484	0
7485	0
7486	0
7487	1
7488	0
7489	0
7490	0
7491	0
7492	1
7493	0
7494	1
7495	2
7496	1
7497	1
7498	0
7499	0
7500	0
7501	0
7502	0
7503	0
7504	1
7505	1
7506	0
7507	0
7508	0
7509	1
7510	0
7511	0
7512	1
7513	0
7514	1
7515	0
7516	1
7517	0
7518	0
7519	0
7520	0
7521	0
7522	0
7523	1
7524	0
7525	1
7526	1
7527	1
7528	1
7529	0
7530	0
7531	0
7532	0
7533	1
7534	0
7535	0
7536	1
7537	0
7538	0
7539	0
7540	1
7541	0
7542	1
7543	0
7544	0
7545	0
7546	0
7547	0
7548	1
7549	0
7550	0
7551	2
7552	0
7553	0
7554	1
7555	0
7556	1
7557	0
7558	0
7559	1
7560	1
7561	0
7562	0
7563	0
7564	1
7565	0
7566	0
7567	1
7568	0
7569	0
7570	1
7571	0
7572	0
7573	1
7574	0
7575	1
7576	0
7577	0
7578	0
7579	0
7580	1
7581	0
7582	0
7583	1
7584	0
7585	0
7586	0
7587	1
7588	0
7589	1
7590	0
7591	0
7592	0
7593	0
7594	0
7595	0
7596	0
7597	1
7598	0
7599	1
7600	0
7601	0
7602	0
7603	2
7604	1
7605	0
7606	0
7607	0
7608	0
7609	0
7610	0
7611	1
7612	0
7613	1
7614	1
7615	0
7616	0
7617	0
7618	0
7619	1
7620	1
7621	0
7622	2
7623	0
7624	0
7625	0
7626	0
7627	0
7628	1
7629	0
7630	0
7631	1
7632	0
7633	0
7634	1
7635	0
7636	0
7637	0
7638	0
7639	0
7640	0
7641	0
7642	0
7643	0
7644	0
7645	2
7646	0
7647	0
7648	0
7649	0
7650	1
7651	0
7652	2
7653	0
7654	1
7655	1
7656	0
7657	0
7658	0
7659	0
7660	0
7661	0
7662	1
7663	0
7664	1
7665	0
7666	0
7667	0
7668	0
7669	0
7670	1
7671	1
7672	0
7673	0
7674	1
7675	0
7676	0
7677	1
7678	0
7679	0
7680	0
7681	0
7682	0
7683	0
7684	1
7685	0
7686	0
7687	0
7688	0
7689	0
7690	1
7691	0
7692	0
7693	0
7694	0
7695	0
7696	1
7697	1
7698	0
7699	3
7700	0
7701	0
7702	0
7703	0
7704	2
7705	1
7706	0
7707	0
7708	0
7709	1
7710	0
7711	0
7712	0
7713	0
7714	0
7715	0
7716	0
7717	0
7718	0
7719	0
7720	0
7721	2
7722	1
7723	0
7724	0
7725	0
7726	0
7727	2
7728	0
7729	0
7730	2
7731	0
7732	0
7733	1
7734	0
7735	2
7736	1
7737	2
7738	0
7739	0
7740	0
7741	0
7742	0
7743	0
7744	0
7745	1
7746	1
7747	1
7748	1
7749	1
7750	1
7751	0
7752	1
7753	0
7754	0
7755	0
7756	0
7757	1
7758	0
7759	0
7760	0
7761	3
7762	0
7763	0
7764	0
7765	0
7766	0
7767	0
7768	0
7769	0
7770	0
7771	0
7772	0
7773	1
7774	0
7775	0
7776	0
7777	0
7778	0
7779	0
7780	0
7781	1
7782	0
7783	1
7784	0
7785	0
7786	0
7787	0
7788	0
7789	1
7790	0
7791	0
7792	0
7793	1
7794	0
7795	0
7796	0
7797	0
7798	0
7799	1
7800	0
7801	1
7802	0
7803	0
7804	0
7805	0
7806	1
7807	0
7808	0
7809	0
7810	0
7811	0
7812	0
7813	0
7814	0
7815	1
7816	0
7817	0
7818	0
7819	1
7820	0
7821	1
7822	0
7823	0
7824	0
7825	0
7826	0
7827	0
7828	0
7829	0
7830	0
7831	1
7832	0
7833	1
7834	0
7835	0
7836	0
7837	0
7838	0
7839	1
7840	0
7841	1
7842	0
7843	0
7844	0
7845	0
7846	1
7847	0
7848	0
7849	0
7850	1
7851	0
7852	0
7853	0
7854	1
7855	0
7856	1
7857	0
7858	0
7859	3
7860	0
7861	2
7862	0
7863	0
7864	0
7865	0
7866	0
7867	0
7868	1
7869	0
7870	0
7871	1
7872	0
7873	0
7874	1
7875	0
7876	1
7877	1
7878	0
7879	0
7880	0
7881	0
7882	0
7883	0
7884	0
7885	0
7886	0
7887	0
7888	0
7889	0
7890	0
7891	0
7892	0
7893	0
7894	0
7895	0
7896	1
7897	1
7898	1
7899	0
7900	0
7901	0
7902	0
7903	0
7904	0
7905	0
7906	2
7907	0
7908	0
7909	0
7910	0
7911	0
7912	0
7913	1
7914	0
7915	0
7916	0
7917	0
7918	1
7919	0
7920	1
7921	0
7922	0
7923	0
7924	0
7925	0
7926	1
7927	0
7928	0
7929	0
7930	1
7931	0
7932	1
7933	0
7934	1
7935	0
7936	0
7937	0
7938	0
7939	0
7940	0
7941	0
7942	1
7943	0
7944	0
7945	0
7946	0
7947	1
7948	0
7949	0
7950	0
7951	0
7952	1
7953	0
7954	0
7955	0
7956	0
7957	0
7958	0
7959	1
7960	0
7961	0
7962	1
7963	1
7964	0
7965	0
7966	0
7967	0
7968	0
7969	0
7970	0
7971	2
7972	0
7973	0
7974	0
7975	1
7976	0
7977	1
7978	0
7979	1
7980	1
7981	0
7982	1
7983	0
7984	0
7985	0
7986	0
7987	1
7988	0
7989	0
7990	0
7991	0
7992	0
7993	0
7994	0
7995	0
7996	0
7997	0
7998	1
7999	0
8000	0
8001	2
8002	1
8003	0
8004	1
8005	1
8006	0
8007	0
8008	0
8009	0
8010	0
8011	1
8012	0
8013	0
8014	1
8015	0
8016	1
8017	0
8018	2
8019	1
8020	0
8021	0
8022	0
8023	0
8024	1
8025	0
8026	0
8027	0
8028	0
8029	0
8030	0
8031	0
8032	0
8033	0
8034	0
8035	0
8036	0
8037	0
8038	0
8039	1
8040	1
8041	0
8042	0
8043	0
8044	0
8045	0
8046	0
8047	0
8048	0
8049	0
8050	1
8051	0
8052	0
8053	0
8054	0
8055	1
8056	0
8057	1
8058	0
8059	0
8060	1
8061	0
8062	0
8063	1
8064	0
8065	0
8066	0
8067	0
8068	0
8069	0
8070	0
8071	0
8072	0
8073	0
8074	0
8075	0
8076	0
8077	0
8078	0
8079	0
8080	0
8081	0
8082	0
8083	0
8084	0
8085	0
8086	0
8087	0
8088	0
8089	0
8090	0
8091	0
8092	0
8093	0
8094	0
8095	0
8096	0
8097	0
8098	0
8099	0
8100	0
8101	0
8102	0
8103	0
8104	0
8105	0
8106	0
8107	0
8108	0
8109	0
8110	0
8111	0
8112	0
8113	0
8114	0
8115	0
8116	0
8117	0
8118	0
8119	0
8120	0
8121	0
8122	0
8123	0
8124	0
8125	0
8126	0
8127	0
8128	0
8129	0
8130	0
8131	0
8132	0
8133	0
8134	0
8135	0
8136	0
8137	0
8138	0
8139	0
8140	0
8141	0
8142	0
8143	0
8144	0
8145	0
8146	0
8147	0
8148	0
8149	0
8150	0
8151	0
8152	0
8153	0
8154	0
8155	0
8156	0
8157	0
8158	0
8159	0
8160	0
8161	0
8162	0
8163	0
8164	0
8165	0
8166	0
8167	0
8168	0
8169	0
8170	0
8171	0
8172	0
8173	0
8174	0
8175	0
8176	0
8177	0
8178	0
8179	0
8180	0
8181	0
8182	0
8183	0
8184	0
8185	0
8186	0
8187	0
8188	0
8189	0
8190	0
8191	0
