-2	86400
-1	88279.82
0	0
1	0
2	0
3	0
4	0
5	0
6	0
7	0
8	0
9	0
10	0
11	0
12	0
13	0
14	0
15	0
16	0
17	0
18	0
19	0
20	0
21	0
22	0
23	0
24	0
25	0
26	0
27	0
28	0
29	0
30	0
31	0
32	0
33	0
34	0
35	0
36	0
37	0
38	0
39	0
40	0
41	0
42	0
43	0
44	0
45	0
46	3
47	1
48	0
49	19
50	111
51	137
52	181
53	177
54	232
55	251
56	261
57	248
58	252
59	277
60	242
61	213
62	232
63	211
64	253
65	255
66	258
67	244
68	240
69	235
70	270
71	261
72	250
73	273
74	284
75	258
76	267
77	253
78	266
79	264
80	277
81	259
82	234
83	241
84	254
85	254
86	243
87	256
88	256
89	243
90	229
91	227
92	218
93	251
94	238
95	239
96	275
97	249
98	246
99	236
100	249
101	258
102	302
103	261
104	284
105	279
106	283
107	261
108	285
109	284
110	302
111	268
112	292
113	297
114	316
115	295
116	313
117	356
118	302
119	324
120	310
121	340
122	318
123	380
124	326
125	328
126	360
127	377
128	384
129	332
130	370
131	331
132	394
133	378
134	389
135	436
136	403
137	376
138	412
139	381
140	386
141	391
142	421
143	398
144	394
145	384
146	385
147	387
148	431
149	397
150	401
151	446
152	419
153	426
154	437
155	484
156	455
157	433
158	434
159	425
160	417
161	458
162	436
163	453
164	414
165	449
166	442
167	439
168	438
169	436
170	471
171	450
172	456
173	442
174	454
175	437
176	465
177	498
178	465
179	471
180	456
181	474
182	456
183	444
184	491
185	445
186	456
187	438
188	500
189	437
190	458
191	440
192	489
193	430
194	449
195	415
196	466
197	444
198	472
199	460
200	454
201	428
202	452
203	467
204	442
205	442
206	441
207	438
208	465
209	523
210	436
211	441
212	419
213	426
214	457
215	454
216	456
217	447
218	464
219	451
220	481
221	453
222	467
223	425
224	452
225	461
226	423
227	410
228	405
229	428
230	421
231	438
232	443
233	388
234	408
235	401
236	446
237	427
238	414
239	422
240	443
241	469
242	400
243	425
244	401
245	453
246	408
247	435
248	394
249	441
250	388
251	400
252	386
253	402
254	368
255	409
256	376
257	365
258	409
259	413
260	387
261	407
262	363
263	400
264	405
265	362
266	384
267	402
268	379
269	382
270	395
271	365
272	343
273	400
274	356
275	339
276	349
277	333
278	342
279	361
280	347
281	362
282	356
283	329
284	327
285	359
286	344
287	361
288	339
289	310
290	322
291	373
292	328
293	354
294	341
295	345
296	338
297	315
298	364
299	307
300	350
301	330
302	328
303	331
304	336
305	314
306	352
307	336
308	325
309	343
310	295
311	328
312	312
313	333
314	337
315	315
316	288
317	315
318	298
319	322
320	316
321	298
322	320
323	300
324	324
325	282
326	288
327	312
328	287
329	289
330	296
331	291
332	305
333	284
334	280
335	291
336	287
337	254
338	310
339	276
340	274
341	292
342	272
343	277
344	288
345	274
346	290
347	287
348	289
349	293
350	283
351	282
352	265
353	253
354	264
355	254
356	292
357	278
358	252
359	284
360	247
361	261
362	245
363	250
364	275
365	262
366	272
367	243
368	278
369	253
370	249
371	235
372	234
373	234
374	271
375	252
376	263
377	239
378	218
379	220
380	227
381	255
382	253
383	228
384	222
385	254
386	226
387	251
388	257
389	261
390	254
391	228
392	247
393	214
394	230
395	198
396	236
397	227
398	219
399	243
400	225
401	236
402	229
403	234
404	215
405	244
406	244
407	227
408	199
409	203
410	217
411	235
412	223
413	227
414	214
415	206
416	207
417	217
418	227
419	248
420	221
421	213
422	228
423	233
424	214
425	226
426	213
427	193
428	178
429	206
430	219
431	210
432	186
433	207
434	203
435	214
436	204
437	208
438	208
439	207
440	179
441	196
442	180
443	214
444	200
445	200
446	178
447	225
448	183
449	183
450	193
451	207
452	186
453	179
454	189
455	191
456	191
457	194
458	202
459	196
460	185
461	197
462	186
463	182
464	195
465	180
466	178
467	196
468	170
469	178
470	178
471	189
472	172
473	182
474	172
475	173
476	174
477	207
478	219
479	219
480	188
481	191
482	179
483	176
484	183
485	178
486	178
487	160
488	181
489	170
490	203
491	179
492	176
493	208
494	159
495	170
496	161
497	173
498	156
499	178
500	175
501	154
502	208
503	195
504	172
505	179
506	164
507	153
508	196
509	161
510	165
511	156
512	164
513	164
514	172
515	152
516	168
517	180
518	177
519	176
520	166
521	173
522	161
523	161
524	130
525	171
526	186
527	136
528	160
529	165
530	166
531	146
532	180
533	168
534	161
535	167
536	161
537	168
538	167
539	155
540	143
541	178
542	147
543	151
544	136
545	158
546	164
547	162
548	152
549	157
550	154
551	169
552	174
553	153
554	149
555	177
556	161
557	173
558	143
559	161
560	156
561	164
562	212
563	223
564	279
565	301
566	320
567	320
568	243
569	194
570	188
571	176
572	165
573	139
574	160
575	136
576	147
577	129
578	160
579	127
580	135
581	133
582	116
583	135
584	147
585	142
586	137
587	121
588	133
589	138
590	144
591	149
592	143
593	131
594	134
595	142
596	131
597	143
598	125
599	147
600	148
601	149
602	121
603	133
604	118
605	138
606	133
607	137
608	149
609	144
610	118
611	143
612	132
613	132
614	130
615	151
616	133
617	123
618	146
619	119
620	131
621	131
622	141
623	130
624	129
625	140
626	136
627	142
628	128
629	131
630	125
631	122
632	151
633	124
634	120
635	131
636	120
637	144
638	117
639	151
640	141
641	149
642	141
643	146
644	153
645	163
646	174
647	138
648	128
649	96
650	118
651	115
652	112
653	107
654	104
655	149
656	121
657	137
658	113
659	139
660	120
661	145
662	135
663	134
664	121
665	145
666	132
667	123
668	143
669	136
670	132
671	145
672	132
673	174
674	197
675	203
676	181
677	142
678	107
679	122
680	117
681	129
682	107
683	109
684	104
685	133
686	129
687	126
688	116
689	116
690	120
691	101
692	117
693	98
694	113
695	116
696	104
697	106
698	117
699	117
700	99
701	93
702	98
703	104
704	108
705	105
706	132
707	106
708	101
709	94
710	112
711	98
712	120
713	85
714	99
715	97
716	124
717	114
718	106
719	111
720	91
721	100
722	97
723	112
724	116
725	100
726	105
727	135
728	106
729	119
730	91
731	119
732	96
733	110
734	107
735	101
736	114
737	82
738	90
739	117
740	112
741	115
742	116
743	105
744	121
745	112
746	100
747	108
748	92
749	118
750	102
751	93
752	100
753	93
754	100
755	100
756	98
757	89
758	92
759	99
760	98
761	98
762	98
763	111
764	120
765	105
766	100
767	96
768	113
769	135
770	108
771	96
772	115
773	117
774	118
775	107
776	108
777	92
778	93
779	112
780	106
781	102
782	96
783	124
784	94
785	79
786	106
787	104
788	91
789	93
790	84
791	106
792	83
793	89
794	88
795	87
796	106
797	95
798	106
799	94
800	102
801	104
802	91
803	102
804	112
805	128
806	122
807	107
808	98
809	82
810	112
811	76
812	88
813	118
814	99
815	95
816	95
817	93
818	82
819	91
820	89
821	99
822	98
823	90
824	92
825	92
826	100
827	104
828	89
829	90
830	76
831	88
832	71
833	76
834	95
835	97
836	80
837	81
838	76
839	75
840	81
841	97
842	106
843	82
844	95
845	87
846	97
847	107
848	96
849	96
850	95
851	102
852	104
853	94
854	76
855	92
856	71
857	90
858	87
859	73
860	92
861	92
862	101
863	95
864	92
865	97
866	78
867	90
868	100
869	78
870	67
871	93
872	89
873	78
874	99
875	92
876	86
877	90
878	106
879	80
880	91
881	91
882	86
883	64
884	78
885	79
886	92
887	82
888	86
889	62
890	88
891	90
892	84
893	79
894	90
895	69
896	86
897	76
898	58
899	58
900	88
901	80
902	75
903	86
904	79
905	75
906	82
907	85
908	81
909	68
910	83
911	90
912	83
913	74
914	77
915	84
916	70
917	84
918	73
919	87
920	96
921	77
922	82
923	93
924	77
925	93
926	91
927	87
928	82
929	67
930	80
931	79
932	93
933	91
934	82
935	79
936	85
937	91
938	75
939	79
940	78
941	82
942	64
943	65
944	78
945	76
946	77
947	67
948	74
949	65
950	101
951	84
952	84
953	91
954	77
955	63
956	78
957	82
958	69
959	59
960	66
961	62
962	76
963	78
964	86
965	56
966	72
967	72
968	76
969	65
970	78
971	70
972	76
973	82
974	73
975	74
976	68
977	77
978	75
979	69
980	89
981	79
982	76
983	66
984	76
985	80
986	70
987	76
988	67
989	78
990	81
991	57
992	73
993	75
994	68
995	87
996	83
997	80
998	83
999	65
1000	84
1001	70
1002	82
1003	67
1004	72
1005	78
1006	100
1007	157
1008	168
1009	129
1010	106
1011	94
1012	64
1013	70
1014	58
1015	73
1016	75
1017	73
1018	67
1019	62
1020	55
1021	68
1022	78
1023	69
1024	71
1025	71
1026	78
1027	56
1028	74
1029	76
1030	62
1031	88
1032	85
1033	89
1034	71
1035	76
1036	67
1037	66
1038	67
1039	68
1040	64
1041	57
1042	62
1043	51
1044	56
1045	57
1046	51
1047	74
1048	78
1049	56
1050	59
1051	60
1052	63
1053	70
1054	65
1055	71
1056	63
1057	53
1058	55
1059	64
1060	63
1061	65
1062	70
1063	60
1064	78
1065	92
1066	96
1067	79
1068	79
1069	86
1070	104
1071	115
1072	119
1073	90
1074	81
1075	77
1076	67
1077	61
1078	50
1079	56
1080	54
1081	64
1082	60
1083	62
1084	66
1085	55
1086	62
1087	69
1088	51
1089	61
1090	70
1091	55
1092	66
1093	62
1094	62
1095	62
1096	48
1097	63
1098	55
1099	62
1100	55
1101	59
1102	63
1103	59
1104	62
1105	65
1106	60
1107	60
1108	62
1109	48
1110	67
1111	65
1112	64
1113	59
1114	62
1115	53
1116	55
1117	69
1118	56
1119	66
1120	65
1121	66
1122	59
1123	60
1124	58
1125	67
1126	69
1127	73
1128	54
1129	75
1130	56
1131	57
1132	53
1133	69
1134	75
1135	56
1136	63
1137	47
1138	60
1139	65
1140	51
1141	60
1142	53
1143	56
1144	78
1145	50
1146	52
1147	64
1148	60
1149	66
1150	65
1151	64
1152	69
1153	59
1154	79
1155	63
1156	51
1157	62
1158	59
1159	54
1160	67
1161	51
1162	63
1163	59
1164	53
1165	59
1166	79
1167	48
1168	59
1169	60
1170	61
1171	53
1172	49
1173	64
1174	69
1175	53
1176	75
1177	59
1178	57
1179	62
1180	50
1181	57
1182	58
1183	51
1184	58
1185	66
1186	53
1187	56
1188	57
1189	56
1190	50
1191	53
1192	66
1193	67
1194	69
1195	50
1196	62
1197	69
1198	48
1199	54
1200	59
1201	51
1202	58
1203	60
1204	77
1205	58
1206	60
1207	50
1208	66
1209	63
1210	50
1211	56
1212	62
1213	45
1214	42
1215	56
1216	47
1217	52
1218	70
1219	65
1220	59
1221	60
1222	59
1223	60
1224	52
1225	64
1226	59
1227	63
1228	59
1229	70
1230	58
1231	64
1232	59
1233	69
1234	60
1235	58
1236	73
1237	81
1238	100
1239	103
1240	99
1241	69
1242	54
1243	56
1244	54
1245	59
1246	67
1247	43
1248	46
1249	56
1250	46
1251	48
1252	51
1253	50
1254	55
1255	56
1256	50
1257	46
1258	47
1259	50
1260	51
1261	64
1262	53
1263	49
1264	47
1265	54
1266	47
1267	68
1268	60
1269	42
1270	57
1271	51
1272	67
1273	60
1274	61
1275	66
1276	59
1277	55
1278	55
1279	65
1280	63
1281	50
1282	40
1283	60
1284	45
1285	41
1286	60
1287	62
1288	46
1289	60
1290	46
1291	64
1292	57
1293	61
1294	50
1295	69
1296	69
1297	54
1298	50
1299	60
1300	49
1301	54
1302	53
1303	52
1304	49
1305	57
1306	50
1307	44
1308	46
1309	61
1310	42
1311	55
1312	56
1313	34
1314	60
1315	56
1316	53
1317	54
1318	54
1319	66
1320	49
1321	44
1322	51
1323	42
1324	68
1325	55
1326	63
1327	41
1328	65
1329	53
1330	50
1331	61
1332	50
1333	55
1334	60
1335	62
1336	54
1337	54
1338	51
1339	53
1340	52
1341	46
1342	57
1343	52
1344	44
1345	56
1346	56
1347	51
1348	47
1349	56
1350	68
1351	53
1352	51
1353	62
1354	53
1355	55
1356	50
1357	62
1358	46
1359	59
1360	53
1361	58
1362	52
1363	53
1364	53
1365	36
1366	60
1367	54
1368	63
1369	73
1370	77
1371	63
1372	51
1373	49
1374	46
1375	43
1376	53
1377	50
1378	46
1379	38
1380	53
1381	63
1382	35
1383	53
1384	51
1385	46
1386	42
1387	28
1388	41
1389	51
1390	56
1391	53
1392	50
1393	39
1394	31
1395	49
1396	38
1397	45
1398	45
1399	39
1400	43
1401	43
1402	38
1403	38
1404	42
1405	36
1406	36
1407	55
1408	36
1409	40
1410	50
1411	40
1412	43
1413	43
1414	48
1415	50
1416	58
1417	55
1418	36
1419	41
1420	54
1421	47
1422	38
1423	33
1424	39
1425	37
1426	40
1427	41
1428	49
1429	50
1430	28
1431	40
1432	30
1433	44
1434	47
1435	32
1436	33
1437	43
1438	47
1439	32
1440	34
1441	33
1442	30
1443	32
1444	44
1445	24
1446	40
1447	41
1448	37
1449	49
1450	38
1451	41
1452	36
1453	38
1454	39
1455	28
1456	38
1457	22
1458	31
1459	37
1460	41
1461	41
1462	25
1463	33
1464	38
1465	30
1466	30
1467	37
1468	46
1469	32
1470	32
1471	34
1472	35
1473	30
1474	38
1475	27
1476	38
1477	35
1478	34
1479	34
1480	36
1481	46
1482	30
1483	30
1484	46
1485	32
1486	29
1487	33
1488	31
1489	32
1490	40
1491	33
1492	39
1493	39
1494	35
1495	29
1496	45
1497	37
1498	32
1499	29
1500	27
1501	42
1502	39
1503	37
1504	33
1505	37
1506	29
1507	27
1508	36
1509	25
1510	24
1511	38
1512	23
1513	18
1514	31
1515	40
1516	22
1517	26
1518	32
1519	23
1520	41
1521	38
1522	40
1523	44
1524	36
1525	34
1526	38
1527	28
1528	22
1529	29
1530	41
1531	39
1532	24
1533	30
1534	27
1535	28
1536	34
1537	38
1538	37
1539	34
1540	27
1541	30
1542	29
1543	24
1544	26
1545	27
1546	29
1547	35
1548	31
1549	32
1550	36
1551	21
1552	26
1553	22
1554	34
1555	25
1556	39
1557	47
1558	32
1559	38
1560	37
1561	26
1562	28
1563	34
1564	27
1565	27
1566	31
1567	26
1568	23
1569	28
1570	36
1571	20
1572	29
1573	27
1574	31
1575	30
1576	19
1577	34
1578	34
1579	30
1580	27
1581	31
1582	29
1583	30
1584	27
1585	20
1586	30
1587	30
1588	21
1589	27
1590	18
1591	31
1592	17
1593	34
1594	36
1595	40
1596	25
1597	31
1598	32
1599	20
1600	27
1601	29
1602	28
1603	30
1604	24
1605	29
1606	23
1607	23
1608	20
1609	31
1610	27
1611	85
1612	244
1613	534
1614	792
1615	924
1616	837
1617	468
1618	207
1619	78
1620	19
1621	29
1622	18
1623	19
1624	10
1625	11
1626	16
1627	17
1628	11
1629	18
1630	19
1631	12
1632	16
1633	14
1634	20
1635	19
1636	11
1637	18
1638	21
1639	27
1640	14
1641	22
1642	12
1643	16
1644	18
1645	17
1646	19
1647	17
1648	16
1649	19
1650	21
1651	17
1652	20
1653	15
1654	22
1655	18
1656	21
1657	20
1658	14
1659	9
1660	17
1661	21
1662	19
1663	11
1664	15
1665	23
1666	20
1667	27
1668	24
1669	38
1670	25
1671	17
1672	19
1673	18
1674	16
1675	10
1676	13
1677	16
1678	20
1679	13
1680	14
1681	13
1682	18
1683	22
1684	16
1685	18
1686	12
1687	12
1688	17
1689	17
1690	13
1691	15
1692	16
1693	15
1694	16
1695	17
1696	8
1697	12
1698	22
1699	15
1700	17
1701	19
1702	19
1703	10
1704	12
1705	19
1706	24
1707	18
1708	14
1709	18
1710	24
1711	21
1712	14
1713	24
1714	9
1715	16
1716	20
1717	16
1718	15
1719	16
1720	8
1721	10
1722	16
1723	7
1724	12
1725	12
1726	15
1727	14
1728	11
1729	13
1730	14
1731	12
1732	11
1733	16
1734	19
1735	21
1736	11
1737	9
1738	13
1739	10
1740	7
1741	20
1742	10
1743	14
1744	23
1745	14
1746	13
1747	10
1748	15
1749	19
1750	13
1751	16
1752	17
1753	23
1754	25
1755	30
1756	43
1757	28
1758	23
1759	16
1760	31
1761	29
1762	16
1763	20
1764	15
1765	12
1766	17
1767	17
1768	19
1769	13
1770	13
1771	15
1772	13
1773	16
1774	12
1775	20
1776	14
1777	11
1778	9
1779	12
1780	7
1781	13
1782	12
1783	19
1784	13
1785	7
1786	16
1787	12
1788	14
1789	16
1790	17
1791	23
1792	20
1793	23
1794	18
1795	9
1796	19
1797	14
1798	6
1799	12
1800	16
1801	20
1802	24
1803	19
1804	17
1805	20
1806	13
1807	12
1808	18
1809	21
1810	21
1811	20
1812	15
1813	14
1814	20
1815	15
1816	8
1817	8
1818	14
1819	12
1820	8
1821	7
1822	12
1823	10
1824	6
1825	16
1826	14
1827	12
1828	13
1829	7
1830	13
1831	12
1832	20
1833	12
1834	13
1835	19
1836	14
1837	17
1838	11
1839	20
1840	14
1841	11
1842	20
1843	9
1844	20
1845	9
1846	9
1847	14
1848	9
1849	9
1850	9
1851	19
1852	13
1853	3
1854	14
1855	17
1856	18
1857	8
1858	13
1859	15
1860	11
1861	18
1862	14
1863	13
1864	16
1865	14
1866	9
1867	11
1868	9
1869	12
1870	14
1871	11
1872	9
1873	9
1874	8
1875	15
1876	13
1877	14
1878	19
1879	16
1880	10
1881	13
1882	13
1883	15
1884	15
1885	11
1886	10
1887	9
1888	10
1889	11
1890	16
1891	13
1892	14
1893	18
1894	11
1895	9
1896	10
1897	10
1898	10
1899	9
1900	8
1901	15
1902	7
1903	14
1904	16
1905	10
1906	11
1907	11
1908	11
1909	11
1910	17
1911	20
1912	17
1913	20
1914	21
1915	14
1916	14
1917	14
1918	14
1919	7
1920	13
1921	7
1922	9
1923	15
1924	11
1925	12
1926	15
1927	15
1928	16
1929	11
1930	9
1931	13
1932	8
1933	13
1934	10
1935	15
1936	6
1937	11
1938	8
1939	9
1940	12
1941	7
1942	14
1943	13
1944	18
1945	11
1946	15
1947	22
1948	47
1949	76
1950	85
1951	92
1952	54
1953	47
1954	21
1955	16
1956	4
1957	4
1958	11
1959	20
1960	15
1961	13
1962	14
1963	11
1964	11
1965	9
1966	11
1967	9
1968	11
1969	14
1970	10
1971	7
1972	9
1973	9
1974	11
1975	12
1976	5
1977	10
1978	12
1979	13
1980	10
1981	16
1982	11
1983	11
1984	5
1985	8
1986	13
1987	11
1988	9
1989	4
1990	6
1991	13
1992	12
1993	9
1994	6
1995	9
1996	7
1997	14
1998	10
1999	13
2000	12
2001	10
2002	12
2003	6
2004	13
2005	7
2006	13
2007	8
2008	9
2009	10
2010	10
2011	7
2012	7
2013	6
2014	10
2015	11
2016	12
2017	12
2018	15
2019	10
2020	11
2021	13
2022	8
2023	8
2024	9
2025	9
2026	8
2027	7
2028	12
2029	22
2030	13
2031	14
2032	10
2033	20
2034	19
2035	4
2036	8
2037	9
2038	15
2039	15
2040	15
2041	21
2042	28
2043	17
2044	17
2045	11
2046	10
2047	11
2048	9
2049	10
2050	4
2051	8
2052	4
2053	8
2054	11
2055	12
2056	6
2057	10
2058	14
2059	7
2060	7
2061	7
2062	6
2063	13
2064	9
2065	8
2066	4
2067	9
2068	9
2069	9
2070	8
2071	8
2072	7
2073	10
2074	5
2075	10
2076	6
2077	6
2078	7
2079	10
2080	9
2081	9
2082	9
2083	14
2084	9
2085	12
2086	12
2087	10
2088	9
2089	4
2090	9
2091	13
2092	10
2093	7
2094	16
2095	9
2096	9
2097	9
2098	17
2099	12
2100	8
2101	9
2102	8
2103	11
2104	12
2105	8
2106	7
2107	9
2108	10
2109	8
2110	10
2111	11
2112	15
2113	13
2114	11
2115	1
2116	6
2117	7
2118	9
2119	8
2120	8
2121	6
2122	8
2123	10
2124	10
2125	4
2126	8
2127	7
2128	8
2129	13
2130	11
2131	9
2132	9
2133	13
2134	5
2135	13
2136	12
2137	10
2138	7
2139	11
2140	8
2141	11
2142	9
2143	9
2144	13
2145	11
2146	9
2147	10
2148	14
2149	5
2150	8
2151	11
2152	8
2153	9
2154	11
2155	9
2156	9
2157	11
2158	11
2159	9
2160	10
2161	6
2162	4
2163	9
2164	15
2165	9
2166	11
2167	8
2168	9
2169	11
2170	7
2171	7
2172	12
2173	11
2174	10
2175	9
2176	5
2177	13
2178	9
2179	12
2180	7
2181	10
2182	9
2183	8
2184	14
2185	7
2186	13
2187	9
2188	9
2189	9
2190	12
2191	9
2192	10
2193	13
2194	5
2195	7
2196	11
2197	10
2198	10
2199	9
2200	8
2201	11
2202	9
2203	5
2204	6
2205	9
2206	13
2207	9
2208	11
2209	11
2210	8
2211	9
2212	7
2213	9
2214	1
2215	8
2216	7
2217	9
2218	16
2219	10
2220	10
2221	9
2222	6
2223	9
2224	6
2225	11
2226	13
2227	10
2228	6
2229	11
2230	12
2231	10
2232	4
2233	9
2234	4
2235	11
2236	7
2237	12
2238	6
2239	11
2240	7
2241	8
2242	6
2243	9
2244	9
2245	8
2246	11
2247	8
2248	13
2249	10
2250	6
2251	8
2252	9
2253	7
2254	7
2255	13
2256	12
2257	7
2258	10
2259	8
2260	10
2261	5
2262	6
2263	8
2264	15
2265	8
2266	9
2267	7
2268	8
2269	10
2270	11
2271	13
2272	14
2273	8
2274	6
2275	4
2276	6
2277	6
2278	10
2279	9
2280	9
2281	6
2282	10
2283	7
2284	6
2285	8
2286	12
2287	11
2288	6
2289	9
2290	9
2291	7
2292	10
2293	11
2294	8
2295	8
2296	5
2297	6
2298	5
2299	12
2300	5
2301	6
2302	16
2303	11
2304	12
2305	8
2306	4
2307	10
2308	12
2309	7
2310	4
2311	10
2312	5
2313	10
2314	10
2315	11
2316	11
2317	8
2318	7
2319	11
2320	8
2321	17
2322	22
2323	30
2324	46
2325	30
2326	36
2327	31
2328	29
2329	11
2330	12
2331	8
2332	10
2333	11
2334	6
2335	9
2336	9
2337	7
2338	13
2339	12
2340	12
2341	17
2342	12
2343	17
2344	11
2345	8
2346	4
2347	6
2348	13
2349	10
2350	3
2351	7
2352	13
2353	12
2354	10
2355	9
2356	6
2357	6
2358	12
2359	14
2360	12
2361	9
2362	11
2363	10
2364	10
2365	4
2366	3
2367	9
2368	9
2369	7
2370	5
2371	10
2372	8
2373	9
2374	9
2375	10
2376	9
2377	7
2378	6
2379	17
2380	10
2381	8
2382	12
2383	8
2384	5
2385	8
2386	8
2387	9
2388	17
2389	12
2390	8
2391	9
2392	9
2393	8
2394	7
2395	7
2396	7
2397	11
2398	4
2399	6
2400	11
2401	7
2402	10
2403	9
2404	7
2405	10
2406	9
2407	9
2408	6
2409	10
2410	11
2411	9
2412	7
2413	5
2414	14
2415	7
2416	7
2417	4
2418	12
2419	8
2420	5
2421	17
2422	8
2423	10
2424	7
2425	12
2426	9
2427	5
2428	9
2429	10
2430	13
2431	14
2432	16
2433	18
2434	21
2435	33
2436	37
2437	37
2438	18
2439	16
2440	12
2441	8
2442	12
2443	11
2444	6
2445	4
2446	10
2447	4
2448	5
2449	6
2450	10
2451	6
2452	8
2453	8
2454	2
2455	8
2456	9
2457	7
2458	9
2459	9
2460	9
2461	10
2462	10
2463	12
2464	11
2465	7
2466	10
2467	8
2468	8
2469	3
2470	5
2471	9
2472	7
2473	9
2474	5
2475	7
2476	11
2477	6
2478	8
2479	8
2480	4
2481	6
2482	8
2483	8
2484	7
2485	4
2486	9
2487	5
2488	6
2489	8
2490	8
2491	6
2492	3
2493	9
2494	3
2495	5
2496	6
2497	5
2498	8
2499	6
2500	10
2501	11
2502	7
2503	8
2504	4
2505	6
2506	8
2507	12
2508	8
2509	6
2510	5
2511	10
2512	6
2513	10
2514	8
2515	13
2516	7
2517	3
2518	15
2519	11
2520	3
2521	10
2522	9
2523	10
2524	9
2525	5
2526	11
2527	12
2528	7
2529	9
2530	10
2531	12
2532	16
2533	8
2534	8
2535	17
2536	7
2537	11
2538	10
2539	10
2540	14
2541	9
2542	6
2543	7
2544	7
2545	9
2546	12
2547	7
2548	11
2549	12
2550	4
2551	9
2552	14
2553	5
2554	6
2555	7
2556	6
2557	7
2558	13
2559	10
2560	12
2561	11
2562	5
2563	6
2564	12
2565	6
2566	5
2567	10
2568	9
2569	5
2570	10
2571	11
2572	8
2573	11
2574	9
2575	9
2576	8
2577	9
2578	8
2579	6
2580	13
2581	3
2582	3
2583	6
2584	8
2585	10
2586	8
2587	9
2588	5
2589	6
2590	9
2591	5
2592	6
2593	9
2594	12
2595	12
2596	13
2597	5
2598	11
2599	6
2600	11
2601	8
2602	7
2603	5
2604	7
2605	3
2606	13
2607	11
2608	10
2609	8
2610	6
2611	11
2612	11
2613	6
2614	10
2615	7
2616	7
2617	6
2618	10
2619	10
2620	15
2621	8
2622	6
2623	8
2624	9
2625	5
2626	13
2627	13
2628	7
2629	7
2630	5
2631	9
2632	13
2633	8
2634	9
2635	10
2636	6
2637	10
2638	4
2639	7
2640	7
2641	6
2642	8
2643	6
2644	4
2645	6
2646	10
2647	5
2648	10
2649	4
2650	4
2651	10
2652	11
2653	4
2654	9
2655	3
2656	4
2657	4
2658	8
2659	8
2660	7
2661	4
2662	6
2663	11
2664	7
2665	5
2666	17
2667	8
2668	9
2669	7
2670	4
2671	10
2672	6
2673	8
2674	7
2675	7
2676	11
2677	8
2678	5
2679	6
2680	5
2681	6
2682	6
2683	5
2684	6
2685	4
2686	6
2687	4
2688	5
2689	6
2690	9
2691	8
2692	9
2693	4
2694	8
2695	8
2696	7
2697	5
2698	7
2699	6
2700	7
2701	6
2702	10
2703	12
2704	11
2705	19
2706	7
2707	7
2708	11
2709	8
2710	2
2711	7
2712	5
2713	7
2714	1
2715	2
2716	7
2717	6
2718	2
2719	2
2720	4
2721	4
2722	7
2723	2
2724	5
2725	3
2726	7
2727	6
2728	1
2729	7
2730	6
2731	8
2732	8
2733	6
2734	7
2735	4
2736	2
2737	6
2738	5
2739	3
2740	1
2741	5
2742	4
2743	5
2744	7
2745	5
2746	4
2747	2
2748	6
2749	2
2750	5
2751	10
2752	5
2753	4
2754	2
2755	2
2756	3
2757	5
2758	0
2759	4
2760	4
2761	4
2762	5
2763	5
2764	6
2765	3
2766	6
2767	6
2768	3
2769	2
2770	3
2771	4
2772	2
2773	3
2774	1
2775	2
2776	6
2777	4
2778	2
2779	6
2780	0
2781	4
2782	2
2783	3
2784	4
2785	4
2786	2
2787	4
2788	3
2789	2
2790	3
2791	6
2792	4
2793	1
2794	3
2795	1
2796	3
2797	4
2798	3
2799	0
2800	0
2801	4
2802	3
2803	4
2804	3
2805	4
2806	3
2807	3
2808	1
2809	1
2810	5
2811	3
2812	2
2813	6
2814	5
2815	3
2816	5
2817	4
2818	3
2819	1
2820	0
2821	3
2822	5
2823	1
2824	1
2825	3
2826	3
2827	3
2828	1
2829	4
2830	1
2831	1
2832	3
2833	1
2834	2
2835	1
2836	3
2837	6
2838	1
2839	3
2840	4
2841	2
2842	3
2843	1
2844	2
2845	3
2846	3
2847	3
2848	4
2849	1
2850	6
2851	3
2852	2
2853	1
2854	6
2855	1
2856	3
2857	1
2858	3
2859	3
2860	0
2861	4
2862	3
2863	2
2864	4
2865	3
2866	6
2867	1
2868	2
2869	3
2870	2
2871	3
2872	2
2873	1
2874	4
2875	0
2876	2
2877	3
2878	2
2879	2
2880	5
2881	3
2882	3
2883	7
2884	15
2885	43
2886	99
2887	175
2888	254
2889	247
2890	247
2891	150
2892	125
2893	59
2894	25
2895	11
2896	2
2897	2
2898	0
2899	3
2900	4
2901	3
2902	2
2903	1
2904	2
2905	0
2906	1
2907	1
2908	2
2909	0
2910	1
2911	2
2912	2
2913	1
2914	0
2915	0
2916	0
2917	1
2918	1
2919	2
2920	1
2921	1
2922	1
2923	2
2924	0
2925	0
2926	0
2927	1
2928	0
2929	3
2930	1
2931	2
2932	3
2933	1
2934	1
2935	1
2936	2
2937	1
2938	0
2939	2
2940	0
2941	1
2942	2
2943	1
2944	1
2945	2
2946	2
2947	0
2948	1
2949	2
2950	1
2951	1
2952	2
2953	1
2954	1
2955	2
2956	1
2957	1
2958	1
2959	0
2960	1
2961	2
2962	0
2963	1
2964	2
2965	1
2966	0
2967	2
2968	0
2969	1
2970	0
2971	1
2972	0
2973	1
2974	0
2975	1
2976	0
2977	0
2978	0
2979	0
2980	3
2981	4
2982	1
2983	2
2984	0
2985	1
2986	1
2987	2
2988	0
2989	2
2990	0
2991	3
2992	2
2993	0
2994	1
2995	0
2996	0
2997	1
2998	0
2999	0
3000	0
3001	1
3002	2
3003	0
3004	0
3005	1
3006	1
3007	1
3008	0
3009	0
3010	2
3011	1
3012	0
3013	0
3014	0
3015	1
3016	0
3017	0
3018	0
3019	1
3020	0
3021	0
3022	1
3023	1
3024	1
3025	1
3026	1
3027	1
3028	1
3029	0
3030	2
3031	1
3032	0
3033	2
3034	0
3035	0
3036	1
3037	1
3038	0
3039	0
3040	1
3041	3
3042	2
3043	0
3044	0
3045	0
3046	2
3047	2
3048	1
3049	0
3050	2
3051	0
3052	1
3053	1
3054	0
3055	2
3056	0
3057	1
3058	0
3059	2
3060	2
3061	0
3062	3
3063	0
3064	0
3065	0
3066	0
3067	1
3068	0
3069	1
3070	1
3071	1
3072	2
3073	1
3074	2
3075	2
3076	1
3077	1
3078	0
3079	1
3080	1
3081	0
3082	1
3083	1
3084	0
3085	0
3086	2
3087	1
3088	3
3089	1
3090	0
3091	2
3092	1
3093	0
3094	2
3095	3
3096	1
3097	2
3098	0
3099	1
3100	1
3101	1
3102	3
3103	0
3104	0
3105	0
3106	0
3107	1
3108	2
3109	2
3110	0
3111	0
3112	2
3113	2
3114	1
3115	1
3116	1
3117	1
3118	0
3119	1
3120	0
3121	2
3122	1
3123	1
3124	0
3125	0
3126	1
3127	2
3128	0
3129	0
3130	0
3131	0
3132	2
3133	2
3134	0
3135	1
3136	1
3137	1
3138	0
3139	2
3140	1
3141	2
3142	0
3143	0
3144	0
3145	3
3146	0
3147	1
3148	0
3149	1
3150	2
3151	0
3152	0
3153	0
3154	0
3155	1
3156	1
3157	0
3158	0
3159	0
3160	2
3161	0
3162	1
3163	0
3164	1
3165	1
3166	0
3167	0
3168	3
3169	2
3170	0
3171	0
3172	0
3173	0
3174	1
3175	1
3176	3
3177	0
3178	3
3179	1
3180	0
3181	0
3182	1
3183	0
3184	2
3185	0
3186	1
3187	0
3188	0
3189	0
3190	2
3191	0
3192	1
3193	3
3194	1
3195	0
3196	0
3197	1
3198	0
3199	1
3200	2
3201	1
3202	0
3203	2
3204	0
3205	1
3206	1
3207	0
3208	0
3209	0
3210	1
3211	1
3212	0
3213	1
3214	2
3215	1
3216	1
3217	0
3218	2
3219	1
3220	1
3221	1
3222	0
3223	0
3224	2
3225	0
3226	2
3227	1
3228	1
3229	1
3230	0
3231	0
3232	1
3233	2
3234	1
3235	1
3236	1
3237	0
3238	0
3239	0
3240	1
3241	0
3242	1
3243	1
3244	0
3245	1
3246	0
3247	1
3248	0
3249	1
3250	1
3251	2
3252	0
3253	1
3254	4
3255	0
3256	1
3257	0
3258	0
3259	0
3260	1
3261	0
3262	1
3263	1
3264	2
3265	0
3266	1
3267	1
3268	0
3269	0
3270	0
3271	1
3272	0
3273	0
3274	1
3275	1
3276	0
3277	2
3278	0
3279	0
3280	1
3281	1
3282	1
3283	0
3284	0
3285	0
3286	1
3287	1
3288	3
3289	0
3290	2
3291	0
3292	0
3293	0
3294	1
3295	1
3296	3
3297	0
3298	1
3299	1
3300	0
3301	1
3302	0
3303	0
3304	1
3305	1
3306	1
3307	4
3308	0
3309	1
3310	5
3311	1
3312	0
3313	0
3314	1
3315	0
3316	0
3317	0
3318	2
3319	0
3320	1
3321	1
3322	1
3323	1
3324	0
3325	0
3326	0
3327	0
3328	1
3329	1
3330	0
3331	1
3332	0
3333	0
3334	1
3335	0
3336	0
3337	0
3338	0
3339	0
3340	2
3341	0
3342	1
3343	0
3344	1
3345	4
3346	0
3347	1
3348	0
3349	0
3350	2
3351	4
3352	1
3353	3
3354	0
3355	0
3356	0
3357	1
3358	0
3359	0
3360	0
3361	2
3362	1
3363	0
3364	1
3365	1
3366	0
3367	0
3368	1
3369	2
3370	0
3371	3
3372	1
3373	1
3374	3
3375	0
3376	1
3377	0
3378	2
3379	2
3380	0
3381	1
3382	1
3383	1
3384	0
3385	2
3386	0
3387	1
3388	0
3389	0
3390	0
3391	0
3392	1
3393	2
3394	1
3395	1
3396	0
3397	1
3398	1
3399	1
3400	0
3401	1
3402	0
3403	2
3404	1
3405	0
3406	0
3407	1
3408	0
3409	1
3410	2
3411	0
3412	0
3413	1
3414	0
3415	1
3416	1
3417	1
3418	0
3419	0
3420	0
3421	0
3422	0
3423	0
3424	1
3425	2
3426	0
3427	0
3428	0
3429	1
3430	0
3431	0
3432	1
3433	1
3434	0
3435	0
3436	1
3437	0
3438	1
3439	2
3440	1
3441	1
3442	0
3443	1
3444	2
3445	0
3446	1
3447	0
3448	3
3449	0
3450	1
3451	0
3452	0
3453	0
3454	1
3455	0
3456	3
3457	0
3458	0
3459	1
3460	4
3461	0
3462	2
3463	1
3464	0
3465	1
3466	1
3467	0
3468	0
3469	1
3470	0
3471	2
3472	2
3473	1
3474	0
3475	1
3476	1
3477	1
3478	1
3479	1
3480	0
3481	0
3482	0
3483	1
3484	1
3485	2
3486	0
3487	1
3488	0
3489	1
3490	0
3491	1
3492	1
3493	1
3494	0
3495	1
3496	3
3497	0
3498	0
3499	0
3500	1
3501	1
3502	1
3503	0
3504	2
3505	0
3506	0
3507	0
3508	3
3509	1
3510	3
3511	1
3512	1
3513	0
3514	1
3515	1
3516	0
3517	1
3518	3
3519	0
3520	2
3521	0
3522	0
3523	1
3524	1
3525	1
3526	2
3527	0
3528	4
3529	0
3530	2
3531	0
3532	0
3533	0
3534	1
3535	0
3536	3
3537	1
3538	0
3539	2
3540	1
3541	2
3542	1
3543	1
3544	1
3545	0
3546	2
3547	1
3548	1
3549	2
3550	0
3551	1
3552	2
3553	0
3554	0
3555	1
3556	1
3557	2
3558	1
3559	2
3560	0
3561	1
3562	1
3563	1
3564	0
3565	1
3566	2
3567	1
3568	0
3569	0
3570	0
3571	0
3572	0
3573	1
3574	1
3575	0
3576	0
3577	1
3578	1
3579	1
3580	1
3581	2
3582	1
3583	2
3584	2
3585	0
3586	0
3587	0
3588	2
3589	0
3590	0
3591	1
3592	0
3593	1
3594	0
3595	1
3596	0
3597	1
3598	0
3599	0
3600	0
3601	0
3602	0
3603	1
3604	0
3605	0
3606	5
3607	1
3608	0
3609	1
3610	0
3611	0
3612	0
3613	0
3614	0
3615	0
3616	0
3617	0
3618	2
3619	1
3620	2
3621	0
3622	1
3623	0
3624	1
3625	1
3626	1
3627	1
3628	0
3629	0
3630	0
3631	0
3632	2
3633	1
3634	1
3635	1
3636	0
3637	1
3638	0
3639	1
3640	0
3641	0
3642	1
3643	0
3644	0
3645	0
3646	1
3647	0
3648	0
3649	1
3650	1
3651	0
3652	1
3653	0
3654	0
3655	1
3656	0
3657	1
3658	0
3659	0
3660	0
3661	1
3662	0
3663	0
3664	0
3665	0
3666	0
3667	0
3668	1
3669	0
3670	2
3671	1
3672	1
3673	0
3674	2
3675	1
3676	0
3677	0
3678	1
3679	2
3680	0
3681	0
3682	0
3683	0
3684	0
3685	0
3686	0
3687	2
3688	0
3689	0
3690	0
3691	0
3692	0
3693	1
3694	0
3695	0
3696	2
3697	0
3698	2
3699	0
3700	0
3701	1
3702	1
3703	1
3704	1
3705	2
3706	0
3707	0
3708	0
3709	0
3710	0
3711	0
3712	1
3713	1
3714	0
3715	0
3716	0
3717	0
3718	0
3719	1
3720	0
3721	0
3722	1
3723	0
3724	0
3725	0
3726	0
3727	0
3728	2
3729	0
3730	0
3731	1
3732	1
3733	1
3734	2
3735	1
3736	0
3737	0
3738	0
3739	0
3740	1
3741	2
3742	2
3743	1
3744	0
3745	0
3746	0
3747	0
3748	0
3749	0
3750	1
3751	1
3752	0
3753	0
3754	0
3755	1
3756	0
3757	0
3758	1
3759	1
3760	1
3761	0
3762	0
3763	0
3764	0
3765	0
3766	0
3767	0
3768	0
3769	0
3770	1
3771	0
3772	0
3773	1
3774	0
3775	3
3776	2
3777	0
3778	3
3779	0
3780	0
3781	2
3782	1
3783	1
3784	0
3785	0
3786	0
3787	0
3788	0
3789	0
3790	0
3791	1
3792	1
3793	1
3794	2
3795	0
3796	0
3797	1
3798	0
3799	0
3800	0
3801	0
3802	1
3803	0
3804	1
3805	1
3806	1
3807	0
3808	0
3809	1
3810	0
3811	0
3812	3
3813	1
3814	1
3815	1
3816	1
3817	0
3818	0
3819	0
3820	0
3821	1
3822	3
3823	1
3824	0
3825	0
3826	0
3827	1
3828	1
3829	1
3830	0
3831	0
3832	1
3833	1
3834	1
3835	0
3836	0
3837	2
3838	0
3839	1
3840	1
3841	2
3842	0
3843	0
3844	0
3845	0
3846	0
3847	1
3848	2
3849	0
3850	0
3851	2
3852	1
3853	0
3854	0
3855	1
3856	0
3857	1
3858	1
3859	1
3860	1
3861	2
3862	0
3863	0
3864	1
3865	2
3866	3
3867	0
3868	0
3869	0
3870	1
3871	0
3872	0
3873	0
3874	0
3875	2
3876	0
3877	1
3878	0
3879	0
3880	0
3881	0
3882	1
3883	0
3884	0
3885	0
3886	0
3887	1
3888	1
3889	0
3890	0
3891	0
3892	3
3893	1
3894	0
3895	1
3896	0
3897	1
3898	1
3899	0
3900	1
3901	0
3902	0
3903	0
3904	2
3905	0
3906	1
3907	0
3908	0
3909	1
3910	0
3911	1
3912	1
3913	0
3914	0
3915	0
3916	2
3917	0
3918	0
3919	1
3920	0
3921	0
3922	1
3923	3
3924	1
3925	0
3926	1
3927	0
3928	0
3929	0
3930	0
3931	1
3932	0
3933	2
3934	0
3935	0
3936	0
3937	1
3938	1
3939	0
3940	0
3941	0
3942	0
3943	0
3944	1
3945	0
3946	1
3947	1
3948	0
3949	0
3950	1
3951	0
3952	1
3953	0
3954	1
3955	1
3956	3
3957	1
3958	1
3959	0
3960	2
3961	1
3962	0
3963	1
3964	1
3965	1
3966	1
3967	1
3968	1
3969	2
3970	1
3971	1
3972	0
3973	2
3974	0
3975	0
3976	1
3977	0
3978	0
3979	0
3980	0
3981	0
3982	1
3983	0
3984	1
3985	0
3986	0
3987	1
3988	0
3989	0
3990	0
3991	0
3992	0
3993	0
3994	2
3995	1
3996	2
3997	1
3998	0
3999	0
4000	1
4001	1
4002	0
4003	0
4004	0
4005	1
4006	0
4007	0
4008	1
4009	1
4010	0
4011	0
4012	0
4013	0
4014	0
4015	2
4016	0
4017	0
4018	1
4019	1
4020	0
4021	1
4022	0
4023	0
4024	1
4025	2
4026	1
4027	0
4028	0
4029	1
4030	0
4031	0
4032	1
4033	0
4034	0
4035	2
4036	0
4037	0
4038	2
4039	1
4040	2
4041	0
4042	0
4043	0
4044	2
4045	2
4046	0
4047	1
4048	1
4049	1
4050	2
4051	0
4052	0
4053	2
4054	0
4055	1
4056	1
4057	0
4058	0
4059	0
4060	0
4061	1
4062	0
4063	0
4064	0
4065	0
4066	0
4067	1
4068	1
4069	0
4070	0
4071	1
4072	0
4073	0
4074	0
4075	0
4076	0
4077	0
4078	0
4079	1
4080	0
4081	0
4082	0
4083	0
4084	1
4085	0
4086	1
4087	0
4088	1
4089	2
4090	0
4091	0
4092	1
4093	2
4094	1
4095	0
4096	1
4097	0
4098	0
4099	0
4100	0
4101	0
4102	0
4103	2
4104	0
4105	2
4106	1
4107	0
4108	1
4109	2
4110	0
4111	2
4112	2
4113	0
4114	0
4115	0
4116	0
4117	0
4118	0
4119	0
4120	1
4121	0
4122	1
4123	0
4124	1
4125	0
4126	0
4127	0
4128	0
4129	0
4130	0
4131	2
4132	1
4133	1
4134	0
4135	0
4136	1
4137	0
4138	0
4139	0
4140	2
4141	0
4142	0
4143	0
4144	0
4145	1
4146	2
4147	0
4148	0
4149	1
4150	0
4151	0
4152	1
4153	1
4154	1
4155	0
4156	1
4157	0
4158	1
4159	0
4160	4
4161	0
4162	0
4163	1
4164	0
4165	1
4166	0
4167	2
4168	2
4169	0
4170	0
4171	0
4172	0
4173	0
4174	0
4175	1
4176	0
4177	0
4178	1
4179	0
4180	0
4181	0
4182	0
4183	1
4184	0
4185	1
4186	0
4187	0
4188	1
4189	0
4190	0
4191	0
4192	1
4193	2
4194	0
4195	1
4196	0
4197	0
4198	0
4199	0
4200	1
4201	1
4202	0
4203	0
4204	0
4205	0
4206	1
4207	1
4208	0
4209	0
4210	1
4211	0
4212	2
4213	0
4214	0
4215	1
4216	0
4217	1
4218	0
4219	1
4220	1
4221	1
4222	0
4223	2
4224	1
4225	1
4226	1
4227	0
4228	0
4229	1
4230	1
4231	0
4232	1
4233	0
4234	1
4235	1
4236	0
4237	0
4238	1
4239	0
4240	0
4241	0
4242	0
4243	0
4244	0
4245	1
4246	0
4247	0
4248	0
4249	1
4250	1
4251	3
4252	0
4253	2
4254	0
4255	1
4256	1
4257	0
4258	0
4259	1
4260	0
4261	1
4262	0
4263	1
4264	0
4265	0
4266	0
4267	1
4268	1
4269	0
4270	2
4271	2
4272	0
4273	1
4274	1
4275	2
4276	3
4277	0
4278	0
4279	2
4280	0
4281	1
4282	0
4283	0
4284	0
4285	0
4286	0
4287	1
4288	3
4289	1
4290	1
4291	0
4292	0
4293	0
4294	0
4295	1
4296	1
4297	0
4298	0
4299	0
4300	2
4301	1
4302	0
4303	0
4304	0
4305	0
4306	0
4307	2
4308	0
4309	0
4310	0
4311	2
4312	0
4313	0
4314	0
4315	1
4316	0
4317	1
4318	0
4319	0
4320	0
4321	0
4322	0
4323	2
4324	1
4325	0
4326	1
4327	0
4328	0
4329	0
4330	1
4331	0
4332	0
4333	0
4334	0
4335	1
4336	1
4337	1
4338	1
4339	0
4340	1
4341	1
4342	1
4343	1
4344	1
4345	0
4346	2
4347	0
4348	0
4349	1
4350	0
4351	1
4352	0
4353	0
4354	0
4355	0
4356	1
4357	0
4358	2
4359	0
4360	1
4361	0
4362	2
4363	1
4364	2
4365	0
4366	0
4367	0
4368	0
4369	0
4370	0
4371	0
4372	1
4373	0
4374	0
4375	0
4376	0
4377	0
4378	0
4379	0
4380	1
4381	1
4382	1
4383	1
4384	0
4385	0
4386	2
4387	1
4388	0
4389	0
4390	0
4391	1
4392	1
4393	0
4394	1
4395	1
4396	0
4397	0
4398	1
4399	0
4400	1
4401	0
4402	0
4403	1
4404	1
4405	0
4406	1
4407	0
4408	0
4409	0
4410	0
4411	1
4412	0
4413	0
4414	1
4415	0
4416	0
4417	1
4418	1
4419	2
4420	0
4421	1
4422	0
4423	0
4424	0
4425	0
4426	1
4427	0
4428	0
4429	2
4430	0
4431	0
4432	1
4433	0
4434	0
4435	0
4436	3
4437	0
4438	0
4439	0
4440	0
4441	0
4442	1
4443	0
4444	0
4445	1
4446	1
4447	0
4448	2
4449	3
4450	0
4451	1
4452	2
4453	1
4454	0
4455	0
4456	0
4457	1
4458	0
4459	0
4460	0
4461	1
4462	1
4463	0
4464	0
4465	0
4466	1
4467	1
4468	0
4469	1
4470	1
4471	1
4472	0
4473	0
4474	0
4475	0
4476	0
4477	0
4478	1
4479	0
4480	0
4481	0
4482	1
4483	0
4484	0
4485	0
4486	0
4487	0
4488	2
4489	3
4490	0
4491	0
4492	1
4493	0
4494	0
4495	0
4496	0
4497	0
4498	0
4499	1
4500	1
4501	1
4502	0
4503	1
4504	0
4505	1
4506	0
4507	0
4508	1
4509	0
4510	0
4511	1
4512	0
4513	0
4514	1
4515	1
4516	0
4517	0
4518	1
4519	1
4520	0
4521	2
4522	0
4523	2
4524	0
4525	1
4526	3
4527	0
4528	2
4529	0
4530	1
4531	0
4532	0
4533	1
4534	0
4535	1
4536	0
4537	0
4538	0
4539	0
4540	1
4541	1
4542	1
4543	0
4544	0
4545	0
4546	0
4547	0
4548	1
4549	0
4550	1
4551	0
4552	1
4553	0
4554	1
4555	1
4556	0
4557	0
4558	0
4559	0
4560	0
4561	1
4562	0
4563	0
4564	0
4565	0
4566	0
4567	1
4568	0
4569	1
4570	1
4571	1
4572	1
4573	1
4574	0
4575	2
4576	0
4577	1
4578	1
4579	0
4580	0
4581	0
4582	0
4583	0
4584	0
4585	0
4586	0
4587	0
4588	0
4589	0
4590	1
4591	0
4592	0
4593	1
4594	0
4595	1
4596	1
4597	0
4598	2
4599	0
4600	1
4601	1
4602	2
4603	1
4604	0
4605	2
4606	0
4607	0
4608	0
4609	0
4610	1
4611	0
4612	0
4613	0
4614	2
4615	1
4616	0
4617	1
4618	0
4619	1
4620	0
4621	1
4622	0
4623	0
4624	0
4625	0
4626	1
4627	1
4628	1
4629	2
4630	1
4631	0
4632	0
4633	0
4634	0
4635	1
4636	0
4637	0
4638	0
4639	0
4640	0
4641	0
4642	0
4643	0
4644	0
4645	0
4646	3
4647	0
4648	0
4649	0
4650	0
4651	0
4652	2
4653	0
4654	1
4655	2
4656	0
4657	1
4658	0
4659	0
4660	0
4661	1
4662	0
4663	0
4664	0
4665	0
4666	0
4667	0
4668	1
4669	1
4670	1
4671	1
4672	0
4673	0
4674	0
4675	1
4676	0
4677	1
4678	0
4679	0
4680	1
4681	0
4682	0
4683	0
4684	0
4685	0
4686	0
4687	0
4688	0
4689	0
4690	0
4691	0
4692	1
4693	1
4694	1
4695	0
4696	1
4697	0
4698	0
4699	0
4700	0
4701	2
4702	0
4703	0
4704	3
4705	0
4706	2
4707	0
4708	1
4709	2
4710	2
4711	0
4712	1
4713	0
4714	2
4715	0
4716	0
4717	1
4718	1
4719	0
4720	0
4721	0
4722	0
4723	2
4724	0
4725	0
4726	1
4727	1
4728	1
4729	1
4730	0
4731	1
4732	0
4733	1
4734	2
4735	0
4736	0
4737	0
4738	1
4739	0
4740	2
4741	0
4742	1
4743	0
4744	0
4745	1
4746	1
4747	1
4748	0
4749	2
4750	0
4751	2
4752	0
4753	0
4754	0
4755	1
4756	1
4757	0
4758	1
4759	0
4760	0
4761	0
4762	0
4763	0
4764	0
4765	1
4766	1
4767	1
4768	0
4769	1
4770	0
4771	1
4772	0
4773	0
4774	0
4775	1
4776	1
4777	0
4778	0
4779	0
4780	1
4781	1
4782	1
4783	0
4784	0
4785	0
4786	0
4787	0
4788	0
4789	0
4790	0
4791	0
4792	1
4793	0
4794	0
4795	1
4796	0
4797	0
4798	0
4799	0
4800	0
4801	0
4802	0
4803	0
4804	0
4805	1
4806	1
4807	0
4808	0
4809	0
4810	0
4811	1
4812	0
4813	0
4814	1
4815	0
4816	0
4817	0
4818	0
4819	0
4820	0
4821	0
4822	0
4823	1
4824	0
4825	1
4826	0
4827	1
4828	0
4829	0
4830	0
4831	0
4832	0
4833	0
4834	0
4835	0
4836	4
4837	0
4838	0
4839	0
4840	2
4841	0
4842	0
4843	1
4844	0
4845	0
4846	1
4847	1
4848	1
4849	1
4850	0
4851	1
4852	1
4853	0
4854	0
4855	0
4856	1
4857	1
4858	0
4859	0
4860	1
4861	0
4862	0
4863	0
4864	0
4865	0
4866	1
4867	0
4868	0
4869	0
4870	0
4871	0
4872	0
4873	2
4874	0
4875	0
4876	1
4877	1
4878	0
4879	1
4880	0
4881	2
4882	0
4883	0
4884	0
4885	0
4886	1
4887	0
4888	0
4889	0
4890	0
4891	0
4892	0
4893	0
4894	0
4895	0
4896	0
4897	1
4898	0
4899	1
4900	0
4901	0
4902	0
4903	0
4904	0
4905	0
4906	0
4907	0
4908	1
4909	1
4910	1
4911	0
4912	0
4913	0
4914	1
4915	0
4916	3
4917	0
4918	1
4919	0
4920	0
4921	0
4922	2
4923	0
4924	1
4925	2
4926	0
4927	1
4928	0
4929	1
4930	1
4931	0
4932	0
4933	0
4934	1
4935	0
4936	0
4937	1
4938	0
4939	0
4940	0
4941	0
4942	1
4943	0
4944	1
4945	1
4946	1
4947	0
4948	0
4949	0
4950	0
4951	0
4952	1
4953	1
4954	1
4955	1
4956	1
4957	0
4958	0
4959	0
4960	0
4961	3
4962	1
4963	1
4964	0
4965	1
4966	0
4967	0
4968	0
4969	0
4970	2
4971	0
4972	2
4973	1
4974	0
4975	0
4976	0
4977	0
4978	0
4979	0
4980	2
4981	0
4982	0
4983	0
4984	1
4985	0
4986	1
4987	1
4988	0
4989	0
4990	1
4991	0
4992	1
4993	0
4994	1
4995	1
4996	0
4997	1
4998	1
4999	0
5000	1
5001	1
5002	0
5003	0
5004	0
5005	0
5006	2
5007	1
5008	0
5009	0
5010	1
5011	0
5012	0
5013	1
5014	0
5015	0
5016	2
5017	0
5018	1
5019	1
5020	0
5021	1
5022	0
5023	1
5024	0
5025	1
5026	0
5027	1
5028	0
5029	0
5030	0
5031	1
5032	0
5033	0
5034	0
5035	0
5036	0
5037	1
5038	1
5039	0
5040	1
5041	0
5042	0
5043	0
5044	0
5045	0
5046	0
5047	1
5048	1
5049	2
5050	0
5051	0
5052	0
5053	1
5054	0
5055	0
5056	0
5057	0
5058	0
5059	0
5060	1
5061	0
5062	0
5063	0
5064	1
5065	0
5066	1
5067	0
5068	0
5069	1
5070	1
5071	0
5072	2
5073	0
5074	0
5075	0
5076	0
5077	0
5078	0
5079	0
5080	0
5081	0
5082	0
5083	0
5084	0
5085	0
5086	0
5087	0
5088	0
5089	0
5090	2
5091	1
5092	2
5093	0
5094	0
5095	0
5096	0
5097	1
5098	1
5099	0
5100	0
5101	1
5102	1
5103	1
5104	0
5105	0
5106	0
5107	1
5108	1
5109	0
5110	1
5111	2
5112	0
5113	0
5114	0
5115	1
5116	0
5117	0
5118	0
5119	0
5120	0
5121	1
5122	1
5123	2
5124	1
5125	1
5126	0
5127	0
5128	0
5129	1
5130	0
5131	0
5132	1
5133	1
5134	0
5135	0
5136	0
5137	1
5138	0
5139	0
5140	0
5141	0
5142	0
5143	1
5144	0
5145	0
5146	0
5147	0
5148	0
5149	0
5150	0
5151	1
5152	0
5153	0
5154	1
5155	0
5156	0
5157	2
5158	1
5159	1
5160	0
5161	0
5162	0
5163	0
5164	0
5165	0
5166	0
5167	1
5168	1
5169	0
5170	1
5171	1
5172	0
5173	0
5174	1
5175	0
5176	0
5177	1
5178	1
5179	0
5180	0
5181	1
5182	0
5183	0
5184	0
5185	0
5186	1
5187	0
5188	0
5189	1
5190	0
5191	1
5192	1
5193	0
5194	0
5195	0
5196	0
5197	0
5198	1
5199	0
5200	0
5201	1
5202	0
5203	0
5204	1
5205	0
5206	1
5207	0
5208	0
5209	0
5210	0
5211	1
5212	0
5213	1
5214	1
5215	1
5216	0
5217	1
5218	0
5219	0
5220	1
5221	0
5222	0
5223	0
5224	0
5225	0
5226	0
5227	0
5228	0
5229	0
5230	0
5231	1
5232	0
5233	1
5234	1
5235	0
5236	1
5237	2
5238	0
5239	0
5240	0
5241	2
5242	1
5243	1
5244	0
5245	0
5246	1
5247	1
5248	2
5249	1
5250	1
5251	1
5252	2
5253	0
5254	0
5255	0
5256	1
5257	2
5258	0
5259	0
5260	0
5261	0
5262	0
5263	1
5264	0
5265	2
5266	1
5267	0
5268	0
5269	0
5270	0
5271	0
5272	2
5273	0
5274	0
5275	0
5276	0
5277	1
5278	0
5279	0
5280	1
5281	0
5282	1
5283	0
5284	1
5285	0
5286	0
5287	0
5288	1
5289	0
5290	1
5291	1
5292	2
5293	0
5294	1
5295	2
5296	0
5297	0
5298	1
5299	0
5300	2
5301	0
5302	1
5303	3
5304	0
5305	0
5306	0
5307	0
5308	1
5309	1
5310	0
5311	1
5312	0
5313	3
5314	1
5315	0
5316	0
5317	0
5318	1
5319	1
5320	0
5321	1
5322	1
5323	0
5324	0
5325	0
5326	0
5327	0
5328	0
5329	0
5330	1
5331	1
5332	0
5333	0
5334	2
5335	0
5336	1
5337	0
5338	0
5339	0
5340	0
5341	1
5342	0
5343	0
5344	0
5345	0
5346	1
5347	0
5348	0
5349	0
5350	0
5351	1
5352	0
5353	0
5354	1
5355	0
5356	1
5357	0
5358	0
5359	0
5360	0
5361	0
5362	0
5363	0
5364	1
5365	0
5366	0
5367	0
5368	0
5369	0
5370	0
5371	0
5372	0
5373	0
5374	0
5375	1
5376	1
5377	1
5378	0
5379	0
5380	1
5381	0
5382	1
5383	1
5384	0
5385	0
5386	1
5387	0
5388	0
5389	1
5390	0
5391	1
5392	0
5393	0
5394	0
5395	0
5396	1
5397	1
5398	0
5399	0
5400	1
5401	0
5402	0
5403	0
5404	0
5405	0
5406	0
5407	0
5408	0
5409	1
5410	0
5411	0
5412	2
5413	0
5414	0
5415	0
5416	0
5417	1
5418	0
5419	2
5420	0
5421	2
5422	0
5423	0
5424	0
5425	1
5426	1
5427	0
5428	0
5429	1
5430	1
5431	0
5432	0
5433	0
5434	1
5435	0
5436	0
5437	2
5438	1
5439	0
5440	0
5441	1
5442	0
5443	0
5444	1
5445	0
5446	0
5447	0
5448	1
5449	0
5450	0
5451	0
5452	0
5453	0
5454	1
5455	0
5456	0
5457	1
5458	0
5459	0
5460	0
5461	2
5462	0
5463	1
5464	0
5465	0
5466	0
5467	0
5468	0
5469	0
5470	0
5471	1
5472	0
5473	1
5474	0
5475	0
5476	0
5477	0
5478	0
5479	0
5480	0
5481	0
5482	1
5483	0
5484	0
5485	0
5486	1
5487	0
5488	0
5489	0
5490	0
5491	0
5492	1
5493	1
5494	0
5495	1
5496	1
5497	0
5498	0
5499	0
5500	1
5501	0
5502	0
5503	0
5504	0
5505	0
5506	1
5507	1
5508	1
5509	0
5510	0
5511	0
5512	0
5513	0
5514	1
5515	0
5516	0
5517	0
5518	1
5519	0
5520	1
5521	0
5522	1
5523	1
5524	0
5525	0
5526	0
5527	0
5528	1
5529	0
5530	0
5531	1
5532	0
5533	0
5534	0
5535	0
5536	0
5537	0
5538	1
5539	1
5540	0
5541	0
5542	1
5543	0
5544	1
5545	0
5546	0
5547	1
5548	1
5549	0
5550	0
5551	1
5552	0
5553	1
5554	0
5555	0
5556	1
5557	0
5558	0
5559	0
5560	0
5561	0
5562	0
5563	0
5564	0
5565	0
5566	0
5567	1
5568	0
5569	0
5570	0
5571	1
5572	0
5573	0
5574	3
5575	0
5576	0
5577	0
5578	0
5579	0
5580	1
5581	1
5582	0
5583	0
5584	0
5585	1
5586	0
5587	0
5588	0
5589	0
5590	1
5591	0
5592	0
5593	1
5594	0
5595	0
5596	0
5597	0
5598	2
5599	1
5600	1
5601	0
5602	0
5603	0
5604	1
5605	0
5606	1
5607	1
5608	0
5609	1
5610	1
5611	0
5612	0
5613	0
5614	0
5615	1
5616	0
5617	0
5618	1
5619	0
5620	0
5621	0
5622	2
5623	1
5624	0
5625	1
5626	1
5627	1
5628	1
5629	0
5630	0
5631	2
5632	1
5633	1
5634	0
5635	0
5636	0
5637	0
5638	0
5639	0
5640	1
5641	0
5642	1
5643	1
5644	2
5645	0
5646	1
5647	1
5648	0
5649	0
5650	0
5651	1
5652	1
5653	0
5654	0
5655	0
5656	1
5657	0
5658	0
5659	0
5660	0
5661	1
5662	1
5663	0
5664	0
5665	1
5666	0
5667	0
5668	0
5669	0
5670	0
5671	0
5672	2
5673	2
5674	1
5675	1
5676	0
5677	0
5678	0
5679	0
5680	1
5681	0
5682	0
5683	0
5684	0
5685	0
5686	1
5687	1
5688	0
5689	1
5690	0
5691	1
5692	1
5693	0
5694	1
5695	0
5696	0
5697	0
5698	0
5699	3
5700	0
5701	1
5702	1
5703	0
5704	1
5705	0
5706	0
5707	0
5708	0
5709	1
5710	0
5711	0
5712	0
5713	0
5714	0
5715	0
5716	0
5717	0
5718	1
5719	0
5720	1
5721	0
5722	0
5723	0
5724	1
5725	1
5726	0
5727	0
5728	1
5729	1
5730	2
5731	0
5732	1
5733	0
5734	1
5735	0
5736	0
5737	1
5738	1
5739	1
5740	1
5741	1
5742	1
5743	0
5744	0
5745	0
5746	0
5747	1
5748	0
5749	0
5750	2
5751	0
5752	0
5753	1
5754	0
5755	0
5756	0
5757	2
5758	0
5759	0
5760	0
5761	0
5762	0
5763	2
5764	0
5765	0
5766	0
5767	0
5768	0
5769	0
5770	2
5771	0
5772	0
5773	0
5774	1
5775	0
5776	1
5777	0
5778	0
5779	0
5780	0
5781	0
5782	0
5783	0
5784	0
5785	1
5786	0
5787	0
5788	0
5789	1
5790	0
5791	0
5792	1
5793	0
5794	0
5795	0
5796	1
5797	0
5798	0
5799	0
5800	0
5801	0
5802	0
5803	0
5804	1
5805	0
5806	2
5807	1
5808	0
5809	1
5810	0
5811	1
5812	1
5813	0
5814	0
5815	0
5816	0
5817	0
5818	0
5819	1
5820	0
5821	0
5822	0
5823	0
5824	0
5825	0
5826	0
5827	0
5828	0
5829	0
5830	0
5831	0
5832	1
5833	0
5834	1
5835	0
5836	0
5837	0
5838	1
5839	1
5840	0
5841	0
5842	1
5843	2
5844	2
5845	1
5846	0
5847	1
5848	0
5849	0
5850	0
5851	1
5852	1
5853	0
5854	0
5855	0
5856	1
5857	0
5858	0
5859	0
5860	0
5861	0
5862	0
5863	0
5864	0
5865	0
5866	0
5867	0
5868	1
5869	3
5870	0
5871	0
5872	0
5873	0
5874	0
5875	0
5876	0
5877	1
5878	0
5879	2
5880	0
5881	0
5882	0
5883	1
5884	0
5885	0
5886	0
5887	1
5888	0
5889	0
5890	0
5891	1
5892	0
5893	0
5894	1
5895	0
5896	1
5897	0
5898	1
5899	0
5900	0
5901	0
5902	0
5903	0
5904	0
5905	0
5906	0
5907	1
5908	0
5909	0
5910	0
5911	0
5912	0
5913	0
5914	3
5915	0
5916	0
5917	1
5918	0
5919	1
5920	2
5921	0
5922	0
5923	0
5924	1
5925	0
5926	1
5927	1
5928	0
5929	0
5930	2
5931	1
5932	1
5933	1
5934	1
5935	0
5936	0
5937	1
5938	0
5939	0
5940	1
5941	0
5942	0
5943	0
5944	1
5945	0
5946	0
5947	0
5948	1
5949	0
5950	1
5951	0
5952	0
5953	1
5954	0
5955	1
5956	1
5957	1
5958	0
5959	1
5960	0
5961	0
5962	0
5963	0
5964	0
5965	0
5966	0
5967	0
5968	0
5969	0
5970	1
5971	1
5972	0
5973	0
5974	0
5975	0
5976	0
5977	1
5978	0
5979	0
5980	1
5981	1
5982	0
5983	0
5984	0
5985	0
5986	0
5987	1
5988	1
5989	1
5990	1
5991	0
5992	0
5993	2
5994	0
5995	0
5996	0
5997	0
5998	1
5999	0
6000	0
6001	0
6002	0
6003	0
6004	0
6005	0
6006	0
6007	1
6008	0
6009	0
6010	0
6011	0
6012	1
6013	0
6014	0
6015	0
6016	1
6017	0
6018	0
6019	0
6020	0
6021	0
6022	1
6023	0
6024	0
6025	1
6026	0
6027	1
6028	0
6029	1
6030	1
6031	1
6032	0
6033	1
6034	1
6035	0
6036	0
6037	3
6038	0
6039	2
6040	0
6041	0
6042	0
6043	0
6044	0
6045	0
6046	0
6047	0
6048	1
6049	0
6050	0
6051	0
6052	0
6053	0
6054	1
6055	0
6056	0
6057	0
6058	1
6059	0
6060	0
6061	1
6062	0
6063	1
6064	0
6065	0
6066	0
6067	1
6068	0
6069	1
6070	0
6071	0
6072	0
6073	1
6074	0
6075	1
6076	0
6077	0
6078	0
6079	2
6080	0
6081	1
6082	0
6083	0
6084	0
6085	0
6086	1
6087	0
6088	0
6089	0
6090	2
6091	0
6092	0
6093	0
6094	0
6095	0
6096	0
6097	1
6098	0
6099	0
6100	0
6101	0
6102	1
6103	0
6104	0
6105	1
6106	0
6107	0
6108	0
6109	0
6110	0
6111	0
6112	0
6113	0
6114	0
6115	0
6116	0
6117	0
6118	1
6119	0
6120	0
6121	0
6122	0
6123	0
6124	0
6125	0
6126	0
6127	0
6128	0
6129	0
6130	0
6131	0
6132	0
6133	0
6134	1
6135	1
6136	0
6137	1
6138	0
6139	0
6140	0
6141	0
6142	0
6143	1
6144	1
6145	1
6146	0
6147	0
6148	0
6149	0
6150	1
6151	1
6152	0
6153	0
6154	0
6155	0
6156	1
6157	1
6158	0
6159	0
6160	1
6161	0
6162	0
6163	0
6164	0
6165	0
6166	0
6167	0
6168	0
6169	0
6170	1
6171	0
6172	0
6173	0
6174	0
6175	1
6176	0
6177	0
6178	0
6179	0
6180	0
6181	0
6182	0
6183	0
6184	0
6185	1
6186	0
6187	0
6188	0
6189	0
6190	0
6191	0
6192	0
6193	0
6194	1
6195	0
6196	0
6197	1
6198	0
6199	0
6200	0
6201	0
6202	1
6203	1
6204	0
6205	0
6206	0
6207	1
6208	1
6209	0
6210	0
6211	0
6212	1
6213	0
6214	0
6215	0
6216	0
6217	0
6218	0
6219	0
6220	0
6221	1
6222	0
6223	0
6224	1
6225	2
6226	1
6227	0
6228	0
6229	1
6230	0
6231	0
6232	0
6233	0
6234	0
6235	1
6236	1
6237	0
6238	0
6239	0
6240	0
6241	0
6242	0
6243	0
6244	1
6245	3
6246	0
6247	1
6248	0
6249	0
6250	0
6251	0
6252	0
6253	0
6254	1
6255	0
6256	1
6257	1
6258	0
6259	0
6260	0
6261	0
6262	0
6263	0
6264	0
6265	1
6266	1
6267	0
6268	0
6269	0
6270	0
6271	0
6272	0
6273	0
6274	0
6275	0
6276	0
6277	0
6278	0
6279	0
6280	0
6281	0
6282	0
6283	0
6284	0
6285	0
6286	0
6287	1
6288	0
6289	0
6290	0
6291	0
6292	0
6293	0
6294	0
6295	0
6296	1
6297	0
6298	0
6299	0
6300	0
6301	2
6302	0
6303	0
6304	0
6305	1
6306	0
6307	0
6308	0
6309	0
6310	0
6311	0
6312	0
6313	1
6314	0
6315	0
6316	0
6317	0
6318	0
6319	1
6320	1
6321	0
6322	0
6323	0
6324	2
6325	1
6326	1
6327	0
6328	0
6329	1
6330	0
6331	0
6332	0
6333	0
6334	0
6335	0
6336	0
6337	0
6338	1
6339	0
6340	0
6341	0
6342	0
6343	0
6344	0
6345	0
6346	1
6347	1
6348	0
6349	0
6350	1
6351	0
6352	0
6353	1
6354	0
6355	0
6356	1
6357	0
6358	0
6359	1
6360	0
6361	0
6362	0
6363	0
6364	0
6365	0
6366	0
6367	1
6368	0
6369	0
6370	0
6371	1
6372	1
6373	0
6374	2
6375	0
6376	0
6377	1
6378	0
6379	0
6380	0
6381	0
6382	0
6383	0
6384	0
6385	0
6386	0
6387	0
6388	1
6389	0
6390	0
6391	0
6392	0
6393	0
6394	0
6395	2
6396	0
6397	0
6398	1
6399	1
6400	0
6401	0
6402	0
6403	0
6404	1
6405	0
6406	0
6407	0
6408	0
6409	1
6410	1
6411	0
6412	0
6413	0
6414	1
6415	0
6416	0
6417	0
6418	0
6419	1
6420	1
6421	1
6422	0
6423	0
6424	0
6425	2
6426	0
6427	0
6428	0
6429	1
6430	0
6431	0
6432	0
6433	0
6434	0
6435	0
6436	0
6437	0
6438	0
6439	0
6440	0
6441	0
6442	1
6443	0
6444	0
6445	1
6446	0
6447	0
6448	0
6449	0
6450	0
6451	0
6452	0
6453	0
6454	0
6455	0
6456	1
6457	1
6458	0
6459	0
6460	0
6461	1
6462	2
6463	1
6464	1
6465	1
6466	0
6467	0
6468	0
6469	0
6470	0
6471	0
6472	0
6473	0
6474	0
6475	1
6476	0
6477	0
6478	0
6479	0
6480	0
6481	0
6482	0
6483	0
6484	0
6485	0
6486	2
6487	1
6488	0
6489	2
6490	0
6491	0
6492	0
6493	1
6494	0
6495	1
6496	0
6497	0
6498	0
6499	1
6500	0
6501	0
6502	0
6503	0
6504	0
6505	0
6506	0
6507	0
6508	0
6509	0
6510	0
6511	0
6512	0
6513	0
6514	0
6515	1
6516	0
6517	0
6518	0
6519	0
6520	0
6521	0
6522	0
6523	1
6524	0
6525	1
6526	1
6527	1
6528	0
6529	2
6530	0
6531	1
6532	0
6533	0
6534	0
6535	1
6536	2
6537	1
6538	0
6539	0
6540	1
6541	0
6542	1
6543	0
6544	0
6545	0
6546	0
6547	0
6548	0
6549	0
6550	0
6551	0
6552	0
6553	0
6554	0
6555	0
6556	1
6557	0
6558	1
6559	2
6560	1
6561	1
6562	0
6563	0
6564	0
6565	0
6566	0
6567	0
6568	0
6569	0
6570	0
6571	1
6572	0
6573	0
6574	0
6575	0
6576	1
6577	0
6578	0
6579	1
6580	0
6581	0
6582	0
6583	1
6584	1
6585	0
6586	0
6587	0
6588	0
6589	0
6590	0
6591	0
6592	0
6593	0
6594	0
6595	0
6596	0
6597	1
6598	2
6599	1
6600	0
6601	0
6602	1
6603	0
6604	0
6605	0
6606	0
6607	0
6608	1
6609	0
6610	1
6611	0
6612	0
6613	0
6614	0
6615	1
6616	0
6617	0
6618	0
6619	0
6620	0
6621	0
6622	0
6623	0
6624	0
6625	0
6626	1
6627	0
6628	0
6629	0
6630	0
6631	0
6632	1
6633	0
6634	0
6635	0
6636	1
6637	0
6638	0
6639	0
6640	1
6641	0
6642	0
6643	1
6644	0
6645	1
6646	0
6647	0
6648	1
6649	0
6650	0
6651	0
6652	1
6653	1
6654	0
6655	0
6656	0
6657	0
6658	1
6659	0
6660	0
6661	0
6662	0
6663	1
6664	0
6665	1
6666	1
6667	0
6668	0
6669	0
6670	1
6671	0
6672	1
6673	2
6674	0
6675	0
6676	1
6677	1
6678	1
6679	0
6680	0
6681	0
6682	1
6683	0
6684	1
6685	1
6686	1
6687	0
6688	1
6689	1
6690	0
6691	1
6692	0
6693	1
6694	0
6695	0
6696	0
6697	1
6698	0
6699	1
6700	0
6701	0
6702	0
6703	0
6704	0
6705	1
6706	0
6707	0
6708	0
6709	1
6710	1
6711	0
6712	0
6713	2
6714	0
6715	0
6716	0
6717	0
6718	2
6719	0
6720	0
6721	1
6722	1
6723	0
6724	0
6725	0
6726	1
6727	1
6728	0
6729	0
6730	1
6731	0
6732	1
6733	0
6734	0
6735	0
6736	0
6737	0
6738	0
6739	1
6740	1
6741	0
6742	2
6743	1
6744	0
6745	0
6746	0
6747	0
6748	0
6749	0
6750	1
6751	0
6752	0
6753	0
6754	0
6755	0
6756	0
6757	0
6758	1
6759	0
6760	0
6761	1
6762	2
6763	1
6764	0
6765	1
6766	0
6767	1
6768	0
6769	1
6770	1
6771	0
6772	0
6773	0
6774	1
6775	1
6776	0
6777	0
6778	0
6779	0
6780	0
6781	0
6782	1
6783	2
6784	1
6785	1
6786	0
6787	0
6788	0
6789	0
6790	0
6791	0
6792	0
6793	0
6794	1
6795	0
6796	0
6797	0
6798	0
6799	0
6800	0
6801	0
6802	0
6803	1
6804	0
6805	0
6806	0
6807	0
6808	0
6809	0
6810	0
6811	0
6812	0
6813	0
6814	0
6815	0
6816	1
6817	2
6818	1
6819	0
6820	0
6821	0
6822	0
6823	0
6824	0
6825	0
6826	1
6827	0
6828	2
6829	0
6830	0
6831	0
6832	0
6833	0
6834	1
6835	0
6836	0
6837	0
6838	0
6839	2
6840	0
6841	0
6842	0
6843	0
6844	1
6845	3
6846	3
6847	1
6848	0
6849	0
6850	1
6851	1
6852	0
6853	0
6854	1
6855	0
6856	0
6857	0
6858	1
6859	1
6860	1
6861	0
6862	1
6863	1
6864	0
6865	0
6866	0
6867	1
6868	0
6869	1
6870	2
6871	0
6872	2
6873	0
6874	0
6875	0
6876	0
6877	0
6878	1
6879	0
6880	1
6881	1
6882	0
6883	0
6884	1
6885	0
6886	1
6887	1
6888	0
6889	0
6890	0
6891	0
6892	1
6893	0
6894	0
6895	0
6896	1
6897	0
6898	1
6899	0
6900	0
6901	0
6902	2
6903	0
6904	0
6905	0
6906	0
6907	0
6908	0
6909	0
6910	0
6911	1
6912	0
6913	0
6914	0
6915	1
6916	0
6917	1
6918	2
6919	1
6920	0
6921	1
6922	0
6923	0
6924	0
6925	0
6926	0
6927	0
6928	0
6929	1
6930	0
6931	0
6932	0
6933	0
6934	0
6935	0
6936	1
6937	0
6938	0
6939	0
6940	1
6941	1
6942	0
6943	1
6944	0
6945	0
6946	0
6947	0
6948	0
6949	0
6950	1
6951	1
6952	0
6953	0
6954	0
6955	0
6956	0
6957	0
6958	0
6959	0
6960	0
6961	1
6962	0
6963	0
6964	0
6965	0
6966	0
6967	0
6968	1
6969	1
6970	0
6971	0
6972	0
6973	0
6974	0
6975	0
6976	0
6977	0
6978	0
6979	0
6980	0
6981	0
6982	1
6983	0
6984	0
6985	0
6986	0
6987	0
6988	1
6989	1
6990	1
6991	0
6992	0
6993	0
6994	0
6995	0
6996	0
6997	0
6998	1
6999	0
7000	0
7001	0
7002	0
7003	0
7004	1
7005	0
7006	1
7007	1
7008	0
7009	1
7010	0
7011	1
7012	0
7013	0
7014	1
7015	0
7016	0
7017	1
7018	0
7019	0
7020	0
7021	0
7022	1
7023	0
7024	0
7025	1
7026	0
7027	0
7028	1
7029	0
7030	0
7031	0
7032	1
7033	0
7034	1
7035	2
7036	0
7037	0
7038	0
7039	0
7040	0
7041	1
7042	1
7043	0
7044	1
7045	1
7046	1
7047	0
7048	1
7049	0
7050	0
7051	0
7052	1
7053	2
7054	0
7055	1
7056	0
7057	3
7058	2
7059	0
7060	0
7061	0
7062	0
7063	0
7064	0
7065	0
7066	0
7067	0
7068	1
7069	0
7070	0
7071	0
7072	0
7073	1
7074	1
7075	0
7076	0
7077	1
7078	0
7079	1
7080	1
7081	0
7082	0
7083	0
7084	0
7085	0
7086	1
7087	0
7088	0
7089	0
7090	0
7091	0
7092	0
7093	0
7094	0
7095	0
7096	0
7097	0
7098	0
7099	0
7100	0
7101	1
7102	0
7103	0
7104	1
7105	0
7106	0
7107	0
7108	0
7109	0
7110	0
7111	1
7112	0
7113	0
7114	0
7115	0
7116	0
7117	2
7118	0
7119	1
7120	0
7121	0
7122	0
7123	0
7124	0
7125	0
7126	0
7127	0
7128	0
7129	0
7130	0
7131	0
7132	0
7133	1
7134	0
7135	0
7136	0
7137	0
7138	0
7139	0
7140	0
7141	0
7142	0
7143	0
7144	0
7145	0
7146	0
7147	0
7148	0
7149	1
7150	0
7151	0
7152	0
7153	0
7154	1
7155	0
7156	0
7157	0
7158	0
7159	0
7160	0
7161	0
7162	0
7163	0
7164	0
7165	1
7166	0
7167	0
7168	0
7169	0
7170	1
7171	0
7172	1
7173	0
7174	0
7175	0
7176	0
7177	0
7178	1
7179	0
7180	0
7181	0
7182	0
7183	0
7184	0
7185	1
7186	0
7187	0
7188	0
7189	0
7190	0
7191	1
7192	0
7193	1
7194	1
7195	0
7196	0
7197	0
7198	0
7199	0
7200	0
7201	0
7202	0
7203	1
7204	0
7205	0
7206	0
7207	0
7208	1
7209	0
7210	0
7211	0
7212	0
7213	0
7214	0
7215	0
7216	0
7217	0
7218	0
7219	0
7220	0
7221	0
7222	0
7223	2
7224	0
7225	0
7226	1
7227	0
7228	0
7229	1
7230	0
7231	1
7232	0
7233	0
7234	0
7235	0
7236	1
7237	0
7238	0
7239	1
7240	0
7241	0
7242	0
7243	1
7244	0
7245	0
7246	0
7247	0
7248	0
7249	1
7250	0
7251	1
7252	0
7253	0
7254	1
7255	1
7256	0
7257	0
7258	0
7259	1
7260	0
7261	0
7262	1
7263	0
7264	0
7265	0
7266	0
7267	2
7268	1
7269	1
7270	0
7271	1
7272	0
7273	1
7274	1
7275	0
7276	0
7277	1
7278	0
7279	1
7280	0
7281	0
7282	0
7283	1
7284	1
7285	0
7286	1
7287	0
7288	0
7289	0
7290	0
7291	0
7292	1
7293	0
7294	1
7295	0
7296	1
7297	0
7298	0
7299	0
7300	1
7301	0
7302	2
7303	0
7304	0
7305	0
7306	2
7307	0
7308	0
7309	0
7310	1
7311	1
7312	0
7313	1
7314	0
7315	0
7316	1
7317	0
7318	0
7319	1
7320	1
7321	0
7322	0
7323	0
7324	0
7325	0
7326	0
7327	0
7328	1
7329	0
7330	0
7331	0
7332	0
7333	0
7334	0
7335	0
7336	0
7337	3
7338	0
7339	0
7340	0
7341	0
7342	0
7343	0
7344	0
7345	0
7346	1
7347	0
7348	0
7349	0
7350	0
7351	1
7352	0
7353	1
7354	0
7355	1
7356	0
7357	0
7358	1
7359	1
7360	1
7361	0
7362	1
7363	0
7364	0
7365	0
7366	0
7367	0
7368	0
7369	2
7370	0
7371	0
7372	0
7373	0
7374	0
7375	0
7376	1
7377	1
7378	1
7379	0
7380	1
7381	1
7382	0
7383	0
7384	0
7385	0
7386	0
7387	0
7388	0
7389	0
7390	0
7391	0
7392	0
7393	0
7394	0
7395	0
7396	0
7397	1
7398	0
7399	0
7400	0
7401	0
7402	0
7403	0
7404	1
7405	1
7406	0
7407	0
7408	1
7409	0
7410	1
7411	1
7412	0
7413	0
7414	1
7415	0
7416	0
7417	1
7418	2
7419	0
7420	0
7421	1
7422	0
7423	0
7424	0
7425	1
7426	0
7427	0
7428	0
7429	1
7430	0
7431	1
7432	0
7433	0
7434	0
7435	0
7436	1
7437	0
7438	0
7439	1
7440	0
7441	0
7442	0
7443	1
7444	0
7445	1
7446	1
7447	1
7448	0
7449	0
7450	1
7451	0
7452	0
7453	0
7454	0
7455	1
7456	0
7457	0
7458	0
7459	0
7460	0
7461	0
7462	0
7463	0
7464	0
7465	1
7466	0
7467	1
7468	0
7469	1
7470	0
7471	1
7472	0
7473	0
7474	2
7475	0
7476	0
7477	1
7478	0
7479	0
7480	1
7481	0
7482	1
7483	1
7484	0
7485	0
7486	0
7487	0
7488	0
7489	0
7490	0
7491	0
7492	1
7493	0
7494	0
7495	1
7496	1
7497	0
7498	0
7499	1
7500	0
7501	0
7502	0
7503	1
7504	0
7505	0
7506	1
7507	0
7508	0
7509	0
7510	0
7511	1
7512	0
7513	1
7514	0
7515	0
7516	0
7517	0
7518	0
7519	0
7520	0
7521	0
7522	1
7523	0
7524	0
7525	0
7526	0
7527	2
7528	0
7529	2
7530	1
7531	0
7532	0
7533	1
7534	1
7535	0
7536	1
7537	0
7538	1
7539	0
7540	0
7541	0
7542	0
7543	2
7544	0
7545	1
7546	0
7547	0
7548	1
7549	1
7550	0
7551	0
7552	1
7553	0
7554	0
7555	0
7556	1
7557	0
7558	0
7559	0
7560	1
7561	1
7562	0
7563	0
7564	0
7565	2
7566	0
7567	1
7568	0
7569	0
7570	0
7571	1
7572	0
7573	0
7574	1
7575	0
7576	1
7577	0
7578	0
7579	0
7580	0
7581	0
7582	1
7583	0
7584	1
7585	0
7586	0
7587	0
7588	0
7589	1
7590	0
7591	0
7592	0
7593	0
7594	0
7595	0
7596	0
7597	0
7598	0
7599	0
7600	0
7601	0
7602	0
7603	1
7604	0
7605	0
7606	0
7607	0
7608	3
7609	0
7610	1
7611	0
7612	1
7613	1
7614	0
7615	0
7616	0
7617	1
7618	0
7619	0
7620	0
7621	0
7622	2
7623	1
7624	0
7625	0
7626	0
7627	0
7628	0
7629	1
7630	1
7631	1
7632	0
7633	0
7634	0
7635	1
7636	0
7637	0
7638	1
7639	0
7640	0
7641	0
7642	0
7643	0
7644	1
7645	0
7646	1
7647	0
7648	0
7649	1
7650	0
7651	0
7652	0
7653	0
7654	0
7655	0
7656	1
7657	1
7658	1
7659	1
7660	0
7661	0
7662	0
7663	0
7664	0
7665	0
7666	0
7667	0
7668	1
7669	0
7670	0
7671	0
7672	0
7673	0
7674	1
7675	0
7676	1
7677	0
7678	0
7679	0
7680	1
7681	0
7682	0
7683	1
7684	0
7685	1
7686	0
7687	0
7688	0
7689	0
7690	0
7691	0
7692	0
7693	2
7694	0
7695	0
7696	0
7697	0
7698	1
7699	0
7700	0
7701	0
7702	0
7703	0
7704	0
7705	0
7706	2
7707	0
7708	0
7709	0
7710	0
7711	0
7712	0
7713	0
7714	0
7715	0
7716	0
7717	0
7718	0
7719	0
7720	1
7721	0
7722	0
7723	0
7724	0
7725	0
7726	0
7727	0
7728	1
7729	0
7730	0
7731	0
7732	0
7733	0
7734	0
7735	1
7736	0
7737	0
7738	1
7739	1
7740	0
7741	0
7742	0
7743	0
7744	1
7745	1
7746	1
7747	0
7748	0
7749	0
7750	0
7751	0
7752	1
7753	0
7754	0
7755	0
7756	0
7757	2
7758	0
7759	0
7760	0
7761	0
7762	0
7763	1
7764	2
7765	0
7766	1
7767	0
7768	0
7769	0
7770	1
7771	1
7772	1
7773	1
7774	0
7775	0
7776	0
7777	0
7778	0
7779	0
7780	0
7781	0
7782	0
7783	0
7784	0
7785	0
7786	0
7787	0
7788	1
7789	0
7790	0
7791	0
7792	0
7793	0
7794	0
7795	2
7796	0
7797	1
7798	0
7799	1
7800	1
7801	0
7802	0
7803	0
7804	0
7805	0
7806	0
7807	0
7808	0
7809	1
7810	0
7811	0
7812	0
7813	0
7814	0
7815	0
7816	0
7817	0
7818	0
7819	0
7820	1
7821	1
7822	0
7823	0
7824	0
7825	0
7826	0
7827	1
7828	2
7829	0
7830	1
7831	1
7832	0
7833	0
7834	0
7835	0
7836	0
7837	0
7838	0
7839	1
7840	0
7841	0
7842	0
7843	1
7844	0
7845	0
7846	0
7847	0
7848	1
7849	0
7850	1
7851	0
7852	0
7853	0
7854	0
7855	0
7856	0
7857	1
7858	1
7859	1
7860	0
7861	0
7862	1
7863	1
7864	3
7865	1
7866	0
7867	2
7868	1
7869	2
7870	1
7871	0
7872	1
7873	0
7874	1
7875	0
7876	0
7877	2
7878	0
7879	0
7880	0
7881	0
7882	0
7883	0
7884	1
7885	0
7886	0
7887	0
7888	0
7889	1
7890	0
7891	1
7892	0
7893	1
7894	0
7895	0
7896	1
7897	1
7898	0
7899	0
7900	0
7901	0
7902	0
7903	0
7904	0
7905	0
7906	1
7907	0
7908	0
7909	0
7910	0
7911	0
7912	0
7913	0
7914	1
7915	0
7916	0
7917	1
7918	1
7919	2
7920	0
7921	1
7922	1
7923	0
7924	0
7925	0
7926	0
7927	0
7928	0
7929	0
7930	0
7931	0
7932	0
7933	1
7934	0
7935	1
7936	0
7937	0
7938	1
7939	0
7940	0
7941	0
7942	0
7943	0
7944	0
7945	1
7946	0
7947	0
7948	0
7949	1
7950	0
7951	1
7952	0
7953	0
7954	0
7955	0
7956	0
7957	0
7958	0
7959	0
7960	1
7961	0
7962	0
7963	1
7964	1
7965	0
7966	2
7967	0
7968	0
7969	0
7970	0
7971	0
7972	0
7973	1
7974	0
7975	0
7976	0
7977	0
7978	0
7979	0
7980	0
7981	0
7982	1
7983	0
7984	1
7985	0
7986	0
7987	0
7988	0
7989	0
7990	0
7991	0
7992	0
7993	0
7994	0
7995	0
7996	0
7997	1
7998	0
7999	0
8000	0
8001	0
8002	0
8003	0
8004	0
8005	1
8006	0
8007	0
8008	0
8009	0
8010	3
8011	0
8012	1
8013	0
8014	0
8015	0
8016	0
8017	0
8018	0
8019	0
8020	1
8021	0
8022	0
8023	0
8024	0
8025	1
8026	0
8027	0
8028	0
8029	1
8030	0
8031	0
8032	0
8033	1
8034	0
8035	1
8036	0
8037	1
8038	0
8039	0
8040	1
8041	0
8042	0
8043	0
8044	0
8045	0
8046	0
8047	0
8048	0
8049	1
8050	0
8051	1
8052	1
8053	0
8054	0
8055	0
8056	0
8057	0
8058	0
8059	0
8060	0
8061	0
8062	0
8063	0
8064	0
8065	0
8066	0
8067	0
8068	0
8069	0
8070	0
8071	0
8072	0
8073	0
8074	0
8075	0
8076	0
8077	0
8078	0
8079	0
8080	0
8081	0
8082	0
8083	0
8084	0
8085	0
8086	0
8087	0
8088	0
8089	0
8090	0
8091	0
8092	0
8093	0
8094	0
8095	0
8096	0
8097	0
8098	0
8099	0
8100	0
8101	0
8102	0
8103	0
8104	0
8105	0
8106	0
8107	0
8108	0
8109	0
8110	0
8111	0
8112	0
8113	0
8114	0
8115	0
8116	0
8117	0
8118	0
8119	0
8120	0
8121	0
8122	0
8123	0
8124	0
8125	0
8126	0
8127	0
8128	0
8129	0
8130	0
8131	0
8132	0
8133	0
8134	0
8135	0
8136	0
8137	0
8138	0
8139	0
8140	0
8141	0
8142	0
8143	0
8144	0
8145	0
8146	0
8147	0
8148	0
8149	0
8150	0
8151	0
8152	0
8153	0
8154	0
8155	0
8156	0
8157	0
8158	0
8159	0
8160	0
8161	0
8162	0
8163	0
8164	0
8165	0
8166	0
8167	0
8168	0
8169	0
8170	0
8171	0
8172	0
8173	0
8174	0
8175	0
8176	0
8177	0
8178	0
8179	0
8180	0
8181	0
8182	0
8183	0
8184	0
8185	0
8186	0
8187	0
8188	0
8189	0
8190	0
8191	0
