-2	86400
-1	88291.96
0	0
1	0
2	0
3	0
4	0
5	0
6	0
7	0
8	0
9	0
10	0
11	0
12	0
13	0
14	0
15	0
16	0
17	0
18	0
19	0
20	0
21	0
22	0
23	0
24	0
25	0
26	0
27	0
28	0
29	0
30	0
31	0
32	0
33	0
34	0
35	0
36	0
37	0
38	0
39	0
40	0
41	0
42	0
43	0
44	0
45	0
46	5
47	0
48	0
49	28
50	103
51	153
52	157
53	187
54	195
55	234
56	258
57	281
58	274
59	251
60	265
61	256
62	232
63	240
64	258
65	210
66	260
67	225
68	213
69	243
70	246
71	233
72	255
73	276
74	252
75	245
76	236
77	269
78	255
79	234
80	259
81	245
82	251
83	253
84	238
85	228
86	255
87	227
88	248
89	253
90	239
91	264
92	261
93	277
94	273
95	243
96	244
97	258
98	255
99	263
100	260
101	258
102	254
103	282
104	283
105	246
106	275
107	278
108	286
109	269
110	284
111	309
112	301
113	298
114	305
115	321
116	328
117	311
118	298
119	313
120	324
121	308
122	355
123	339
124	374
125	366
126	328
127	369
128	373
129	395
130	378
131	341
132	388
133	379
134	393
135	376
136	419
137	409
138	360
139	407
140	394
141	368
142	405
143	411
144	416
145	419
146	405
147	404
148	421
149	442
150	415
151	451
152	424
153	458
154	492
155	463
156	477
157	439
158	455
159	429
160	444
161	467
162	440
163	424
164	489
165	447
166	449
167	451
168	421
169	435
170	437
171	429
172	465
173	431
174	454
175	438
176	430
177	499
178	443
179	429
180	463
181	430
182	423
183	455
184	430
185	436
186	441
187	482
188	455
189	414
190	465
191	419
192	452
193	464
194	455
195	459
196	466
197	444
198	461
199	453
200	438
201	434
202	456
203	449
204	430
205	455
206	442
207	448
208	464
209	450
210	434
211	503
212	455
213	447
214	426
215	447
216	430
217	443
218	453
219	455
220	488
221	461
222	418
223	430
224	448
225	447
226	402
227	421
228	457
229	423
230	422
231	407
232	478
233	443
234	436
235	444
236	431
237	398
238	468
239	432
240	390
241	424
242	440
243	435
244	431
245	405
246	383
247	412
248	399
249	375
250	378
251	406
252	419
253	420
254	408
255	408
256	396
257	374
258	377
259	361
260	408
261	396
262	419
263	400
264	381
265	394
266	409
267	384
268	390
269	370
270	391
271	364
272	393
273	388
274	354
275	356
276	356
277	406
278	341
279	351
280	358
281	368
282	349
283	328
284	337
285	357
286	343
287	343
288	338
289	400
290	328
291	338
292	348
293	311
294	359
295	321
296	363
297	342
298	403
299	309
300	280
301	348
302	325
303	341
304	299
305	312
306	332
307	312
308	331
309	322
310	299
311	317
312	301
313	333
314	292
315	320
316	329
317	337
318	306
319	302
320	302
321	287
322	287
323	301
324	303
325	277
326	306
327	272
328	290
329	281
330	337
331	312
332	285
333	281
334	269
335	293
336	295
337	266
338	284
339	263
340	277
341	296
342	286
343	284
344	253
345	283
346	291
347	249
348	293
349	263
350	298
351	244
352	265
353	277
354	288
355	279
356	299
357	268
358	245
359	253
360	295
361	233
362	279
363	254
364	282
365	255
366	263
367	271
368	265
369	260
370	284
371	236
372	240
373	250
374	279
375	263
376	257
377	239
378	252
379	255
380	244
381	251
382	249
383	240
384	249
385	249
386	239
387	252
388	260
389	244
390	247
391	253
392	245
393	232
394	226
395	254
396	230
397	221
398	240
399	232
400	250
401	245
402	221
403	208
404	235
405	214
406	242
407	206
408	225
409	209
410	231
411	194
412	202
413	240
414	247
415	235
416	237
417	201
418	201
419	227
420	208
421	192
422	221
423	211
424	234
425	208
426	222
427	202
428	215
429	213
430	177
431	191
432	221
433	198
434	205
435	206
436	209
437	204
438	232
439	187
440	208
441	212
442	190
443	214
444	161
445	224
446	235
447	207
448	206
449	184
450	188
451	211
452	209
453	171
454	196
455	213
456	199
457	191
458	180
459	188
460	193
461	169
462	176
463	202
464	177
465	187
466	175
467	164
468	198
469	180
470	194
471	195
472	203
473	200
474	190
475	193
476	188
477	165
478	168
479	179
480	192
481	158
482	189
483	197
484	179
485	204
486	192
487	179
488	170
489	166
490	200
491	175
492	193
493	160
494	173
495	195
496	189
497	163
498	182
499	179
500	191
501	172
502	163
503	177
504	174
505	164
506	189
507	182
508	185
509	175
510	148
511	155
512	162
513	173
514	150
515	173
516	185
517	155
518	157
519	152
520	164
521	157
522	180
523	177
524	160
525	165
526	158
527	161
528	155
529	158
530	169
531	146
532	151
533	168
534	165
535	167
536	141
537	165
538	168
539	137
540	167
541	160
542	157
543	147
544	142
545	183
546	153
547	135
548	146
549	168
550	168
551	160
552	138
553	143
554	162
555	167
556	159
557	167
558	152
559	141
560	177
561	180
562	189
563	219
564	317
565	329
566	385
567	265
568	249
569	183
570	188
571	142
572	128
573	142
574	126
575	121
576	137
577	120
578	142
579	165
580	145
581	133
582	138
583	127
584	115
585	142
586	123
587	143
588	173
589	129
590	133
591	132
592	178
593	150
594	139
595	165
596	141
597	143
598	124
599	150
600	136
601	137
602	138
603	146
604	134
605	139
606	144
607	146
608	127
609	142
610	125
611	148
612	152
613	133
614	124
615	119
616	130
617	126
618	121
619	125
620	133
621	136
622	127
623	127
624	139
625	123
626	126
627	128
628	134
629	130
630	149
631	123
632	136
633	120
634	107
635	140
636	135
637	134
638	113
639	142
640	131
641	114
642	134
643	133
644	156
645	183
646	182
647	144
648	126
649	140
650	116
651	139
652	117
653	132
654	146
655	129
656	129
657	110
658	144
659	115
660	141
661	142
662	134
663	126
664	132
665	136
666	117
667	125
668	127
669	134
670	122
671	158
672	137
673	182
674	196
675	170
676	166
677	132
678	124
679	113
680	148
681	125
682	103
683	127
684	127
685	109
686	109
687	133
688	124
689	133
690	111
691	138
692	116
693	103
694	131
695	96
696	115
697	115
698	114
699	105
700	113
701	120
702	124
703	104
704	102
705	113
706	112
707	108
708	91
709	114
710	119
711	118
712	99
713	118
714	99
715	102
716	112
717	87
718	93
719	110
720	115
721	97
722	108
723	105
724	118
725	117
726	88
727	111
728	104
729	101
730	95
731	110
732	102
733	108
734	110
735	93
736	103
737	105
738	89
739	113
740	108
741	99
742	123
743	118
744	127
745	111
746	112
747	98
748	108
749	97
750	97
751	109
752	112
753	95
754	101
755	102
756	102
757	91
758	101
759	93
760	109
761	107
762	128
763	108
764	94
765	84
766	107
767	111
768	85
769	103
770	110
771	105
772	114
773	109
774	110
775	96
776	115
777	117
778	111
779	84
780	111
781	108
782	83
783	115
784	88
785	89
786	95
787	109
788	83
789	94
790	94
791	124
792	112
793	112
794	94
795	105
796	107
797	91
798	105
799	97
800	85
801	93
802	107
803	120
804	105
805	120
806	117
807	81
808	91
809	111
810	99
811	75
812	77
813	97
814	91
815	102
816	100
817	89
818	88
819	78
820	91
821	90
822	97
823	94
824	97
825	94
826	91
827	111
828	89
829	78
830	94
831	101
832	73
833	92
834	82
835	82
836	104
837	114
838	87
839	88
840	83
841	84
842	92
843	93
844	86
845	99
846	75
847	88
848	87
849	103
850	99
851	102
852	90
853	101
854	81
855	88
856	92
857	85
858	73
859	72
860	59
861	111
862	92
863	88
864	85
865	88
866	77
867	74
868	83
869	107
870	86
871	81
872	82
873	65
874	83
875	89
876	98
877	90
878	107
879	103
880	74
881	100
882	78
883	84
884	106
885	73
886	85
887	85
888	84
889	80
890	80
891	88
892	87
893	72
894	87
895	80
896	78
897	79
898	90
899	79
900	68
901	66
902	86
903	84
904	83
905	81
906	62
907	75
908	76
909	94
910	83
911	86
912	78
913	81
914	76
915	83
916	78
917	87
918	86
919	80
920	82
921	84
922	79
923	94
924	84
925	121
926	69
927	71
928	74
929	96
930	86
931	76
932	94
933	78
934	90
935	76
936	83
937	68
938	83
939	73
940	67
941	91
942	74
943	85
944	84
945	73
946	88
947	86
948	81
949	90
950	84
951	94
952	92
953	92
954	72
955	88
956	76
957	76
958	78
959	75
960	75
961	56
962	61
963	80
964	77
965	63
966	76
967	80
968	65
969	88
970	81
971	66
972	75
973	75
974	73
975	72
976	72
977	74
978	83
979	80
980	80
981	80
982	62
983	76
984	47
985	74
986	59
987	82
988	76
989	79
990	67
991	81
992	65
993	79
994	74
995	72
996	80
997	53
998	58
999	68
1000	85
1001	75
1002	82
1003	79
1004	68
1005	84
1006	127
1007	145
1008	164
1009	150
1010	94
1011	64
1012	74
1013	71
1014	61
1015	61
1016	74
1017	64
1018	56
1019	58
1020	59
1021	63
1022	72
1023	64
1024	64
1025	67
1026	60
1027	65
1028	58
1029	55
1030	62
1031	78
1032	76
1033	72
1034	82
1035	74
1036	68
1037	80
1038	88
1039	85
1040	83
1041	73
1042	56
1043	63
1044	63
1045	69
1046	78
1047	62
1048	75
1049	65
1050	84
1051	65
1052	63
1053	54
1054	80
1055	64
1056	50
1057	55
1058	66
1059	65
1060	68
1061	72
1062	72
1063	86
1064	69
1065	101
1066	106
1067	75
1068	72
1069	97
1070	112
1071	123
1072	112
1073	110
1074	81
1075	84
1076	58
1077	62
1078	50
1079	73
1080	63
1081	65
1082	62
1083	69
1084	50
1085	59
1086	49
1087	53
1088	58
1089	55
1090	67
1091	59
1092	61
1093	58
1094	63
1095	53
1096	69
1097	78
1098	68
1099	67
1100	75
1101	73
1102	72
1103	58
1104	52
1105	67
1106	71
1107	60
1108	83
1109	57
1110	52
1111	67
1112	64
1113	57
1114	56
1115	58
1116	52
1117	51
1118	64
1119	53
1120	72
1121	58
1122	57
1123	63
1124	50
1125	63
1126	70
1127	61
1128	42
1129	63
1130	62
1131	69
1132	73
1133	60
1134	55
1135	60
1136	53
1137	62
1138	83
1139	58
1140	67
1141	55
1142	71
1143	45
1144	68
1145	69
1146	51
1147	58
1148	47
1149	49
1150	57
1151	52
1152	64
1153	51
1154	58
1155	66
1156	75
1157	60
1158	71
1159	58
1160	52
1161	62
1162	52
1163	79
1164	58
1165	65
1166	70
1167	54
1168	70
1169	62
1170	55
1171	68
1172	79
1173	51
1174	57
1175	64
1176	62
1177	61
1178	56
1179	65
1180	54
1181	50
1182	65
1183	59
1184	61
1185	55
1186	55
1187	47
1188	47
1189	55
1190	61
1191	62
1192	60
1193	56
1194	60
1195	48
1196	61
1197	52
1198	62
1199	58
1200	57
1201	61
1202	55
1203	67
1204	44
1205	61
1206	56
1207	44
1208	60
1209	45
1210	55
1211	64
1212	60
1213	51
1214	63
1215	67
1216	56
1217	62
1218	58
1219	60
1220	46
1221	60
1222	55
1223	53
1224	53
1225	58
1226	68
1227	54
1228	56
1229	47
1230	58
1231	48
1232	52
1233	73
1234	57
1235	54
1236	61
1237	76
1238	89
1239	113
1240	100
1241	81
1242	64
1243	57
1244	66
1245	58
1246	53
1247	46
1248	54
1249	59
1250	59
1251	51
1252	53
1253	56
1254	58
1255	74
1256	72
1257	63
1258	53
1259	51
1260	59
1261	55
1262	49
1263	57
1264	55
1265	59
1266	55
1267	62
1268	55
1269	71
1270	53
1271	53
1272	69
1273	56
1274	61
1275	47
1276	56
1277	61
1278	49
1279	66
1280	60
1281	52
1282	49
1283	51
1284	47
1285	55
1286	53
1287	41
1288	58
1289	44
1290	55
1291	62
1292	51
1293	49
1294	48
1295	65
1296	50
1297	57
1298	63
1299	69
1300	39
1301	50
1302	53
1303	50
1304	54
1305	58
1306	55
1307	55
1308	53
1309	58
1310	46
1311	45
1312	45
1313	52
1314	56
1315	52
1316	47
1317	57
1318	50
1319	53
1320	44
1321	54
1322	52
1323	56
1324	55
1325	51
1326	60
1327	48
1328	45
1329	52
1330	57
1331	46
1332	47
1333	63
1334	55
1335	49
1336	59
1337	53
1338	45
1339	63
1340	54
1341	50
1342	53
1343	49
1344	34
1345	50
1346	65
1347	47
1348	54
1349	59
1350	63
1351	49
1352	50
1353	42
1354	72
1355	51
1356	44
1357	55
1358	44
1359	52
1360	38
1361	51
1362	54
1363	67
1364	48
1365	53
1366	54
1367	77
1368	61
1369	84
1370	81
1371	48
1372	55
1373	49
1374	47
1375	35
1376	65
1377	51
1378	48
1379	60
1380	42
1381	44
1382	48
1383	45
1384	51
1385	43
1386	49
1387	42
1388	54
1389	48
1390	48
1391	28
1392	48
1393	35
1394	59
1395	42
1396	51
1397	47
1398	47
1399	50
1400	45
1401	43
1402	48
1403	57
1404	30
1405	31
1406	42
1407	32
1408	32
1409	44
1410	41
1411	33
1412	52
1413	34
1414	35
1415	49
1416	43
1417	51
1418	51
1419	36
1420	36
1421	43
1422	41
1423	53
1424	40
1425	42
1426	46
1427	45
1428	38
1429	37
1430	38
1431	32
1432	40
1433	34
1434	39
1435	32
1436	40
1437	45
1438	32
1439	55
1440	41
1441	43
1442	55
1443	44
1444	34
1445	42
1446	40
1447	31
1448	35
1449	42
1450	36
1451	41
1452	47
1453	32
1454	42
1455	37
1456	38
1457	32
1458	30
1459	33
1460	47
1461	38
1462	31
1463	36
1464	40
1465	32
1466	36
1467	51
1468	37
1469	36
1470	35
1471	38
1472	30
1473	47
1474	37
1475	32
1476	32
1477	27
1478	28
1479	27
1480	42
1481	36
1482	33
1483	24
1484	26
1485	41
1486	27
1487	35
1488	42
1489	36
1490	25
1491	42
1492	23
1493	30
1494	26
1495	34
1496	24
1497	35
1498	32
1499	36
1500	40
1501	33
1502	31
1503	26
1504	19
1505	25
1506	30
1507	27
1508	33
1509	43
1510	33
1511	33
1512	33
1513	32
1514	26
1515	31
1516	31
1517	35
1518	36
1519	22
1520	42
1521	32
1522	42
1523	53
1524	51
1525	34
1526	37
1527	25
1528	28
1529	23
1530	32
1531	27
1532	30
1533	26
1534	43
1535	26
1536	29
1537	24
1538	28
1539	20
1540	31
1541	22
1542	38
1543	27
1544	27
1545	23
1546	34
1547	33
1548	33
1549	34
1550	38
1551	40
1552	38
1553	23
1554	27
1555	36
1556	51
1557	36
1558	39
1559	39
1560	33
1561	35
1562	34
1563	30
1564	33
1565	28
1566	29
1567	19
1568	29
1569	31
1570	35
1571	18
1572	34
1573	29
1574	33
1575	31
1576	29
1577	37
1578	26
1579	26
1580	17
1581	34
1582	37
1583	24
1584	28
1585	30
1586	33
1587	32
1588	29
1589	22
1590	31
1591	25
1592	28
1593	21
1594	28
1595	30
1596	27
1597	31
1598	31
1599	26
1600	23
1601	17
1602	25
1603	17
1604	17
1605	23
1606	29
1607	32
1608	24
1609	24
1610	42
1611	79
1612	230
1613	518
1614	812
1615	974
1616	766
1617	458
1618	238
1619	69
1620	33
1621	13
1622	14
1623	13
1624	21
1625	9
1626	17
1627	10
1628	15
1629	12
1630	16
1631	20
1632	7
1633	12
1634	16
1635	28
1636	17
1637	18
1638	25
1639	24
1640	19
1641	26
1642	13
1643	25
1644	17
1645	12
1646	15
1647	21
1648	14
1649	21
1650	9
1651	16
1652	20
1653	20
1654	22
1655	15
1656	23
1657	14
1658	22
1659	21
1660	17
1661	17
1662	13
1663	17
1664	17
1665	19
1666	20
1667	23
1668	26
1669	29
1670	21
1671	22
1672	21
1673	20
1674	15
1675	12
1676	22
1677	5
1678	15
1679	16
1680	18
1681	16
1682	17
1683	17
1684	18
1685	18
1686	23
1687	20
1688	17
1689	20
1690	15
1691	9
1692	13
1693	12
1694	23
1695	26
1696	10
1697	18
1698	15
1699	22
1700	16
1701	18
1702	8
1703	11
1704	16
1705	12
1706	13
1707	18
1708	16
1709	18
1710	17
1711	10
1712	20
1713	13
1714	16
1715	13
1716	10
1717	4
1718	9
1719	12
1720	16
1721	11
1722	20
1723	16
1724	21
1725	15
1726	11
1727	17
1728	11
1729	19
1730	16
1731	11
1732	12
1733	19
1734	14
1735	13
1736	12
1737	20
1738	17
1739	15
1740	10
1741	13
1742	14
1743	10
1744	14
1745	12
1746	24
1747	20
1748	21
1749	20
1750	19
1751	18
1752	14
1753	18
1754	21
1755	35
1756	24
1757	34
1758	23
1759	28
1760	27
1761	30
1762	13
1763	13
1764	10
1765	21
1766	16
1767	18
1768	12
1769	10
1770	23
1771	14
1772	14
1773	15
1774	8
1775	19
1776	16
1777	12
1778	17
1779	12
1780	11
1781	14
1782	8
1783	12
1784	23
1785	12
1786	18
1787	16
1788	15
1789	13
1790	20
1791	25
1792	22
1793	15
1794	21
1795	14
1796	16
1797	17
1798	8
1799	17
1800	12
1801	13
1802	22
1803	31
1804	21
1805	20
1806	12
1807	12
1808	17
1809	14
1810	20
1811	20
1812	19
1813	16
1814	20
1815	15
1816	14
1817	11
1818	11
1819	13
1820	11
1821	8
1822	12
1823	9
1824	13
1825	8
1826	17
1827	14
1828	14
1829	8
1830	7
1831	13
1832	11
1833	20
1834	12
1835	9
1836	11
1837	21
1838	11
1839	14
1840	14
1841	12
1842	11
1843	8
1844	12
1845	16
1846	8
1847	15
1848	12
1849	9
1850	13
1851	11
1852	17
1853	11
1854	5
1855	13
1856	10
1857	7
1858	16
1859	14
1860	11
1861	7
1862	13
1863	17
1864	8
1865	12
1866	14
1867	11
1868	16
1869	10
1870	8
1871	17
1872	15
1873	9
1874	7
1875	14
1876	12
1877	14
1878	9
1879	14
1880	11
1881	7
1882	15
1883	9
1884	10
1885	9
1886	20
1887	10
1888	11
1889	13
1890	5
1891	8
1892	8
1893	9
1894	17
1895	17
1896	18
1897	17
1898	6
1899	8
1900	12
1901	10
1902	7
1903	5
1904	13
1905	11
1906	10
1907	15
1908	13
1909	20
1910	25
1911	28
1912	33
1913	21
1914	17
1915	13
1916	11
1917	8
1918	11
1919	14
1920	7
1921	9
1922	10
1923	14
1924	11
1925	9
1926	10
1927	21
1928	8
1929	6
1930	12
1931	12
1932	8
1933	10
1934	13
1935	9
1936	13
1937	6
1938	3
1939	10
1940	7
1941	12
1942	11
1943	10
1944	10
1945	15
1946	10
1947	31
1948	61
1949	78
1950	91
1951	93
1952	65
1953	38
1954	18
1955	14
1956	17
1957	10
1958	11
1959	13
1960	13
1961	10
1962	9
1963	10
1964	18
1965	10
1966	13
1967	7
1968	12
1969	14
1970	15
1971	9
1972	9
1973	12
1974	5
1975	14
1976	12
1977	10
1978	9
1979	7
1980	12
1981	8
1982	9
1983	15
1984	7
1985	10
1986	12
1987	14
1988	8
1989	18
1990	6
1991	12
1992	11
1993	9
1994	4
1995	11
1996	9
1997	7
1998	8
1999	11
2000	14
2001	12
2002	6
2003	7
2004	9
2005	15
2006	10
2007	8
2008	11
2009	7
2010	11
2011	13
2012	10
2013	13
2014	5
2015	4
2016	8
2017	6
2018	3
2019	10
2020	11
2021	9
2022	4
2023	9
2024	7
2025	10
2026	8
2027	11
2028	19
2029	4
2030	15
2031	12
2032	4
2033	7
2034	6
2035	6
2036	13
2037	13
2038	15
2039	16
2040	15
2041	24
2042	21
2043	27
2044	18
2045	7
2046	9
2047	13
2048	7
2049	8
2050	16
2051	11
2052	11
2053	12
2054	5
2055	17
2056	7
2057	17
2058	11
2059	8
2060	6
2061	10
2062	12
2063	10
2064	14
2065	10
2066	14
2067	9
2068	7
2069	7
2070	11
2071	10
2072	14
2073	10
2074	7
2075	7
2076	10
2077	7
2078	8
2079	7
2080	9
2081	12
2082	7
2083	9
2084	13
2085	12
2086	7
2087	7
2088	13
2089	7
2090	7
2091	13
2092	11
2093	10
2094	13
2095	11
2096	8
2097	7
2098	7
2099	7
2100	6
2101	7
2102	13
2103	9
2104	8
2105	18
2106	11
2107	8
2108	8
2109	9
2110	6
2111	5
2112	10
2113	9
2114	8
2115	4
2116	4
2117	8
2118	12
2119	7
2120	4
2121	9
2122	9
2123	6
2124	13
2125	13
2126	13
2127	10
2128	8
2129	10
2130	9
2131	10
2132	7
2133	13
2134	9
2135	8
2136	10
2137	6
2138	15
2139	13
2140	12
2141	10
2142	15
2143	17
2144	9
2145	11
2146	9
2147	12
2148	13
2149	14
2150	7
2151	6
2152	9
2153	6
2154	2
2155	11
2156	9
2157	11
2158	10
2159	7
2160	10
2161	14
2162	11
2163	4
2164	6
2165	12
2166	11
2167	9
2168	8
2169	6
2170	11
2171	9
2172	15
2173	9
2174	11
2175	3
2176	14
2177	11
2178	6
2179	9
2180	8
2181	3
2182	6
2183	12
2184	11
2185	9
2186	10
2187	17
2188	14
2189	9
2190	7
2191	9
2192	18
2193	7
2194	9
2195	7
2196	14
2197	11
2198	6
2199	11
2200	8
2201	11
2202	9
2203	10
2204	11
2205	4
2206	6
2207	3
2208	6
2209	9
2210	11
2211	7
2212	16
2213	10
2214	6
2215	7
2216	7
2217	10
2218	9
2219	10
2220	6
2221	8
2222	10
2223	11
2224	8
2225	11
2226	13
2227	11
2228	9
2229	8
2230	7
2231	6
2232	8
2233	13
2234	8
2235	8
2236	5
2237	8
2238	11
2239	10
2240	14
2241	3
2242	13
2243	5
2244	17
2245	4
2246	8
2247	9
2248	10
2249	5
2250	10
2251	6
2252	4
2253	3
2254	11
2255	12
2256	5
2257	6
2258	11
2259	9
2260	11
2261	14
2262	11
2263	11
2264	15
2265	8
2266	11
2267	6
2268	12
2269	10
2270	8
2271	9
2272	5
2273	9
2274	5
2275	7
2276	3
2277	13
2278	4
2279	10
2280	9
2281	9
2282	7
2283	5
2284	14
2285	10
2286	10
2287	9
2288	5
2289	8
2290	11
2291	6
2292	4
2293	6
2294	8
2295	7
2296	14
2297	12
2298	7
2299	4
2300	7
2301	4
2302	12
2303	12
2304	6
2305	8
2306	12
2307	8
2308	8
2309	10
2310	10
2311	9
2312	6
2313	5
2314	8
2315	10
2316	5
2317	8
2318	11
2319	7
2320	17
2321	12
2322	31
2323	24
2324	16
2325	40
2326	32
2327	22
2328	17
2329	10
2330	11
2331	7
2332	8
2333	12
2334	11
2335	8
2336	18
2337	5
2338	10
2339	6
2340	12
2341	14
2342	17
2343	10
2344	9
2345	7
2346	8
2347	9
2348	6
2349	12
2350	7
2351	7
2352	12
2353	10
2354	6
2355	9
2356	8
2357	7
2358	12
2359	8
2360	5
2361	3
2362	8
2363	8
2364	8
2365	4
2366	8
2367	8
2368	12
2369	8
2370	4
2371	4
2372	4
2373	18
2374	10
2375	15
2376	5
2377	9
2378	7
2379	6
2380	11
2381	12
2382	9
2383	10
2384	6
2385	10
2386	8
2387	8
2388	11
2389	21
2390	10
2391	13
2392	13
2393	16
2394	5
2395	11
2396	9
2397	10
2398	13
2399	11
2400	11
2401	9
2402	5
2403	10
2404	8
2405	5
2406	4
2407	7
2408	8
2409	8
2410	13
2411	14
2412	3
2413	8
2414	9
2415	8
2416	9
2417	6
2418	12
2419	7
2420	9
2421	6
2422	6
2423	11
2424	10
2425	14
2426	6
2427	12
2428	7
2429	10
2430	3
2431	12
2432	14
2433	19
2434	26
2435	43
2436	32
2437	37
2438	34
2439	26
2440	15
2441	6
2442	9
2443	3
2444	6
2445	6
2446	8
2447	7
2448	5
2449	9
2450	6
2451	6
2452	9
2453	9
2454	5
2455	10
2456	2
2457	8
2458	9
2459	11
2460	6
2461	9
2462	8
2463	8
2464	8
2465	7
2466	4
2467	8
2468	6
2469	5
2470	10
2471	11
2472	10
2473	8
2474	14
2475	15
2476	6
2477	9
2478	6
2479	8
2480	7
2481	9
2482	6
2483	7
2484	8
2485	7
2486	3
2487	4
2488	11
2489	6
2490	6
2491	6
2492	8
2493	10
2494	9
2495	8
2496	8
2497	8
2498	5
2499	8
2500	11
2501	8
2502	8
2503	7
2504	9
2505	3
2506	4
2507	10
2508	6
2509	3
2510	8
2511	11
2512	15
2513	11
2514	9
2515	12
2516	8
2517	8
2518	7
2519	5
2520	9
2521	14
2522	8
2523	10
2524	8
2525	11
2526	7
2527	9
2528	8
2529	16
2530	9
2531	9
2532	3
2533	18
2534	10
2535	14
2536	14
2537	14
2538	5
2539	13
2540	9
2541	9
2542	5
2543	12
2544	7
2545	6
2546	8
2547	12
2548	11
2549	4
2550	8
2551	5
2552	7
2553	8
2554	10
2555	7
2556	8
2557	7
2558	13
2559	6
2560	4
2561	10
2562	5
2563	8
2564	3
2565	12
2566	11
2567	11
2568	14
2569	4
2570	6
2571	9
2572	8
2573	8
2574	5
2575	11
2576	11
2577	8
2578	8
2579	4
2580	2
2581	13
2582	7
2583	8
2584	9
2585	11
2586	8
2587	7
2588	5
2589	5
2590	14
2591	9
2592	7
2593	3
2594	6
2595	9
2596	4
2597	8
2598	5
2599	12
2600	12
2601	6
2602	3
2603	9
2604	7
2605	7
2606	13
2607	9
2608	11
2609	8
2610	10
2611	6
2612	6
2613	6
2614	8
2615	11
2616	9
2617	12
2618	13
2619	6
2620	4
2621	9
2622	10
2623	4
2624	6
2625	7
2626	8
2627	15
2628	17
2629	3
2630	8
2631	11
2632	12
2633	11
2634	7
2635	8
2636	6
2637	10
2638	8
2639	6
2640	7
2641	14
2642	5
2643	3
2644	5
2645	4
2646	5
2647	9
2648	7
2649	4
2650	8
2651	5
2652	6
2653	9
2654	6
2655	9
2656	8
2657	9
2658	2
2659	5
2660	7
2661	7
2662	8
2663	6
2664	1
2665	7
2666	4
2667	4
2668	5
2669	11
2670	6
2671	6
2672	7
2673	6
2674	11
2675	6
2676	4
2677	5
2678	13
2679	2
2680	6
2681	7
2682	4
2683	6
2684	4
2685	10
2686	4
2687	5
2688	6
2689	11
2690	3
2691	6
2692	8
2693	5
2694	9
2695	3
2696	3
2697	6
2698	7
2699	7
2700	8
2701	6
2702	5
2703	12
2704	18
2705	17
2706	13
2707	13
2708	10
2709	9
2710	5
2711	2
2712	4
2713	4
2714	7
2715	4
2716	4
2717	6
2718	2
2719	5
2720	6
2721	4
2722	2
2723	5
2724	3
2725	8
2726	4
2727	4
2728	3
2729	6
2730	2
2731	7
2732	7
2733	3
2734	7
2735	1
2736	5
2737	4
2738	5
2739	6
2740	5
2741	6
2742	3
2743	1
2744	4
2745	4
2746	2
2747	2
2748	2
2749	6
2750	6
2751	1
2752	7
2753	3
2754	3
2755	4
2756	1
2757	4
2758	3
2759	5
2760	6
2761	7
2762	2
2763	3
2764	3
2765	3
2766	3
2767	6
2768	7
2769	4
2770	2
2771	3
2772	5
2773	4
2774	7
2775	3
2776	0
2777	2
2778	4
2779	4
2780	2
2781	3
2782	7
2783	3
2784	4
2785	2
2786	1
2787	4
2788	0
2789	3
2790	1
2791	0
2792	2
2793	4
2794	4
2795	0
2796	3
2797	4
2798	0
2799	3
2800	3
2801	1
2802	4
2803	4
2804	4
2805	3
2806	4
2807	1
2808	2
2809	3
2810	2
2811	8
2812	4
2813	2
2814	2
2815	6
2816	5
2817	4
2818	1
2819	1
2820	3
2821	5
2822	3
2823	1
2824	2
2825	3
2826	1
2827	2
2828	2
2829	1
2830	3
2831	1
2832	3
2833	1
2834	2
2835	0
2836	1
2837	0
2838	4
2839	4
2840	1
2841	1
2842	3
2843	1
2844	4
2845	2
2846	3
2847	4
2848	2
2849	3
2850	3
2851	2
2852	6
2853	5
2854	6
2855	2
2856	3
2857	5
2858	3
2859	3
2860	3
2861	2
2862	1
2863	3
2864	2
2865	3
2866	1
2867	2
2868	7
2869	4
2870	3
2871	1
2872	3
2873	2
2874	0
2875	5
2876	1
2877	3
2878	4
2879	4
2880	3
2881	7
2882	1
2883	7
2884	18
2885	40
2886	106
2887	162
2888	228
2889	259
2890	261
2891	212
2892	132
2893	62
2894	25
2895	5
2896	3
2897	0
2898	2
2899	0
2900	2
2901	0
2902	0
2903	1
2904	1
2905	1
2906	0
2907	0
2908	1
2909	0
2910	0
2911	0
2912	1
2913	0
2914	2
2915	2
2916	1
2917	0
2918	0
2919	2
2920	0
2921	1
2922	0
2923	1
2924	0
2925	1
2926	1
2927	0
2928	1
2929	2
2930	1
2931	0
2932	1
2933	1
2934	0
2935	2
2936	0
2937	2
2938	1
2939	1
2940	0
2941	1
2942	0
2943	0
2944	1
2945	3
2946	2
2947	0
2948	1
2949	0
2950	0
2951	0
2952	0
2953	1
2954	0
2955	0
2956	0
2957	0
2958	1
2959	1
2960	2
2961	2
2962	0
2963	1
2964	0
2965	1
2966	0
2967	1
2968	0
2969	0
2970	1
2971	2
2972	0
2973	1
2974	0
2975	0
2976	0
2977	0
2978	1
2979	1
2980	1
2981	0
2982	0
2983	0
2984	1
2985	0
2986	0
2987	0
2988	0
2989	1
2990	0
2991	1
2992	1
2993	2
2994	1
2995	0
2996	0
2997	0
2998	0
2999	1
3000	1
3001	3
3002	0
3003	1
3004	0
3005	0
3006	2
3007	2
3008	0
3009	1
3010	2
3011	1
3012	3
3013	1
3014	0
3015	1
3016	2
3017	1
3018	0
3019	1
3020	0
3021	0
3022	1
3023	0
3024	1
3025	0
3026	2
3027	0
3028	0
3029	1
3030	0
3031	0
3032	0
3033	0
3034	0
3035	0
3036	1
3037	2
3038	4
3039	0
3040	0
3041	0
3042	0
3043	1
3044	1
3045	0
3046	1
3047	1
3048	2
3049	2
3050	0
3051	1
3052	0
3053	0
3054	1
3055	0
3056	1
3057	1
3058	1
3059	2
3060	0
3061	1
3062	0
3063	0
3064	1
3065	0
3066	2
3067	0
3068	0
3069	2
3070	2
3071	1
3072	1
3073	0
3074	0
3075	2
3076	0
3077	2
3078	0
3079	1
3080	0
3081	0
3082	0
3083	2
3084	0
3085	0
3086	0
3087	1
3088	1
3089	2
3090	3
3091	0
3092	0
3093	0
3094	0
3095	2
3096	1
3097	0
3098	3
3099	1
3100	1
3101	1
3102	1
3103	0
3104	0
3105	0
3106	0
3107	0
3108	1
3109	1
3110	0
3111	1
3112	3
3113	1
3114	1
3115	0
3116	0
3117	2
3118	3
3119	0
3120	0
3121	1
3122	0
3123	0
3124	0
3125	3
3126	1
3127	0
3128	0
3129	2
3130	1
3131	1
3132	1
3133	1
3134	2
3135	0
3136	0
3137	0
3138	0
3139	1
3140	0
3141	2
3142	0
3143	2
3144	0
3145	1
3146	0
3147	0
3148	2
3149	0
3150	1
3151	3
3152	0
3153	2
3154	0
3155	0
3156	1
3157	1
3158	0
3159	0
3160	2
3161	0
3162	0
3163	2
3164	1
3165	0
3166	0
3167	2
3168	1
3169	0
3170	0
3171	5
3172	1
3173	0
3174	2
3175	1
3176	1
3177	0
3178	0
3179	1
3180	0
3181	0
3182	0
3183	0
3184	1
3185	1
3186	1
3187	0
3188	0
3189	0
3190	1
3191	1
3192	1
3193	1
3194	1
3195	1
3196	0
3197	0
3198	1
3199	0
3200	0
3201	1
3202	0
3203	0
3204	0
3205	1
3206	4
3207	0
3208	0
3209	1
3210	1
3211	2
3212	1
3213	2
3214	0
3215	0
3216	1
3217	1
3218	2
3219	0
3220	0
3221	1
3222	0
3223	1
3224	0
3225	0
3226	1
3227	0
3228	2
3229	0
3230	2
3231	2
3232	0
3233	1
3234	0
3235	0
3236	2
3237	0
3238	0
3239	0
3240	0
3241	1
3242	0
3243	1
3244	4
3245	0
3246	1
3247	0
3248	1
3249	0
3250	3
3251	1
3252	3
3253	0
3254	0
3255	4
3256	0
3257	0
3258	1
3259	0
3260	0
3261	0
3262	1
3263	0
3264	0
3265	0
3266	1
3267	0
3268	3
3269	0
3270	2
3271	0
3272	1
3273	0
3274	1
3275	0
3276	0
3277	1
3278	2
3279	0
3280	1
3281	0
3282	0
3283	0
3284	2
3285	1
3286	1
3287	1
3288	1
3289	0
3290	0
3291	1
3292	0
3293	0
3294	0
3295	2
3296	0
3297	1
3298	1
3299	1
3300	2
3301	0
3302	1
3303	1
3304	0
3305	1
3306	0
3307	2
3308	0
3309	1
3310	2
3311	1
3312	1
3313	1
3314	0
3315	0
3316	0
3317	1
3318	0
3319	1
3320	0
3321	0
3322	0
3323	0
3324	0
3325	0
3326	1
3327	2
3328	1
3329	0
3330	0
3331	0
3332	1
3333	0
3334	0
3335	1
3336	0
3337	3
3338	1
3339	1
3340	2
3341	0
3342	1
3343	1
3344	2
3345	0
3346	1
3347	1
3348	0
3349	0
3350	0
3351	0
3352	0
3353	2
3354	0
3355	1
3356	0
3357	1
3358	2
3359	0
3360	0
3361	0
3362	0
3363	1
3364	1
3365	1
3366	0
3367	3
3368	0
3369	1
3370	0
3371	1
3372	0
3373	0
3374	0
3375	2
3376	0
3377	0
3378	0
3379	0
3380	0
3381	1
3382	1
3383	1
3384	0
3385	0
3386	2
3387	2
3388	0
3389	0
3390	0
3391	0
3392	1
3393	0
3394	0
3395	0
3396	3
3397	0
3398	2
3399	1
3400	2
3401	0
3402	1
3403	0
3404	3
3405	1
3406	1
3407	1
3408	0
3409	0
3410	0
3411	0
3412	1
3413	1
3414	0
3415	1
3416	1
3417	3
3418	0
3419	0
3420	0
3421	0
3422	0
3423	0
3424	0
3425	0
3426	1
3427	0
3428	0
3429	0
3430	0
3431	0
3432	3
3433	0
3434	2
3435	4
3436	0
3437	0
3438	0
3439	1
3440	1
3441	0
3442	1
3443	1
3444	0
3445	0
3446	1
3447	1
3448	0
3449	0
3450	2
3451	0
3452	1
3453	0
3454	0
3455	1
3456	0
3457	1
3458	0
3459	1
3460	3
3461	1
3462	0
3463	0
3464	1
3465	0
3466	1
3467	0
3468	1
3469	0
3470	0
3471	0
3472	0
3473	1
3474	0
3475	1
3476	1
3477	3
3478	0
3479	0
3480	0
3481	1
3482	1
3483	2
3484	1
3485	0
3486	1
3487	0
3488	1
3489	0
3490	1
3491	0
3492	0
3493	0
3494	0
3495	1
3496	1
3497	1
3498	0
3499	0
3500	0
3501	0
3502	2
3503	2
3504	0
3505	0
3506	1
3507	0
3508	0
3509	1
3510	0
3511	0
3512	0
3513	0
3514	0
3515	0
3516	0
3517	0
3518	0
3519	0
3520	0
3521	1
3522	0
3523	1
3524	0
3525	0
3526	0
3527	1
3528	0
3529	1
3530	1
3531	1
3532	1
3533	2
3534	1
3535	1
3536	0
3537	0
3538	0
3539	0
3540	0
3541	0
3542	0
3543	0
3544	1
3545	0
3546	2
3547	1
3548	0
3549	0
3550	2
3551	1
3552	0
3553	1
3554	0
3555	1
3556	1
3557	1
3558	1
3559	0
3560	0
3561	2
3562	0
3563	2
3564	2
3565	1
3566	0
3567	0
3568	0
3569	0
3570	0
3571	1
3572	1
3573	3
3574	1
3575	0
3576	0
3577	1
3578	0
3579	0
3580	0
3581	1
3582	2
3583	2
3584	1
3585	0
3586	0
3587	0
3588	1
3589	1
3590	1
3591	0
3592	1
3593	0
3594	0
3595	1
3596	0
3597	0
3598	0
3599	0
3600	1
3601	0
3602	1
3603	0
3604	1
3605	0
3606	0
3607	1
3608	1
3609	0
3610	0
3611	0
3612	0
3613	0
3614	1
3615	0
3616	0
3617	0
3618	1
3619	0
3620	0
3621	0
3622	0
3623	3
3624	1
3625	0
3626	0
3627	0
3628	0
3629	0
3630	1
3631	1
3632	0
3633	0
3634	1
3635	0
3636	1
3637	1
3638	0
3639	0
3640	1
3641	0
3642	2
3643	1
3644	0
3645	1
3646	0
3647	0
3648	0
3649	2
3650	0
3651	1
3652	4
3653	1
3654	0
3655	0
3656	1
3657	1
3658	0
3659	0
3660	2
3661	0
3662	0
3663	2
3664	2
3665	1
3666	1
3667	0
3668	1
3669	0
3670	0
3671	0
3672	1
3673	1
3674	3
3675	0
3676	0
3677	0
3678	0
3679	1
3680	0
3681	1
3682	0
3683	1
3684	2
3685	0
3686	1
3687	0
3688	0
3689	0
3690	2
3691	1
3692	1
3693	0
3694	2
3695	1
3696	1
3697	0
3698	1
3699	3
3700	0
3701	0
3702	0
3703	0
3704	0
3705	0
3706	1
3707	0
3708	1
3709	0
3710	0
3711	0
3712	3
3713	1
3714	0
3715	1
3716	0
3717	0
3718	1
3719	1
3720	0
3721	1
3722	0
3723	0
3724	0
3725	1
3726	1
3727	0
3728	1
3729	0
3730	0
3731	0
3732	1
3733	0
3734	1
3735	2
3736	2
3737	1
3738	0
3739	1
3740	0
3741	2
3742	2
3743	0
3744	0
3745	1
3746	0
3747	0
3748	0
3749	1
3750	0
3751	0
3752	1
3753	1
3754	0
3755	2
3756	1
3757	0
3758	1
3759	0
3760	1
3761	0
3762	0
3763	1
3764	0
3765	1
3766	1
3767	0
3768	1
3769	1
3770	0
3771	1
3772	1
3773	0
3774	0
3775	0
3776	0
3777	0
3778	1
3779	1
3780	1
3781	0
3782	0
3783	3
3784	1
3785	1
3786	0
3787	0
3788	0
3789	0
3790	0
3791	0
3792	0
3793	0
3794	0
3795	0
3796	0
3797	1
3798	1
3799	1
3800	1
3801	0
3802	0
3803	0
3804	0
3805	0
3806	0
3807	1
3808	0
3809	1
3810	0
3811	1
3812	1
3813	1
3814	0
3815	0
3816	0
3817	0
3818	1
3819	0
3820	1
3821	2
3822	0
3823	0
3824	1
3825	1
3826	1
3827	0
3828	0
3829	0
3830	1
3831	1
3832	0
3833	0
3834	1
3835	0
3836	1
3837	1
3838	1
3839	1
3840	0
3841	0
3842	0
3843	1
3844	0
3845	1
3846	0
3847	2
3848	0
3849	1
3850	0
3851	0
3852	2
3853	2
3854	0
3855	1
3856	0
3857	1
3858	1
3859	1
3860	0
3861	0
3862	0
3863	0
3864	1
3865	2
3866	1
3867	0
3868	0
3869	0
3870	0
3871	1
3872	1
3873	0
3874	0
3875	1
3876	2
3877	1
3878	0
3879	2
3880	1
3881	2
3882	2
3883	0
3884	2
3885	0
3886	0
3887	0
3888	0
3889	0
3890	2
3891	0
3892	1
3893	0
3894	0
3895	0
3896	0
3897	1
3898	1
3899	0
3900	1
3901	0
3902	0
3903	2
3904	0
3905	1
3906	2
3907	1
3908	0
3909	0
3910	1
3911	0
3912	0
3913	1
3914	1
3915	0
3916	0
3917	0
3918	0
3919	0
3920	0
3921	1
3922	1
3923	2
3924	0
3925	1
3926	0
3927	2
3928	0
3929	0
3930	1
3931	2
3932	0
3933	1
3934	1
3935	0
3936	2
3937	1
3938	0
3939	1
3940	2
3941	2
3942	0
3943	2
3944	1
3945	0
3946	0
3947	0
3948	1
3949	0
3950	1
3951	1
3952	1
3953	0
3954	2
3955	1
3956	1
3957	1
3958	1
3959	2
3960	2
3961	1
3962	1
3963	0
3964	0
3965	1
3966	0
3967	0
3968	0
3969	1
3970	0
3971	0
3972	2
3973	0
3974	0
3975	2
3976	1
3977	1
3978	4
3979	1
3980	0
3981	2
3982	1
3983	2
3984	0
3985	1
3986	0
3987	3
3988	0
3989	0
3990	0
3991	0
3992	1
3993	0
3994	0
3995	0
3996	0
3997	0
3998	0
3999	0
4000	1
4001	1
4002	2
4003	1
4004	1
4005	2
4006	0
4007	0
4008	2
4009	0
4010	1
4011	0
4012	0
4013	0
4014	0
4015	1
4016	0
4017	1
4018	1
4019	1
4020	1
4021	0
4022	0
4023	2
4024	1
4025	1
4026	0
4027	0
4028	0
4029	0
4030	0
4031	0
4032	0
4033	0
4034	0
4035	0
4036	1
4037	1
4038	0
4039	0
4040	1
4041	0
4042	0
4043	0
4044	1
4045	0
4046	0
4047	2
4048	0
4049	0
4050	0
4051	0
4052	0
4053	0
4054	2
4055	2
4056	0
4057	0
4058	0
4059	1
4060	3
4061	1
4062	1
4063	0
4064	1
4065	1
4066	0
4067	0
4068	0
4069	1
4070	0
4071	1
4072	1
4073	1
4074	0
4075	0
4076	0
4077	0
4078	0
4079	0
4080	0
4081	1
4082	1
4083	2
4084	0
4085	0
4086	2
4087	0
4088	0
4089	2
4090	1
4091	1
4092	0
4093	0
4094	0
4095	1
4096	0
4097	0
4098	1
4099	1
4100	1
4101	0
4102	0
4103	1
4104	0
4105	0
4106	1
4107	0
4108	0
4109	0
4110	0
4111	0
4112	1
4113	3
4114	0
4115	0
4116	1
4117	0
4118	1
4119	1
4120	0
4121	1
4122	1
4123	0
4124	0
4125	1
4126	2
4127	1
4128	0
4129	0
4130	1
4131	0
4132	0
4133	0
4134	0
4135	2
4136	0
4137	0
4138	0
4139	0
4140	0
4141	0
4142	1
4143	1
4144	2
4145	0
4146	0
4147	1
4148	1
4149	1
4150	1
4151	0
4152	1
4153	0
4154	0
4155	0
4156	1
4157	0
4158	1
4159	1
4160	1
4161	0
4162	0
4163	0
4164	1
4165	0
4166	1
4167	0
4168	0
4169	1
4170	1
4171	0
4172	0
4173	2
4174	0
4175	0
4176	1
4177	0
4178	0
4179	0
4180	1
4181	2
4182	0
4183	0
4184	1
4185	0
4186	0
4187	0
4188	0
4189	0
4190	1
4191	0
4192	0
4193	0
4194	0
4195	1
4196	0
4197	0
4198	3
4199	0
4200	1
4201	2
4202	2
4203	0
4204	0
4205	0
4206	1
4207	2
4208	1
4209	0
4210	1
4211	1
4212	1
4213	0
4214	1
4215	0
4216	0
4217	0
4218	0
4219	0
4220	0
4221	1
4222	1
4223	0
4224	0
4225	0
4226	2
4227	1
4228	1
4229	1
4230	1
4231	0
4232	0
4233	0
4234	0
4235	0
4236	1
4237	0
4238	0
4239	0
4240	2
4241	0
4242	3
4243	0
4244	0
4245	1
4246	1
4247	1
4248	0
4249	0
4250	1
4251	0
4252	0
4253	1
4254	0
4255	0
4256	1
4257	1
4258	0
4259	0
4260	2
4261	2
4262	1
4263	0
4264	1
4265	0
4266	0
4267	1
4268	2
4269	0
4270	1
4271	0
4272	0
4273	0
4274	0
4275	1
4276	0
4277	0
4278	0
4279	0
4280	1
4281	1
4282	0
4283	0
4284	0
4285	1
4286	0
4287	0
4288	0
4289	0
4290	0
4291	0
4292	0
4293	1
4294	1
4295	2
4296	1
4297	1
4298	0
4299	1
4300	0
4301	2
4302	0
4303	0
4304	0
4305	1
4306	0
4307	1
4308	0
4309	2
4310	2
4311	2
4312	1
4313	1
4314	0
4315	0
4316	2
4317	0
4318	0
4319	0
4320	1
4321	1
4322	0
4323	0
4324	1
4325	0
4326	0
4327	1
4328	1
4329	0
4330	0
4331	0
4332	0
4333	0
4334	1
4335	0
4336	0
4337	1
4338	0
4339	0
4340	0
4341	0
4342	0
4343	0
4344	0
4345	0
4346	0
4347	0
4348	0
4349	0
4350	0
4351	0
4352	0
4353	0
4354	3
4355	0
4356	0
4357	0
4358	0
4359	0
4360	0
4361	1
4362	0
4363	1
4364	0
4365	1
4366	0
4367	0
4368	0
4369	0
4370	1
4371	1
4372	0
4373	0
4374	2
4375	2
4376	0
4377	0
4378	0
4379	2
4380	0
4381	0
4382	2
4383	0
4384	0
4385	0
4386	0
4387	0
4388	1
4389	0
4390	1
4391	0
4392	0
4393	1
4394	0
4395	2
4396	3
4397	0
4398	1
4399	1
4400	0
4401	0
4402	0
4403	1
4404	1
4405	0
4406	1
4407	0
4408	2
4409	1
4410	0
4411	1
4412	1
4413	0
4414	0
4415	1
4416	0
4417	0
4418	0
4419	1
4420	0
4421	1
4422	0
4423	0
4424	0
4425	2
4426	1
4427	1
4428	2
4429	1
4430	1
4431	1
4432	0
4433	0
4434	1
4435	1
4436	1
4437	0
4438	0
4439	0
4440	1
4441	1
4442	0
4443	2
4444	0
4445	0
4446	4
4447	0
4448	1
4449	0
4450	0
4451	0
4452	1
4453	1
4454	1
4455	0
4456	0
4457	0
4458	3
4459	0
4460	2
4461	1
4462	1
4463	0
4464	0
4465	0
4466	0
4467	0
4468	1
4469	0
4470	1
4471	1
4472	0
4473	0
4474	0
4475	2
4476	0
4477	0
4478	2
4479	0
4480	0
4481	0
4482	2
4483	1
4484	0
4485	0
4486	2
4487	1
4488	0
4489	0
4490	0
4491	1
4492	0
4493	1
4494	0
4495	1
4496	0
4497	0
4498	0
4499	2
4500	0
4501	0
4502	0
4503	0
4504	1
4505	0
4506	0
4507	0
4508	1
4509	1
4510	1
4511	0
4512	1
4513	1
4514	1
4515	0
4516	2
4517	0
4518	0
4519	0
4520	2
4521	0
4522	0
4523	1
4524	0
4525	2
4526	0
4527	1
4528	1
4529	2
4530	0
4531	0
4532	0
4533	0
4534	0
4535	0
4536	0
4537	1
4538	0
4539	3
4540	0
4541	1
4542	1
4543	0
4544	1
4545	1
4546	0
4547	1
4548	2
4549	0
4550	1
4551	0
4552	1
4553	1
4554	1
4555	1
4556	0
4557	1
4558	0
4559	0
4560	0
4561	0
4562	0
4563	0
4564	0
4565	0
4566	1
4567	2
4568	0
4569	1
4570	0
4571	0
4572	0
4573	0
4574	0
4575	0
4576	1
4577	1
4578	1
4579	1
4580	1
4581	0
4582	0
4583	1
4584	0
4585	0
4586	0
4587	1
4588	0
4589	0
4590	0
4591	0
4592	2
4593	0
4594	0
4595	0
4596	0
4597	1
4598	1
4599	1
4600	1
4601	1
4602	1
4603	0
4604	0
4605	0
4606	0
4607	1
4608	2
4609	0
4610	0
4611	0
4612	0
4613	0
4614	0
4615	0
4616	1
4617	0
4618	0
4619	0
4620	0
4621	0
4622	0
4623	0
4624	0
4625	0
4626	1
4627	1
4628	0
4629	0
4630	1
4631	0
4632	0
4633	0
4634	0
4635	2
4636	0
4637	0
4638	0
4639	0
4640	1
4641	0
4642	0
4643	0
4644	0
4645	1
4646	0
4647	0
4648	1
4649	0
4650	2
4651	0
4652	0
4653	0
4654	0
4655	0
4656	0
4657	1
4658	0
4659	0
4660	0
4661	0
4662	1
4663	1
4664	1
4665	0
4666	0
4667	1
4668	2
4669	1
4670	0
4671	0
4672	0
4673	0
4674	0
4675	0
4676	0
4677	0
4678	1
4679	1
4680	0
4681	0
4682	1
4683	0
4684	0
4685	1
4686	0
4687	0
4688	2
4689	1
4690	0
4691	2
4692	0
4693	0
4694	0
4695	0
4696	2
4697	0
4698	1
4699	0
4700	2
4701	1
4702	2
4703	1
4704	0
4705	0
4706	0
4707	1
4708	0
4709	0
4710	1
4711	1
4712	0
4713	1
4714	1
4715	0
4716	0
4717	0
4718	0
4719	0
4720	0
4721	1
4722	0
4723	0
4724	0
4725	1
4726	0
4727	0
4728	0
4729	0
4730	0
4731	0
4732	0
4733	0
4734	1
4735	0
4736	2
4737	1
4738	0
4739	2
4740	0
4741	1
4742	0
4743	0
4744	1
4745	0
4746	0
4747	0
4748	0
4749	0
4750	0
4751	0
4752	0
4753	0
4754	0
4755	0
4756	0
4757	1
4758	0
4759	0
4760	0
4761	0
4762	1
4763	1
4764	1
4765	0
4766	1
4767	2
4768	0
4769	1
4770	0
4771	1
4772	1
4773	0
4774	1
4775	2
4776	1
4777	0
4778	0
4779	0
4780	0
4781	1
4782	0
4783	0
4784	0
4785	0
4786	1
4787	0
4788	0
4789	1
4790	0
4791	1
4792	0
4793	0
4794	2
4795	0
4796	0
4797	2
4798	1
4799	0
4800	0
4801	1
4802	0
4803	0
4804	0
4805	0
4806	0
4807	0
4808	0
4809	0
4810	2
4811	0
4812	1
4813	0
4814	0
4815	0
4816	0
4817	0
4818	0
4819	0
4820	0
4821	0
4822	0
4823	0
4824	0
4825	2
4826	2
4827	0
4828	3
4829	1
4830	0
4831	0
4832	0
4833	1
4834	0
4835	0
4836	1
4837	0
4838	0
4839	0
4840	1
4841	1
4842	3
4843	0
4844	1
4845	0
4846	1
4847	0
4848	0
4849	0
4850	0
4851	0
4852	0
4853	0
4854	1
4855	1
4856	1
4857	2
4858	0
4859	0
4860	0
4861	0
4862	0
4863	0
4864	1
4865	0
4866	2
4867	0
4868	1
4869	0
4870	1
4871	1
4872	0
4873	1
4874	0
4875	0
4876	0
4877	1
4878	0
4879	0
4880	1
4881	0
4882	1
4883	0
4884	1
4885	0
4886	3
4887	0
4888	0
4889	0
4890	0
4891	0
4892	0
4893	0
4894	0
4895	0
4896	1
4897	1
4898	0
4899	1
4900	0
4901	0
4902	1
4903	0
4904	1
4905	0
4906	0
4907	1
4908	0
4909	0
4910	0
4911	1
4912	0
4913	0
4914	1
4915	1
4916	0
4917	0
4918	0
4919	1
4920	0
4921	1
4922	0
4923	1
4924	0
4925	0
4926	0
4927	0
4928	1
4929	0
4930	0
4931	0
4932	1
4933	0
4934	0
4935	2
4936	2
4937	0
4938	0
4939	0
4940	0
4941	0
4942	0
4943	2
4944	0
4945	0
4946	0
4947	0
4948	0
4949	1
4950	0
4951	0
4952	0
4953	0
4954	0
4955	0
4956	0
4957	0
4958	0
4959	0
4960	0
4961	1
4962	2
4963	1
4964	0
4965	1
4966	0
4967	2
4968	0
4969	0
4970	0
4971	0
4972	0
4973	0
4974	0
4975	0
4976	0
4977	0
4978	0
4979	1
4980	0
4981	0
4982	1
4983	1
4984	0
4985	0
4986	0
4987	0
4988	0
4989	1
4990	1
4991	1
4992	0
4993	0
4994	0
4995	0
4996	0
4997	2
4998	0
4999	0
5000	0
5001	0
5002	0
5003	0
5004	1
5005	0
5006	1
5007	0
5008	0
5009	0
5010	1
5011	1
5012	1
5013	2
5014	1
5015	0
5016	0
5017	0
5018	0
5019	0
5020	0
5021	0
5022	0
5023	1
5024	0
5025	0
5026	0
5027	0
5028	1
5029	0
5030	0
5031	0
5032	0
5033	1
5034	0
5035	0
5036	0
5037	0
5038	0
5039	1
5040	0
5041	2
5042	1
5043	0
5044	0
5045	3
5046	0
5047	0
5048	0
5049	1
5050	1
5051	0
5052	2
5053	0
5054	0
5055	0
5056	0
5057	1
5058	0
5059	0
5060	0
5061	0
5062	0
5063	1
5064	1
5065	0
5066	1
5067	2
5068	1
5069	2
5070	0
5071	0
5072	0
5073	1
5074	0
5075	0
5076	0
5077	1
5078	2
5079	0
5080	0
5081	3
5082	0
5083	2
5084	0
5085	1
5086	0
5087	0
5088	0
5089	0
5090	1
5091	0
5092	0
5093	0
5094	0
5095	0
5096	0
5097	0
5098	0
5099	0
5100	1
5101	0
5102	0
5103	0
5104	0
5105	0
5106	1
5107	0
5108	0
5109	0
5110	0
5111	0
5112	0
5113	0
5114	1
5115	1
5116	0
5117	0
5118	0
5119	0
5120	1
5121	1
5122	0
5123	2
5124	0
5125	1
5126	0
5127	1
5128	0
5129	0
5130	0
5131	0
5132	0
5133	1
5134	0
5135	0
5136	2
5137	0
5138	0
5139	0
5140	0
5141	1
5142	0
5143	0
5144	0
5145	0
5146	0
5147	1
5148	1
5149	0
5150	1
5151	1
5152	0
5153	0
5154	0
5155	0
5156	0
5157	0
5158	0
5159	0
5160	1
5161	0
5162	0
5163	0
5164	1
5165	0
5166	0
5167	0
5168	1
5169	0
5170	0
5171	1
5172	0
5173	1
5174	1
5175	0
5176	1
5177	0
5178	0
5179	2
5180	0
5181	1
5182	0
5183	2
5184	0
5185	0
5186	0
5187	0
5188	1
5189	1
5190	0
5191	0
5192	0
5193	2
5194	0
5195	0
5196	0
5197	0
5198	0
5199	0
5200	0
5201	0
5202	0
5203	1
5204	1
5205	3
5206	3
5207	1
5208	1
5209	0
5210	0
5211	0
5212	0
5213	1
5214	0
5215	1
5216	1
5217	0
5218	0
5219	1
5220	0
5221	0
5222	0
5223	0
5224	0
5225	0
5226	1
5227	0
5228	1
5229	0
5230	0
5231	1
5232	1
5233	0
5234	0
5235	0
5236	0
5237	0
5238	0
5239	1
5240	1
5241	0
5242	0
5243	1
5244	1
5245	0
5246	0
5247	1
5248	0
5249	1
5250	0
5251	0
5252	0
5253	0
5254	0
5255	2
5256	0
5257	0
5258	0
5259	1
5260	1
5261	1
5262	2
5263	0
5264	0
5265	0
5266	1
5267	0
5268	0
5269	0
5270	0
5271	0
5272	0
5273	0
5274	0
5275	0
5276	0
5277	0
5278	0
5279	0
5280	0
5281	1
5282	0
5283	0
5284	0
5285	0
5286	1
5287	1
5288	1
5289	0
5290	1
5291	0
5292	0
5293	0
5294	0
5295	0
5296	0
5297	0
5298	0
5299	0
5300	0
5301	1
5302	0
5303	0
5304	0
5305	0
5306	0
5307	1
5308	0
5309	1
5310	1
5311	0
5312	0
5313	0
5314	0
5315	1
5316	1
5317	1
5318	0
5319	0
5320	0
5321	0
5322	1
5323	0
5324	0
5325	0
5326	0
5327	0
5328	0
5329	0
5330	0
5331	0
5332	0
5333	0
5334	0
5335	1
5336	0
5337	1
5338	1
5339	2
5340	0
5341	1
5342	1
5343	1
5344	2
5345	0
5346	1
5347	0
5348	0
5349	1
5350	1
5351	0
5352	0
5353	1
5354	0
5355	0
5356	2
5357	0
5358	0
5359	0
5360	0
5361	0
5362	1
5363	0
5364	0
5365	0
5366	0
5367	1
5368	0
5369	0
5370	0
5371	0
5372	2
5373	0
5374	1
5375	0
5376	1
5377	0
5378	1
5379	0
5380	0
5381	2
5382	0
5383	0
5384	0
5385	0
5386	1
5387	0
5388	0
5389	0
5390	2
5391	1
5392	0
5393	1
5394	1
5395	0
5396	1
5397	0
5398	0
5399	1
5400	1
5401	0
5402	0
5403	0
5404	0
5405	1
5406	2
5407	0
5408	0
5409	0
5410	0
5411	1
5412	1
5413	0
5414	0
5415	0
5416	0
5417	0
5418	0
5419	0
5420	0
5421	0
5422	0
5423	0
5424	0
5425	1
5426	1
5427	3
5428	1
5429	0
5430	0
5431	0
5432	2
5433	0
5434	1
5435	1
5436	0
5437	2
5438	0
5439	0
5440	0
5441	0
5442	1
5443	0
5444	0
5445	0
5446	0
5447	0
5448	0
5449	1
5450	1
5451	1
5452	1
5453	1
5454	0
5455	0
5456	0
5457	0
5458	0
5459	0
5460	0
5461	0
5462	0
5463	1
5464	0
5465	0
5466	2
5467	0
5468	1
5469	0
5470	0
5471	0
5472	0
5473	0
5474	0
5475	0
5476	0
5477	0
5478	2
5479	1
5480	0
5481	0
5482	0
5483	0
5484	0
5485	0
5486	1
5487	0
5488	0
5489	0
5490	0
5491	1
5492	0
5493	0
5494	1
5495	1
5496	2
5497	0
5498	0
5499	0
5500	0
5501	1
5502	0
5503	1
5504	1
5505	0
5506	1
5507	0
5508	1
5509	0
5510	2
5511	1
5512	0
5513	1
5514	0
5515	0
5516	0
5517	0
5518	0
5519	0
5520	0
5521	0
5522	0
5523	0
5524	0
5525	0
5526	0
5527	0
5528	0
5529	0
5530	0
5531	1
5532	1
5533	1
5534	0
5535	2
5536	0
5537	1
5538	0
5539	0
5540	0
5541	0
5542	1
5543	0
5544	1
5545	0
5546	1
5547	0
5548	0
5549	0
5550	0
5551	0
5552	0
5553	0
5554	1
5555	2
5556	0
5557	0
5558	0
5559	0
5560	0
5561	0
5562	0
5563	0
5564	1
5565	1
5566	1
5567	0
5568	0
5569	0
5570	0
5571	0
5572	1
5573	0
5574	1
5575	0
5576	0
5577	0
5578	0
5579	0
5580	0
5581	1
5582	0
5583	0
5584	2
5585	0
5586	0
5587	0
5588	0
5589	0
5590	0
5591	1
5592	0
5593	0
5594	0
5595	0
5596	2
5597	0
5598	0
5599	0
5600	0
5601	0
5602	0
5603	0
5604	0
5605	0
5606	0
5607	1
5608	1
5609	2
5610	0
5611	0
5612	0
5613	0
5614	1
5615	1
5616	1
5617	0
5618	0
5619	0
5620	1
5621	0
5622	0
5623	0
5624	0
5625	0
5626	1
5627	2
5628	0
5629	0
5630	0
5631	0
5632	0
5633	0
5634	0
5635	0
5636	0
5637	0
5638	0
5639	1
5640	0
5641	0
5642	0
5643	0
5644	0
5645	0
5646	0
5647	0
5648	1
5649	1
5650	0
5651	0
5652	0
5653	0
5654	0
5655	1
5656	1
5657	0
5658	0
5659	0
5660	0
5661	0
5662	0
5663	0
5664	0
5665	1
5666	0
5667	0
5668	0
5669	0
5670	1
5671	1
5672	0
5673	0
5674	1
5675	0
5676	0
5677	0
5678	1
5679	2
5680	0
5681	0
5682	0
5683	2
5684	1
5685	0
5686	1
5687	0
5688	2
5689	0
5690	2
5691	0
5692	0
5693	0
5694	0
5695	1
5696	1
5697	0
5698	0
5699	0
5700	1
5701	0
5702	0
5703	1
5704	0
5705	0
5706	0
5707	1
5708	0
5709	0
5710	1
5711	0
5712	1
5713	0
5714	0
5715	2
5716	2
5717	0
5718	0
5719	0
5720	0
5721	0
5722	0
5723	0
5724	0
5725	0
5726	0
5727	1
5728	0
5729	0
5730	0
5731	0
5732	0
5733	0
5734	0
5735	1
5736	0
5737	0
5738	0
5739	0
5740	0
5741	0
5742	2
5743	1
5744	0
5745	2
5746	0
5747	0
5748	0
5749	0
5750	1
5751	0
5752	0
5753	0
5754	0
5755	0
5756	2
5757	0
5758	0
5759	0
5760	0
5761	1
5762	0
5763	0
5764	0
5765	1
5766	0
5767	1
5768	0
5769	1
5770	0
5771	0
5772	1
5773	0
5774	0
5775	0
5776	0
5777	0
5778	0
5779	0
5780	1
5781	0
5782	1
5783	2
5784	2
5785	0
5786	0
5787	1
5788	0
5789	1
5790	1
5791	2
5792	0
5793	0
5794	0
5795	1
5796	0
5797	0
5798	0
5799	1
5800	0
5801	1
5802	0
5803	0
5804	0
5805	0
5806	0
5807	0
5808	1
5809	0
5810	1
5811	0
5812	0
5813	2
5814	0
5815	0
5816	0
5817	1
5818	0
5819	0
5820	1
5821	1
5822	1
5823	0
5824	0
5825	1
5826	1
5827	0
5828	1
5829	0
5830	0
5831	0
5832	1
5833	1
5834	0
5835	0
5836	0
5837	0
5838	0
5839	0
5840	1
5841	0
5842	2
5843	0
5844	0
5845	0
5846	0
5847	0
5848	2
5849	0
5850	0
5851	1
5852	2
5853	0
5854	0
5855	0
5856	1
5857	0
5858	1
5859	0
5860	0
5861	0
5862	0
5863	1
5864	1
5865	2
5866	1
5867	2
5868	0
5869	1
5870	0
5871	1
5872	1
5873	1
5874	1
5875	0
5876	0
5877	0
5878	1
5879	0
5880	0
5881	0
5882	0
5883	0
5884	0
5885	0
5886	0
5887	0
5888	0
5889	1
5890	0
5891	0
5892	0
5893	0
5894	0
5895	1
5896	0
5897	0
5898	0
5899	0
5900	0
5901	0
5902	0
5903	0
5904	1
5905	0
5906	0
5907	0
5908	0
5909	1
5910	0
5911	0
5912	0
5913	0
5914	0
5915	1
5916	2
5917	0
5918	0
5919	0
5920	0
5921	0
5922	0
5923	0
5924	1
5925	0
5926	1
5927	0
5928	0
5929	0
5930	2
5931	0
5932	0
5933	0
5934	0
5935	1
5936	1
5937	0
5938	2
5939	0
5940	0
5941	0
5942	0
5943	0
5944	1
5945	1
5946	0
5947	0
5948	0
5949	0
5950	1
5951	0
5952	0
5953	0
5954	0
5955	0
5956	0
5957	0
5958	0
5959	0
5960	0
5961	1
5962	0
5963	0
5964	0
5965	0
5966	0
5967	0
5968	1
5969	1
5970	1
5971	0
5972	0
5973	0
5974	0
5975	0
5976	0
5977	0
5978	0
5979	0
5980	0
5981	0
5982	0
5983	1
5984	0
5985	0
5986	1
5987	0
5988	0
5989	1
5990	0
5991	0
5992	0
5993	1
5994	0
5995	0
5996	0
5997	1
5998	1
5999	0
6000	0
6001	0
6002	0
6003	0
6004	0
6005	0
6006	0
6007	0
6008	2
6009	0
6010	0
6011	0
6012	0
6013	0
6014	0
6015	0
6016	1
6017	0
6018	1
6019	0
6020	0
6021	2
6022	0
6023	0
6024	0
6025	1
6026	0
6027	0
6028	0
6029	0
6030	0
6031	1
6032	0
6033	0
6034	0
6035	0
6036	0
6037	0
6038	0
6039	0
6040	1
6041	0
6042	0
6043	1
6044	0
6045	0
6046	0
6047	0
6048	0
6049	1
6050	1
6051	0
6052	0
6053	0
6054	0
6055	1
6056	0
6057	0
6058	0
6059	0
6060	0
6061	1
6062	0
6063	0
6064	1
6065	0
6066	0
6067	1
6068	0
6069	0
6070	0
6071	0
6072	0
6073	0
6074	0
6075	0
6076	0
6077	0
6078	0
6079	0
6080	0
6081	0
6082	1
6083	1
6084	0
6085	0
6086	0
6087	0
6088	1
6089	0
6090	0
6091	0
6092	2
6093	0
6094	0
6095	0
6096	0
6097	0
6098	1
6099	1
6100	0
6101	0
6102	2
6103	1
6104	0
6105	1
6106	2
6107	0
6108	0
6109	0
6110	0
6111	0
6112	0
6113	0
6114	1
6115	2
6116	2
6117	0
6118	0
6119	0
6120	0
6121	0
6122	0
6123	1
6124	1
6125	0
6126	0
6127	0
6128	0
6129	0
6130	0
6131	0
6132	0
6133	1
6134	0
6135	0
6136	1
6137	0
6138	0
6139	0
6140	0
6141	0
6142	0
6143	1
6144	0
6145	1
6146	0
6147	0
6148	0
6149	0
6150	0
6151	0
6152	2
6153	1
6154	0
6155	1
6156	0
6157	1
6158	0
6159	1
6160	2
6161	0
6162	1
6163	0
6164	0
6165	1
6166	0
6167	1
6168	0
6169	1
6170	0
6171	0
6172	0
6173	0
6174	0
6175	0
6176	0
6177	0
6178	2
6179	0
6180	1
6181	0
6182	1
6183	1
6184	0
6185	1
6186	0
6187	0
6188	0
6189	1
6190	0
6191	1
6192	1
6193	0
6194	0
6195	0
6196	0
6197	0
6198	0
6199	0
6200	0
6201	0
6202	0
6203	0
6204	0
6205	0
6206	0
6207	0
6208	0
6209	0
6210	0
6211	1
6212	0
6213	0
6214	0
6215	0
6216	1
6217	0
6218	1
6219	0
6220	0
6221	0
6222	0
6223	0
6224	0
6225	0
6226	1
6227	0
6228	0
6229	0
6230	0
6231	0
6232	0
6233	0
6234	0
6235	0
6236	0
6237	0
6238	0
6239	0
6240	0
6241	0
6242	1
6243	1
6244	0
6245	0
6246	0
6247	1
6248	0
6249	1
6250	0
6251	1
6252	0
6253	1
6254	0
6255	0
6256	0
6257	0
6258	1
6259	0
6260	0
6261	0
6262	0
6263	0
6264	0
6265	0
6266	2
6267	1
6268	0
6269	0
6270	0
6271	0
6272	0
6273	1
6274	1
6275	0
6276	0
6277	1
6278	0
6279	1
6280	1
6281	0
6282	2
6283	0
6284	1
6285	1
6286	0
6287	1
6288	1
6289	0
6290	1
6291	1
6292	0
6293	0
6294	0
6295	0
6296	0
6297	0
6298	0
6299	0
6300	0
6301	0
6302	0
6303	1
6304	0
6305	1
6306	0
6307	0
6308	0
6309	0
6310	0
6311	1
6312	0
6313	0
6314	1
6315	0
6316	1
6317	0
6318	0
6319	0
6320	0
6321	1
6322	0
6323	0
6324	0
6325	2
6326	0
6327	1
6328	0
6329	1
6330	0
6331	0
6332	0
6333	1
6334	0
6335	0
6336	1
6337	0
6338	0
6339	0
6340	2
6341	2
6342	0
6343	0
6344	0
6345	0
6346	0
6347	1
6348	0
6349	2
6350	0
6351	1
6352	0
6353	1
6354	0
6355	1
6356	1
6357	1
6358	0
6359	0
6360	0
6361	0
6362	0
6363	2
6364	0
6365	0
6366	0
6367	0
6368	0
6369	0
6370	1
6371	1
6372	0
6373	1
6374	1
6375	0
6376	1
6377	0
6378	0
6379	1
6380	0
6381	0
6382	0
6383	0
6384	0
6385	0
6386	0
6387	0
6388	0
6389	1
6390	2
6391	0
6392	1
6393	1
6394	0
6395	0
6396	0
6397	1
6398	0
6399	0
6400	0
6401	0
6402	0
6403	0
6404	0
6405	1
6406	2
6407	1
6408	0
6409	0
6410	0
6411	0
6412	1
6413	0
6414	1
6415	0
6416	0
6417	1
6418	1
6419	0
6420	0
6421	0
6422	0
6423	0
6424	0
6425	0
6426	0
6427	0
6428	0
6429	0
6430	1
6431	0
6432	0
6433	0
6434	0
6435	0
6436	0
6437	0
6438	0
6439	1
6440	0
6441	0
6442	0
6443	0
6444	0
6445	1
6446	0
6447	0
6448	0
6449	1
6450	0
6451	2
6452	0
6453	0
6454	0
6455	0
6456	0
6457	1
6458	1
6459	0
6460	0
6461	0
6462	0
6463	0
6464	0
6465	0
6466	0
6467	0
6468	0
6469	0
6470	0
6471	1
6472	0
6473	0
6474	0
6475	0
6476	1
6477	1
6478	0
6479	0
6480	0
6481	0
6482	0
6483	0
6484	0
6485	0
6486	0
6487	0
6488	1
6489	0
6490	1
6491	0
6492	1
6493	0
6494	0
6495	0
6496	1
6497	1
6498	0
6499	0
6500	0
6501	0
6502	0
6503	0
6504	0
6505	0
6506	0
6507	1
6508	0
6509	0
6510	0
6511	0
6512	0
6513	1
6514	1
6515	0
6516	0
6517	1
6518	1
6519	0
6520	1
6521	1
6522	1
6523	0
6524	0
6525	1
6526	1
6527	0
6528	0
6529	2
6530	2
6531	0
6532	0
6533	1
6534	0
6535	0
6536	1
6537	0
6538	1
6539	0
6540	1
6541	0
6542	0
6543	0
6544	1
6545	0
6546	1
6547	3
6548	0
6549	0
6550	0
6551	1
6552	0
6553	0
6554	0
6555	0
6556	0
6557	0
6558	0
6559	0
6560	0
6561	0
6562	1
6563	0
6564	1
6565	2
6566	0
6567	1
6568	0
6569	0
6570	0
6571	0
6572	1
6573	0
6574	0
6575	0
6576	0
6577	0
6578	1
6579	0
6580	0
6581	0
6582	2
6583	0
6584	0
6585	0
6586	0
6587	0
6588	0
6589	0
6590	0
6591	1
6592	0
6593	0
6594	1
6595	1
6596	0
6597	0
6598	0
6599	0
6600	2
6601	0
6602	0
6603	0
6604	0
6605	0
6606	0
6607	0
6608	1
6609	0
6610	3
6611	0
6612	0
6613	0
6614	0
6615	0
6616	1
6617	0
6618	0
6619	0
6620	0
6621	2
6622	0
6623	1
6624	0
6625	1
6626	0
6627	0
6628	1
6629	0
6630	0
6631	0
6632	0
6633	0
6634	1
6635	0
6636	0
6637	0
6638	0
6639	1
6640	0
6641	0
6642	0
6643	1
6644	1
6645	0
6646	0
6647	0
6648	0
6649	0
6650	0
6651	1
6652	0
6653	0
6654	0
6655	0
6656	0
6657	0
6658	0
6659	1
6660	1
6661	0
6662	0
6663	0
6664	0
6665	0
6666	0
6667	0
6668	1
6669	0
6670	0
6671	0
6672	0
6673	1
6674	0
6675	0
6676	0
6677	1
6678	0
6679	0
6680	1
6681	0
6682	0
6683	1
6684	0
6685	0
6686	0
6687	1
6688	1
6689	1
6690	1
6691	0
6692	0
6693	0
6694	1
6695	0
6696	0
6697	0
6698	1
6699	1
6700	0
6701	1
6702	2
6703	0
6704	0
6705	0
6706	0
6707	0
6708	0
6709	0
6710	1
6711	0
6712	1
6713	0
6714	1
6715	0
6716	0
6717	0
6718	0
6719	1
6720	0
6721	1
6722	0
6723	0
6724	1
6725	0
6726	0
6727	0
6728	1
6729	0
6730	0
6731	0
6732	0
6733	0
6734	0
6735	0
6736	0
6737	1
6738	0
6739	0
6740	0
6741	0
6742	1
6743	0
6744	1
6745	0
6746	0
6747	0
6748	0
6749	0
6750	1
6751	0
6752	0
6753	1
6754	0
6755	0
6756	1
6757	0
6758	1
6759	0
6760	1
6761	0
6762	2
6763	1
6764	0
6765	0
6766	1
6767	1
6768	1
6769	0
6770	1
6771	1
6772	0
6773	0
6774	0
6775	0
6776	0
6777	1
6778	0
6779	1
6780	0
6781	0
6782	0
6783	1
6784	1
6785	0
6786	0
6787	0
6788	1
6789	1
6790	2
6791	1
6792	0
6793	0
6794	1
6795	0
6796	0
6797	0
6798	0
6799	0
6800	0
6801	0
6802	1
6803	0
6804	0
6805	0
6806	1
6807	0
6808	0
6809	0
6810	0
6811	3
6812	0
6813	0
6814	1
6815	0
6816	0
6817	0
6818	0
6819	1
6820	0
6821	0
6822	0
6823	1
6824	1
6825	0
6826	0
6827	0
6828	0
6829	0
6830	0
6831	1
6832	0
6833	0
6834	1
6835	0
6836	0
6837	0
6838	0
6839	0
6840	0
6841	0
6842	0
6843	0
6844	0
6845	0
6846	0
6847	1
6848	1
6849	0
6850	0
6851	0
6852	0
6853	1
6854	0
6855	0
6856	1
6857	0
6858	1
6859	0
6860	0
6861	2
6862	0
6863	0
6864	2
6865	0
6866	0
6867	0
6868	0
6869	1
6870	1
6871	0
6872	0
6873	0
6874	0
6875	0
6876	0
6877	0
6878	0
6879	0
6880	0
6881	0
6882	0
6883	0
6884	1
6885	0
6886	0
6887	0
6888	0
6889	0
6890	0
6891	0
6892	0
6893	1
6894	0
6895	0
6896	0
6897	0
6898	0
6899	0
6900	0
6901	0
6902	1
6903	0
6904	0
6905	0
6906	0
6907	0
6908	0
6909	1
6910	0
6911	0
6912	0
6913	0
6914	0
6915	1
6916	0
6917	1
6918	0
6919	0
6920	0
6921	0
6922	0
6923	0
6924	0
6925	0
6926	0
6927	0
6928	0
6929	0
6930	0
6931	0
6932	0
6933	0
6934	0
6935	0
6936	0
6937	1
6938	0
6939	0
6940	0
6941	0
6942	0
6943	0
6944	0
6945	0
6946	0
6947	1
6948	0
6949	0
6950	1
6951	0
6952	1
6953	2
6954	1
6955	0
6956	0
6957	0
6958	0
6959	2
6960	0
6961	0
6962	0
6963	0
6964	0
6965	1
6966	0
6967	0
6968	0
6969	0
6970	0
6971	1
6972	0
6973	0
6974	0
6975	0
6976	0
6977	0
6978	0
6979	0
6980	0
6981	1
6982	0
6983	1
6984	2
6985	0
6986	0
6987	0
6988	0
6989	0
6990	0
6991	0
6992	0
6993	0
6994	1
6995	0
6996	0
6997	0
6998	0
6999	0
7000	1
7001	0
7002	0
7003	1
7004	0
7005	0
7006	0
7007	1
7008	0
7009	1
7010	0
7011	1
7012	0
7013	0
7014	0
7015	0
7016	0
7017	0
7018	0
7019	0
7020	0
7021	0
7022	0
7023	0
7024	0
7025	0
7026	0
7027	1
7028	0
7029	1
7030	0
7031	1
7032	0
7033	0
7034	0
7035	0
7036	0
7037	1
7038	0
7039	1
7040	0
7041	0
7042	0
7043	0
7044	0
7045	0
7046	1
7047	0
7048	0
7049	0
7050	0
7051	0
7052	0
7053	0
7054	0
7055	0
7056	1
7057	0
7058	0
7059	0
7060	0
7061	0
7062	0
7063	0
7064	1
7065	0
7066	0
7067	0
7068	1
7069	0
7070	1
7071	0
7072	0
7073	1
7074	0
7075	0
7076	2
7077	0
7078	1
7079	0
7080	0
7081	0
7082	0
7083	0
7084	1
7085	0
7086	1
7087	1
7088	0
7089	0
7090	1
7091	0
7092	0
7093	1
7094	0
7095	1
7096	0
7097	0
7098	0
7099	1
7100	0
7101	0
7102	0
7103	0
7104	0
7105	0
7106	0
7107	1
7108	1
7109	1
7110	0
7111	0
7112	0
7113	0
7114	0
7115	0
7116	0
7117	0
7118	0
7119	0
7120	0
7121	0
7122	2
7123	0
7124	0
7125	0
7126	0
7127	0
7128	0
7129	0
7130	0
7131	1
7132	0
7133	0
7134	0
7135	3
7136	0
7137	0
7138	1
7139	1
7140	0
7141	1
7142	0
7143	0
7144	0
7145	0
7146	0
7147	1
7148	1
7149	0
7150	1
7151	0
7152	0
7153	0
7154	0
7155	0
7156	0
7157	1
7158	0
7159	1
7160	0
7161	0
7162	0
7163	0
7164	0
7165	0
7166	1
7167	0
7168	2
7169	0
7170	0
7171	1
7172	0
7173	0
7174	0
7175	0
7176	0
7177	0
7178	0
7179	0
7180	0
7181	2
7182	0
7183	0
7184	0
7185	0
7186	0
7187	0
7188	0
7189	1
7190	0
7191	1
7192	0
7193	1
7194	0
7195	0
7196	0
7197	0
7198	0
7199	0
7200	0
7201	0
7202	1
7203	0
7204	0
7205	0
7206	0
7207	0
7208	2
7209	0
7210	1
7211	0
7212	0
7213	0
7214	0
7215	1
7216	1
7217	0
7218	0
7219	2
7220	1
7221	1
7222	1
7223	1
7224	0
7225	1
7226	0
7227	0
7228	0
7229	0
7230	0
7231	0
7232	0
7233	1
7234	0
7235	0
7236	0
7237	0
7238	0
7239	0
7240	0
7241	1
7242	0
7243	0
7244	1
7245	0
7246	0
7247	0
7248	0
7249	0
7250	1
7251	2
7252	0
7253	0
7254	0
7255	0
7256	0
7257	1
7258	0
7259	0
7260	1
7261	0
7262	1
7263	0
7264	0
7265	0
7266	1
7267	0
7268	0
7269	0
7270	2
7271	0
7272	0
7273	0
7274	0
7275	0
7276	0
7277	0
7278	0
7279	0
7280	0
7281	0
7282	0
7283	1
7284	0
7285	0
7286	0
7287	0
7288	0
7289	1
7290	0
7291	2
7292	1
7293	1
7294	0
7295	0
7296	0
7297	1
7298	1
7299	1
7300	0
7301	0
7302	0
7303	1
7304	0
7305	0
7306	0
7307	1
7308	0
7309	1
7310	1
7311	1
7312	0
7313	0
7314	0
7315	0
7316	1
7317	0
7318	1
7319	0
7320	0
7321	0
7322	0
7323	0
7324	0
7325	0
7326	0
7327	1
7328	1
7329	1
7330	0
7331	0
7332	0
7333	0
7334	0
7335	0
7336	0
7337	0
7338	0
7339	0
7340	0
7341	2
7342	0
7343	0
7344	0
7345	0
7346	0
7347	0
7348	0
7349	2
7350	0
7351	1
7352	2
7353	0
7354	0
7355	0
7356	0
7357	0
7358	0
7359	0
7360	0
7361	0
7362	0
7363	0
7364	1
7365	0
7366	0
7367	0
7368	0
7369	0
7370	0
7371	1
7372	0
7373	1
7374	1
7375	2
7376	0
7377	0
7378	0
7379	1
7380	0
7381	0
7382	0
7383	0
7384	0
7385	0
7386	0
7387	0
7388	0
7389	1
7390	0
7391	0
7392	0
7393	0
7394	0
7395	0
7396	0
7397	0
7398	0
7399	0
7400	0
7401	0
7402	0
7403	1
7404	0
7405	1
7406	0
7407	0
7408	0
7409	0
7410	2
7411	0
7412	1
7413	0
7414	0
7415	0
7416	0
7417	0
7418	1
7419	0
7420	0
7421	0
7422	0
7423	0
7424	0
7425	0
7426	0
7427	0
7428	0
7429	1
7430	0
7431	0
7432	0
7433	0
7434	0
7435	0
7436	0
7437	0
7438	0
7439	0
7440	0
7441	1
7442	0
7443	2
7444	0
7445	0
7446	0
7447	0
7448	1
7449	0
7450	0
7451	0
7452	0
7453	0
7454	0
7455	0
7456	0
7457	0
7458	1
7459	2
7460	0
7461	0
7462	1
7463	0
7464	0
7465	0
7466	1
7467	0
7468	0
7469	1
7470	1
7471	0
7472	0
7473	0
7474	0
7475	0
7476	0
7477	0
7478	1
7479	0
7480	0
7481	1
7482	0
7483	0
7484	1
7485	0
7486	0
7487	1
7488	0
7489	0
7490	0
7491	0
7492	0
7493	0
7494	1
7495	0
7496	0
7497	0
7498	1
7499	0
7500	0
7501	0
7502	1
7503	0
7504	1
7505	0
7506	1
7507	0
7508	1
7509	0
7510	0
7511	0
7512	0
7513	0
7514	1
7515	1
7516	0
7517	0
7518	0
7519	0
7520	0
7521	0
7522	0
7523	0
7524	0
7525	1
7526	0
7527	0
7528	0
7529	0
7530	0
7531	0
7532	1
7533	0
7534	0
7535	0
7536	2
7537	0
7538	0
7539	1
7540	0
7541	0
7542	0
7543	0
7544	0
7545	0
7546	0
7547	0
7548	0
7549	0
7550	0
7551	1
7552	0
7553	0
7554	0
7555	0
7556	1
7557	0
7558	0
7559	0
7560	0
7561	0
7562	0
7563	0
7564	0
7565	1
7566	0
7567	1
7568	0
7569	0
7570	0
7571	0
7572	0
7573	0
7574	0
7575	0
7576	1
7577	0
7578	0
7579	0
7580	0
7581	0
7582	0
7583	0
7584	0
7585	1
7586	0
7587	0
7588	1
7589	0
7590	0
7591	0
7592	0
7593	0
7594	0
7595	0
7596	0
7597	2
7598	0
7599	0
7600	1
7601	0
7602	0
7603	0
7604	0
7605	0
7606	0
7607	0
7608	0
7609	0
7610	0
7611	0
7612	0
7613	0
7614	0
7615	0
7616	0
7617	2
7618	0
7619	1
7620	0
7621	1
7622	0
7623	0
7624	1
7625	0
7626	0
7627	0
7628	0
7629	0
7630	1
7631	0
7632	1
7633	0
7634	2
7635	0
7636	0
7637	0
7638	1
7639	0
7640	0
7641	0
7642	0
7643	1
7644	0
7645	0
7646	0
7647	1
7648	0
7649	0
7650	0
7651	0
7652	0
7653	0
7654	0
7655	0
7656	0
7657	0
7658	2
7659	1
7660	0
7661	0
7662	0
7663	0
7664	1
7665	0
7666	0
7667	1
7668	1
7669	0
7670	0
7671	1
7672	0
7673	0
7674	0
7675	1
7676	0
7677	2
7678	0
7679	0
7680	0
7681	1
7682	1
7683	1
7684	0
7685	0
7686	0
7687	0
7688	0
7689	3
7690	0
7691	0
7692	0
7693	0
7694	0
7695	0
7696	0
7697	0
7698	0
7699	0
7700	0
7701	0
7702	0
7703	0
7704	0
7705	0
7706	1
7707	0
7708	2
7709	0
7710	1
7711	0
7712	0
7713	0
7714	0
7715	0
7716	0
7717	1
7718	1
7719	0
7720	1
7721	0
7722	0
7723	1
7724	1
7725	0
7726	1
7727	0
7728	0
7729	1
7730	0
7731	0
7732	0
7733	0
7734	0
7735	0
7736	0
7737	0
7738	0
7739	0
7740	0
7741	0
7742	0
7743	0
7744	2
7745	0
7746	0
7747	1
7748	0
7749	0
7750	0
7751	0
7752	0
7753	0
7754	0
7755	0
7756	1
7757	0
7758	0
7759	0
7760	1
7761	1
7762	1
7763	0
7764	0
7765	1
7766	1
7767	0
7768	0
7769	1
7770	0
7771	0
7772	0
7773	0
7774	0
7775	0
7776	0
7777	0
7778	1
7779	0
7780	0
7781	1
7782	1
7783	0
7784	0
7785	0
7786	0
7787	1
7788	1
7789	0
7790	0
7791	0
7792	0
7793	0
7794	0
7795	0
7796	0
7797	0
7798	0
7799	0
7800	0
7801	0
7802	0
7803	1
7804	0
7805	0
7806	0
7807	0
7808	0
7809	0
7810	0
7811	1
7812	0
7813	1
7814	0
7815	0
7816	0
7817	1
7818	0
7819	0
7820	0
7821	0
7822	0
7823	0
7824	2
7825	1
7826	0
7827	0
7828	1
7829	0
7830	0
7831	1
7832	0
7833	0
7834	0
7835	0
7836	1
7837	0
7838	0
7839	0
7840	0
7841	0
7842	2
7843	0
7844	0
7845	1
7846	0
7847	0
7848	0
7849	1
7850	0
7851	0
7852	1
7853	0
7854	0
7855	0
7856	1
7857	0
7858	0
7859	0
7860	1
7861	0
7862	0
7863	0
7864	0
7865	0
7866	2
7867	0
7868	0
7869	0
7870	0
7871	0
7872	0
7873	1
7874	1
7875	0
7876	1
7877	0
7878	0
7879	0
7880	0
7881	0
7882	1
7883	0
7884	0
7885	0
7886	0
7887	0
7888	0
7889	1
7890	0
7891	0
7892	0
7893	0
7894	0
7895	0
7896	0
7897	0
7898	0
7899	0
7900	0
7901	1
7902	0
7903	0
7904	0
7905	0
7906	0
7907	0
7908	0
7909	1
7910	0
7911	0
7912	0
7913	1
7914	0
7915	0
7916	0
7917	2
7918	1
7919	0
7920	0
7921	1
7922	1
7923	0
7924	0
7925	0
7926	0
7927	0
7928	0
7929	0
7930	1
7931	0
7932	0
7933	0
7934	1
7935	0
7936	0
7937	1
7938	2
7939	1
7940	0
7941	0
7942	0
7943	1
7944	0
7945	0
7946	0
7947	0
7948	0
7949	0
7950	2
7951	0
7952	0
7953	0
7954	0
7955	0
7956	0
7957	0
7958	0
7959	0
7960	0
7961	0
7962	0
7963	1
7964	0
7965	0
7966	0
7967	0
7968	0
7969	0
7970	1
7971	0
7972	1
7973	3
7974	1
7975	0
7976	1
7977	0
7978	0
7979	0
7980	0
7981	0
7982	0
7983	0
7984	0
7985	0
7986	0
7987	0
7988	0
7989	0
7990	0
7991	0
7992	0
7993	0
7994	0
7995	0
7996	0
7997	0
7998	0
7999	0
8000	2
8001	0
8002	1
8003	0
8004	0
8005	0
8006	0
8007	0
8008	0
8009	0
8010	0
8011	0
8012	0
8013	0
8014	0
8015	1
8016	0
8017	0
8018	0
8019	3
8020	0
8021	0
8022	0
8023	0
8024	1
8025	0
8026	1
8027	0
8028	0
8029	0
8030	0
8031	0
8032	1
8033	1
8034	0
8035	0
8036	0
8037	0
8038	0
8039	0
8040	2
8041	1
8042	0
8043	0
8044	0
8045	0
8046	0
8047	1
8048	0
8049	0
8050	0
8051	1
8052	1
8053	2
8054	0
8055	0
8056	0
8057	0
8058	1
8059	0
8060	1
8061	0
8062	0
8063	0
8064	0
8065	0
8066	0
8067	0
8068	0
8069	0
8070	0
8071	0
8072	0
8073	0
8074	0
8075	0
8076	0
8077	0
8078	0
8079	0
8080	0
8081	0
8082	0
8083	0
8084	0
8085	0
8086	0
8087	0
8088	0
8089	0
8090	0
8091	0
8092	0
8093	0
8094	0
8095	0
8096	0
8097	0
8098	0
8099	0
8100	0
8101	0
8102	0
8103	0
8104	0
8105	0
8106	0
8107	0
8108	0
8109	0
8110	0
8111	0
8112	0
8113	0
8114	0
8115	0
8116	0
8117	0
8118	0
8119	0
8120	0
8121	0
8122	0
8123	0
8124	0
8125	0
8126	0
8127	0
8128	0
8129	0
8130	0
8131	0
8132	0
8133	0
8134	0
8135	0
8136	0
8137	0
8138	0
8139	0
8140	0
8141	0
8142	0
8143	0
8144	0
8145	0
8146	0
8147	0
8148	0
8149	0
8150	0
8151	0
8152	0
8153	0
8154	0
8155	0
8156	0
8157	0
8158	0
8159	0
8160	0
8161	0
8162	0
8163	0
8164	0
8165	0
8166	0
8167	0
8168	0
8169	0
8170	0
8171	0
8172	0
8173	0
8174	0
8175	0
8176	0
8177	0
8178	0
8179	0
8180	0
8181	0
8182	0
8183	0
8184	0
8185	0
8186	0
8187	0
8188	0
8189	0
8190	0
8191	0
