-2	86400
-1	88405.3
0	0
1	0
2	0
3	0
4	0
5	0
6	0
7	0
8	0
9	0
10	0
11	0
12	0
13	0
14	0
15	0
16	0
17	0
18	0
19	0
20	0
21	0
22	0
23	0
24	0
25	0
26	0
27	0
28	0
29	0
30	0
31	0
32	0
33	0
34	0
35	0
36	0
37	0
38	0
39	0
40	0
41	0
42	0
43	0
44	0
45	0
46	3
47	1
48	0
49	35
50	105
51	147
52	197
53	220
54	233
55	232
56	232
57	253
58	285
59	258
60	213
61	217
62	251
63	236
64	209
65	200
66	214
67	230
68	253
69	245
70	264
71	252
72	292
73	265
74	266
75	258
76	243
77	251
78	265
79	260
80	266
81	254
82	249
83	241
84	255
85	265
86	247
87	241
88	270
89	221
90	251
91	236
92	247
93	224
94	264
95	279
96	268
97	281
98	259
99	266
100	275
101	268
102	258
103	237
104	257
105	277
106	288
107	284
108	279
109	293
110	276
111	257
112	325
113	311
114	320
115	323
116	320
117	307
118	324
119	292
120	327
121	323
122	328
123	301
124	341
125	338
126	310
127	373
128	378
129	324
130	371
131	350
132	347
133	395
134	400
135	388
136	384
137	403
138	386
139	414
140	403
141	372
142	355
143	426
144	411
145	434
146	414
147	459
148	410
149	409
150	451
151	428
152	443
153	436
154	492
155	514
156	478
157	447
158	411
159	439
160	434
161	439
162	440
163	446
164	462
165	440
166	469
167	437
168	414
169	448
170	493
171	412
172	459
173	458
174	432
175	466
176	500
177	429
178	477
179	479
180	413
181	448
182	431
183	441
184	446
185	490
186	498
187	471
188	468
189	482
190	443
191	460
192	468
193	455
194	473
195	465
196	446
197	441
198	451
199	488
200	465
201	456
202	449
203	446
204	450
205	496
206	426
207	457
208	475
209	454
210	403
211	438
212	447
213	471
214	436
215	477
216	455
217	438
218	478
219	477
220	467
221	445
222	469
223	432
224	467
225	453
226	433
227	427
228	395
229	430
230	413
231	442
232	492
233	447
234	431
235	468
236	410
237	409
238	420
239	406
240	411
241	400
242	413
243	464
244	403
245	386
246	435
247	427
248	400
249	399
250	426
251	409
252	380
253	380
254	416
255	362
256	396
257	361
258	434
259	424
260	395
261	401
262	382
263	380
264	387
265	383
266	365
267	389
268	398
269	398
270	428
271	345
272	400
273	396
274	378
275	357
276	353
277	374
278	367
279	369
280	325
281	373
282	384
283	333
284	381
285	367
286	350
287	351
288	330
289	371
290	355
291	373
292	370
293	332
294	366
295	311
296	334
297	332
298	318
299	305
300	331
301	295
302	322
303	326
304	296
305	344
306	350
307	314
308	343
309	322
310	340
311	302
312	312
313	314
314	274
315	280
316	323
317	300
318	300
319	312
320	307
321	309
322	301
323	265
324	306
325	306
326	319
327	311
328	307
329	314
330	313
331	281
332	290
333	282
334	323
335	302
336	281
337	320
338	274
339	314
340	282
341	281
342	274
343	284
344	302
345	253
346	305
347	246
348	279
349	285
350	258
351	271
352	270
353	281
354	297
355	290
356	271
357	266
358	253
359	277
360	282
361	271
362	265
363	265
364	246
365	266
366	257
367	248
368	241
369	270
370	243
371	246
372	249
373	261
374	263
375	267
376	254
377	241
378	257
379	248
380	232
381	266
382	248
383	257
384	227
385	253
386	229
387	239
388	274
389	299
390	271
391	271
392	261
393	239
394	261
395	209
396	259
397	232
398	265
399	221
400	245
401	220
402	212
403	216
404	230
405	211
406	212
407	230
408	206
409	215
410	220
411	218
412	243
413	216
414	207
415	231
416	244
417	239
418	225
419	210
420	215
421	211
422	208
423	182
424	208
425	212
426	220
427	216
428	200
429	234
430	217
431	207
432	242
433	211
434	203
435	224
436	189
437	189
438	222
439	193
440	206
441	200
442	222
443	191
444	216
445	207
446	185
447	225
448	181
449	206
450	189
451	206
452	212
453	225
454	190
455	207
456	167
457	181
458	185
459	184
460	219
461	184
462	203
463	195
464	188
465	170
466	203
467	177
468	190
469	203
470	208
471	197
472	196
473	183
474	165
475	195
476	173
477	178
478	195
479	150
480	203
481	196
482	183
483	175
484	183
485	191
486	198
487	184
488	157
489	188
490	182
491	173
492	187
493	186
494	188
495	172
496	167
497	183
498	182
499	176
500	181
501	171
502	210
503	161
504	172
505	177
506	174
507	155
508	140
509	170
510	177
511	179
512	213
513	177
514	179
515	154
516	174
517	154
518	149
519	170
520	161
521	173
522	161
523	175
524	161
525	184
526	167
527	161
528	169
529	144
530	149
531	160
532	162
533	163
534	173
535	178
536	155
537	154
538	137
539	169
540	153
541	173
542	143
543	159
544	156
545	145
546	147
547	162
548	141
549	156
550	144
551	162
552	151
553	156
554	160
555	156
556	161
557	152
558	161
559	159
560	177
561	161
562	197
563	260
564	272
565	354
566	351
567	304
568	239
569	186
570	177
571	151
572	136
573	151
574	140
575	145
576	155
577	139
578	145
579	153
580	139
581	118
582	147
583	133
584	155
585	144
586	142
587	141
588	123
589	129
590	137
591	138
592	153
593	134
594	156
595	121
596	132
597	158
598	145
599	141
600	137
601	120
602	140
603	151
604	162
605	124
606	128
607	140
608	141
609	131
610	127
611	108
612	149
613	136
614	135
615	134
616	133
617	138
618	131
619	140
620	113
621	147
622	149
623	134
624	132
625	142
626	132
627	138
628	141
629	167
630	125
631	149
632	121
633	143
634	143
635	126
636	129
637	113
638	132
639	138
640	156
641	132
642	133
643	128
644	153
645	160
646	152
647	135
648	125
649	108
650	140
651	130
652	126
653	111
654	111
655	133
656	149
657	116
658	118
659	142
660	131
661	140
662	146
663	139
664	135
665	143
666	121
667	121
668	159
669	140
670	131
671	137
672	172
673	239
674	233
675	212
676	150
677	138
678	134
679	120
680	132
681	117
682	122
683	104
684	138
685	114
686	127
687	95
688	110
689	101
690	124
691	111
692	115
693	123
694	102
695	102
696	119
697	125
698	116
699	127
700	118
701	123
702	118
703	102
704	108
705	111
706	111
707	108
708	101
709	120
710	96
711	116
712	95
713	115
714	105
715	96
716	97
717	110
718	102
719	101
720	108
721	117
722	91
723	92
724	95
725	106
726	94
727	94
728	100
729	114
730	103
731	110
732	113
733	98
734	105
735	120
736	103
737	111
738	106
739	117
740	102
741	99
742	104
743	111
744	109
745	117
746	88
747	99
748	91
749	104
750	110
751	97
752	115
753	89
754	110
755	99
756	97
757	103
758	117
759	100
760	102
761	104
762	115
763	94
764	99
765	106
766	100
767	114
768	106
769	122
770	90
771	122
772	99
773	90
774	116
775	88
776	112
777	104
778	97
779	92
780	104
781	96
782	105
783	100
784	94
785	99
786	95
787	98
788	120
789	113
790	104
791	108
792	91
793	82
794	80
795	97
796	97
797	83
798	95
799	95
800	96
801	94
802	87
803	103
804	110
805	118
806	97
807	110
808	101
809	79
810	84
811	72
812	80
813	95
814	80
815	87
816	112
817	82
818	92
819	79
820	87
821	98
822	82
823	122
824	96
825	94
826	103
827	88
828	92
829	86
830	100
831	78
832	90
833	106
834	95
835	101
836	107
837	95
838	82
839	107
840	80
841	86
842	90
843	96
844	89
845	78
846	92
847	93
848	81
849	86
850	105
851	97
852	99
853	82
854	93
855	90
856	101
857	78
858	85
859	91
860	92
861	75
862	71
863	75
864	85
865	98
866	79
867	87
868	103
869	85
870	92
871	91
872	80
873	94
874	89
875	74
876	92
877	90
878	80
879	84
880	74
881	85
882	72
883	89
884	91
885	80
886	84
887	76
888	87
889	97
890	67
891	71
892	79
893	94
894	92
895	72
896	72
897	68
898	90
899	82
900	97
901	86
902	85
903	82
904	72
905	77
906	74
907	84
908	80
909	79
910	75
911	88
912	86
913	69
914	86
915	86
916	85
917	76
918	82
919	70
920	79
921	76
922	79
923	73
924	95
925	104
926	77
927	99
928	85
929	95
930	88
931	90
932	88
933	78
934	85
935	70
936	94
937	75
938	85
939	89
940	73
941	73
942	65
943	88
944	68
945	81
946	72
947	84
948	76
949	67
950	79
951	97
952	89
953	94
954	74
955	78
956	87
957	74
958	78
959	77
960	69
961	76
962	83
963	70
964	84
965	66
966	61
967	64
968	77
969	78
970	89
971	71
972	68
973	80
974	78
975	90
976	79
977	68
978	72
979	65
980	89
981	68
982	62
983	76
984	79
985	80
986	71
987	72
988	74
989	62
990	73
991	73
992	95
993	68
994	58
995	74
996	70
997	74
998	90
999	74
1000	86
1001	69
1002	73
1003	54
1004	81
1005	87
1006	119
1007	136
1008	152
1009	123
1010	105
1011	56
1012	62
1013	64
1014	80
1015	63
1016	66
1017	69
1018	62
1019	72
1020	77
1021	68
1022	71
1023	67
1024	74
1025	60
1026	57
1027	64
1028	63
1029	76
1030	78
1031	57
1032	80
1033	68
1034	89
1035	73
1036	69
1037	58
1038	64
1039	63
1040	67
1041	78
1042	62
1043	52
1044	73
1045	56
1046	70
1047	73
1048	88
1049	65
1050	65
1051	79
1052	75
1053	77
1054	73
1055	75
1056	56
1057	86
1058	66
1059	71
1060	62
1061	61
1062	75
1063	88
1064	89
1065	83
1066	80
1067	77
1068	77
1069	90
1070	102
1071	102
1072	120
1073	90
1074	73
1075	78
1076	65
1077	70
1078	80
1079	66
1080	71
1081	54
1082	56
1083	53
1084	68
1085	73
1086	81
1087	58
1088	57
1089	49
1090	57
1091	55
1092	70
1093	60
1094	69
1095	72
1096	58
1097	63
1098	62
1099	53
1100	65
1101	56
1102	63
1103	56
1104	66
1105	63
1106	58
1107	68
1108	64
1109	72
1110	63
1111	72
1112	57
1113	61
1114	62
1115	53
1116	65
1117	59
1118	51
1119	69
1120	80
1121	47
1122	65
1123	53
1124	55
1125	63
1126	65
1127	63
1128	58
1129	50
1130	60
1131	72
1132	64
1133	63
1134	50
1135	60
1136	44
1137	47
1138	59
1139	59
1140	70
1141	62
1142	58
1143	64
1144	73
1145	59
1146	46
1147	44
1148	52
1149	44
1150	63
1151	62
1152	55
1153	54
1154	57
1155	60
1156	58
1157	62
1158	51
1159	66
1160	55
1161	66
1162	58
1163	66
1164	63
1165	52
1166	67
1167	52
1168	61
1169	62
1170	45
1171	53
1172	62
1173	70
1174	62
1175	79
1176	57
1177	54
1178	54
1179	64
1180	59
1181	66
1182	63
1183	62
1184	57
1185	63
1186	59
1187	53
1188	64
1189	53
1190	63
1191	82
1192	55
1193	58
1194	50
1195	59
1196	58
1197	47
1198	60
1199	53
1200	62
1201	53
1202	68
1203	59
1204	58
1205	55
1206	57
1207	41
1208	56
1209	50
1210	50
1211	63
1212	47
1213	52
1214	56
1215	60
1216	47
1217	38
1218	51
1219	74
1220	75
1221	57
1222	51
1223	56
1224	56
1225	56
1226	67
1227	55
1228	66
1229	57
1230	47
1231	69
1232	66
1233	53
1234	63
1235	66
1236	82
1237	99
1238	120
1239	112
1240	65
1241	77
1242	62
1243	46
1244	49
1245	64
1246	48
1247	48
1248	49
1249	54
1250	48
1251	52
1252	59
1253	45
1254	62
1255	68
1256	45
1257	48
1258	55
1259	57
1260	58
1261	60
1262	64
1263	45
1264	42
1265	54
1266	50
1267	51
1268	47
1269	49
1270	35
1271	42
1272	61
1273	46
1274	53
1275	57
1276	59
1277	73
1278	57
1279	61
1280	55
1281	66
1282	61
1283	54
1284	56
1285	65
1286	56
1287	61
1288	77
1289	48
1290	58
1291	59
1292	63
1293	55
1294	59
1295	45
1296	55
1297	65
1298	63
1299	49
1300	57
1301	53
1302	61
1303	60
1304	52
1305	37
1306	48
1307	57
1308	64
1309	57
1310	50
1311	60
1312	48
1313	55
1314	67
1315	48
1316	47
1317	55
1318	56
1319	46
1320	49
1321	46
1322	59
1323	65
1324	41
1325	41
1326	43
1327	60
1328	52
1329	65
1330	47
1331	47
1332	80
1333	70
1334	48
1335	69
1336	51
1337	45
1338	61
1339	63
1340	47
1341	53
1342	64
1343	55
1344	58
1345	59
1346	45
1347	40
1348	57
1349	51
1350	59
1351	72
1352	52
1353	59
1354	60
1355	67
1356	53
1357	46
1358	43
1359	50
1360	55
1361	64
1362	48
1363	49
1364	52
1365	45
1366	68
1367	57
1368	83
1369	69
1370	72
1371	63
1372	61
1373	59
1374	41
1375	59
1376	57
1377	53
1378	57
1379	42
1380	46
1381	47
1382	71
1383	56
1384	50
1385	43
1386	50
1387	44
1388	55
1389	47
1390	55
1391	34
1392	38
1393	38
1394	60
1395	43
1396	53
1397	35
1398	39
1399	37
1400	45
1401	48
1402	55
1403	38
1404	39
1405	41
1406	33
1407	48
1408	47
1409	53
1410	31
1411	46
1412	50
1413	44
1414	45
1415	51
1416	44
1417	55
1418	41
1419	40
1420	43
1421	42
1422	27
1423	45
1424	34
1425	33
1426	37
1427	46
1428	49
1429	39
1430	36
1431	41
1432	39
1433	43
1434	39
1435	48
1436	40
1437	51
1438	34
1439	40
1440	36
1441	32
1442	21
1443	39
1444	45
1445	39
1446	34
1447	29
1448	33
1449	49
1450	32
1451	40
1452	34
1453	47
1454	42
1455	38
1456	41
1457	52
1458	42
1459	26
1460	40
1461	24
1462	38
1463	43
1464	31
1465	29
1466	47
1467	37
1468	43
1469	33
1470	36
1471	39
1472	38
1473	32
1474	29
1475	37
1476	23
1477	39
1478	40
1479	38
1480	38
1481	34
1482	33
1483	37
1484	29
1485	24
1486	36
1487	26
1488	32
1489	38
1490	37
1491	29
1492	30
1493	38
1494	25
1495	32
1496	38
1497	35
1498	33
1499	22
1500	35
1501	27
1502	19
1503	41
1504	23
1505	26
1506	27
1507	33
1508	38
1509	29
1510	22
1511	24
1512	35
1513	41
1514	35
1515	32
1516	41
1517	26
1518	24
1519	32
1520	44
1521	50
1522	44
1523	50
1524	52
1525	47
1526	29
1527	33
1528	30
1529	24
1530	35
1531	28
1532	32
1533	33
1534	30
1535	27
1536	31
1537	34
1538	26
1539	25
1540	20
1541	26
1542	25
1543	35
1544	25
1545	25
1546	28
1547	30
1548	23
1549	26
1550	38
1551	29
1552	30
1553	27
1554	35
1555	39
1556	35
1557	53
1558	33
1559	38
1560	38
1561	32
1562	28
1563	33
1564	38
1565	29
1566	27
1567	24
1568	28
1569	25
1570	23
1571	32
1572	24
1573	26
1574	30
1575	17
1576	30
1577	26
1578	29
1579	24
1580	20
1581	31
1582	24
1583	34
1584	24
1585	21
1586	33
1587	33
1588	38
1589	25
1590	31
1591	20
1592	22
1593	35
1594	36
1595	29
1596	21
1597	25
1598	28
1599	11
1600	29
1601	29
1602	21
1603	24
1604	28
1605	36
1606	31
1607	17
1608	26
1609	34
1610	51
1611	106
1612	288
1613	557
1614	857
1615	982
1616	774
1617	411
1618	195
1619	60
1620	32
1621	16
1622	18
1623	11
1624	10
1625	16
1626	14
1627	19
1628	19
1629	26
1630	16
1631	11
1632	12
1633	15
1634	21
1635	14
1636	10
1637	15
1638	12
1639	16
1640	17
1641	18
1642	20
1643	11
1644	17
1645	19
1646	12
1647	15
1648	18
1649	11
1650	11
1651	19
1652	19
1653	25
1654	16
1655	22
1656	18
1657	14
1658	24
1659	17
1660	15
1661	16
1662	20
1663	18
1664	16
1665	26
1666	21
1667	27
1668	22
1669	29
1670	24
1671	28
1672	16
1673	18
1674	19
1675	15
1676	13
1677	21
1678	13
1679	14
1680	10
1681	12
1682	9
1683	11
1684	13
1685	14
1686	15
1687	12
1688	12
1689	10
1690	17
1691	17
1692	16
1693	21
1694	18
1695	14
1696	20
1697	15
1698	15
1699	18
1700	21
1701	15
1702	23
1703	10
1704	16
1705	15
1706	24
1707	17
1708	16
1709	13
1710	16
1711	16
1712	9
1713	26
1714	19
1715	14
1716	10
1717	11
1718	13
1719	22
1720	11
1721	17
1722	20
1723	8
1724	18
1725	22
1726	12
1727	21
1728	15
1729	11
1730	17
1731	11
1732	18
1733	11
1734	15
1735	18
1736	15
1737	12
1738	18
1739	15
1740	18
1741	8
1742	10
1743	19
1744	20
1745	19
1746	14
1747	12
1748	14
1749	15
1750	13
1751	11
1752	15
1753	16
1754	31
1755	31
1756	36
1757	31
1758	39
1759	27
1760	30
1761	23
1762	15
1763	10
1764	16
1765	12
1766	10
1767	18
1768	17
1769	12
1770	15
1771	19
1772	9
1773	8
1774	12
1775	13
1776	14
1777	11
1778	17
1779	11
1780	24
1781	15
1782	10
1783	10
1784	16
1785	8
1786	24
1787	12
1788	13
1789	19
1790	28
1791	22
1792	19
1793	19
1794	13
1795	17
1796	17
1797	15
1798	14
1799	13
1800	15
1801	18
1802	20
1803	14
1804	19
1805	18
1806	8
1807	13
1808	8
1809	14
1810	12
1811	22
1812	19
1813	17
1814	12
1815	14
1816	11
1817	14
1818	7
1819	9
1820	8
1821	14
1822	11
1823	21
1824	11
1825	8
1826	11
1827	19
1828	13
1829	11
1830	16
1831	9
1832	14
1833	10
1834	17
1835	24
1836	11
1837	16
1838	18
1839	19
1840	15
1841	15
1842	12
1843	14
1844	14
1845	8
1846	15
1847	16
1848	13
1849	12
1850	13
1851	12
1852	8
1853	10
1854	7
1855	12
1856	12
1857	14
1858	12
1859	18
1860	10
1861	13
1862	12
1863	9
1864	13
1865	22
1866	6
1867	10
1868	13
1869	13
1870	13
1871	17
1872	17
1873	12
1874	13
1875	10
1876	12
1877	7
1878	8
1879	15
1880	16
1881	10
1882	10
1883	13
1884	8
1885	10
1886	5
1887	13
1888	12
1889	11
1890	11
1891	11
1892	4
1893	16
1894	7
1895	14
1896	9
1897	16
1898	19
1899	9
1900	11
1901	6
1902	13
1903	9
1904	19
1905	14
1906	7
1907	9
1908	15
1909	12
1910	21
1911	30
1912	22
1913	29
1914	19
1915	11
1916	19
1917	15
1918	11
1919	13
1920	15
1921	12
1922	13
1923	12
1924	15
1925	13
1926	6
1927	10
1928	10
1929	13
1930	12
1931	11
1932	12
1933	15
1934	12
1935	14
1936	12
1937	7
1938	5
1939	18
1940	11
1941	12
1942	14
1943	9
1944	10
1945	12
1946	10
1947	37
1948	42
1949	91
1950	97
1951	91
1952	75
1953	36
1954	29
1955	8
1956	13
1957	11
1958	10
1959	9
1960	13
1961	11
1962	12
1963	7
1964	10
1965	8
1966	14
1967	11
1968	9
1969	16
1970	12
1971	8
1972	10
1973	11
1974	6
1975	12
1976	13
1977	12
1978	8
1979	6
1980	8
1981	11
1982	13
1983	10
1984	15
1985	3
1986	9
1987	9
1988	12
1989	8
1990	9
1991	10
1992	8
1993	10
1994	9
1995	11
1996	13
1997	7
1998	15
1999	8
2000	6
2001	10
2002	12
2003	10
2004	12
2005	13
2006	8
2007	7
2008	14
2009	14
2010	9
2011	8
2012	4
2013	14
2014	5
2015	11
2016	9
2017	10
2018	11
2019	7
2020	9
2021	6
2022	11
2023	8
2024	11
2025	11
2026	8
2027	9
2028	12
2029	10
2030	10
2031	22
2032	8
2033	12
2034	6
2035	14
2036	7
2037	9
2038	12
2039	12
2040	20
2041	17
2042	22
2043	21
2044	13
2045	13
2046	13
2047	4
2048	9
2049	6
2050	15
2051	6
2052	7
2053	7
2054	13
2055	12
2056	10
2057	12
2058	14
2059	13
2060	9
2061	7
2062	6
2063	7
2064	13
2065	13
2066	11
2067	7
2068	14
2069	10
2070	10
2071	16
2072	11
2073	9
2074	5
2075	8
2076	6
2077	10
2078	6
2079	11
2080	14
2081	13
2082	7
2083	12
2084	8
2085	7
2086	5
2087	7
2088	10
2089	15
2090	11
2091	10
2092	9
2093	9
2094	15
2095	10
2096	10
2097	16
2098	12
2099	10
2100	11
2101	14
2102	9
2103	14
2104	10
2105	5
2106	10
2107	11
2108	12
2109	9
2110	10
2111	11
2112	10
2113	12
2114	5
2115	13
2116	10
2117	14
2118	10
2119	7
2120	12
2121	9
2122	11
2123	7
2124	7
2125	6
2126	9
2127	14
2128	6
2129	12
2130	10
2131	6
2132	10
2133	5
2134	9
2135	11
2136	11
2137	16
2138	9
2139	13
2140	9
2141	3
2142	13
2143	7
2144	9
2145	10
2146	13
2147	9
2148	11
2149	6
2150	4
2151	7
2152	6
2153	8
2154	14
2155	10
2156	8
2157	10
2158	8
2159	9
2160	5
2161	10
2162	8
2163	8
2164	8
2165	7
2166	7
2167	9
2168	12
2169	7
2170	11
2171	9
2172	8
2173	2
2174	3
2175	10
2176	9
2177	5
2178	12
2179	7
2180	11
2181	3
2182	11
2183	7
2184	8
2185	12
2186	10
2187	13
2188	6
2189	7
2190	15
2191	11
2192	5
2193	6
2194	11
2195	11
2196	8
2197	5
2198	2
2199	11
2200	10
2201	13
2202	12
2203	13
2204	9
2205	7
2206	5
2207	7
2208	12
2209	7
2210	8
2211	8
2212	8
2213	7
2214	7
2215	8
2216	9
2217	3
2218	8
2219	10
2220	10
2221	8
2222	7
2223	8
2224	8
2225	5
2226	11
2227	12
2228	7
2229	8
2230	7
2231	8
2232	8
2233	7
2234	9
2235	6
2236	7
2237	10
2238	9
2239	12
2240	8
2241	3
2242	8
2243	7
2244	7
2245	9
2246	11
2247	9
2248	9
2249	6
2250	8
2251	8
2252	7
2253	8
2254	6
2255	5
2256	6
2257	8
2258	12
2259	8
2260	15
2261	10
2262	8
2263	8
2264	13
2265	12
2266	6
2267	7
2268	9
2269	9
2270	6
2271	8
2272	5
2273	8
2274	7
2275	8
2276	6
2277	6
2278	3
2279	11
2280	11
2281	9
2282	6
2283	9
2284	10
2285	5
2286	14
2287	8
2288	7
2289	2
2290	5
2291	10
2292	5
2293	5
2294	7
2295	13
2296	14
2297	7
2298	9
2299	21
2300	6
2301	14
2302	13
2303	13
2304	5
2305	12
2306	7
2307	6
2308	4
2309	6
2310	7
2311	9
2312	8
2313	8
2314	9
2315	13
2316	7
2317	12
2318	3
2319	9
2320	14
2321	16
2322	21
2323	31
2324	40
2325	28
2326	38
2327	14
2328	9
2329	12
2330	12
2331	12
2332	13
2333	12
2334	4
2335	6
2336	6
2337	4
2338	8
2339	9
2340	16
2341	20
2342	17
2343	16
2344	13
2345	8
2346	4
2347	8
2348	6
2349	1
2350	6
2351	8
2352	8
2353	10
2354	6
2355	11
2356	5
2357	10
2358	9
2359	11
2360	13
2361	10
2362	7
2363	10
2364	6
2365	9
2366	16
2367	3
2368	10
2369	6
2370	9
2371	14
2372	6
2373	9
2374	10
2375	8
2376	10
2377	4
2378	4
2379	8
2380	10
2381	8
2382	4
2383	7
2384	10
2385	9
2386	9
2387	9
2388	9
2389	11
2390	7
2391	8
2392	9
2393	9
2394	13
2395	5
2396	6
2397	6
2398	10
2399	11
2400	5
2401	7
2402	8
2403	2
2404	14
2405	6
2406	8
2407	4
2408	10
2409	4
2410	13
2411	11
2412	6
2413	7
2414	9
2415	5
2416	10
2417	7
2418	10
2419	11
2420	8
2421	6
2422	6
2423	4
2424	9
2425	12
2426	7
2427	8
2428	15
2429	6
2430	11
2431	8
2432	17
2433	27
2434	26
2435	46
2436	37
2437	28
2438	28
2439	13
2440	7
2441	9
2442	11
2443	7
2444	7
2445	4
2446	13
2447	5
2448	11
2449	7
2450	6
2451	8
2452	7
2453	10
2454	14
2455	12
2456	10
2457	11
2458	11
2459	7
2460	6
2461	9
2462	5
2463	6
2464	5
2465	8
2466	6
2467	8
2468	13
2469	5
2470	11
2471	7
2472	6
2473	5
2474	8
2475	8
2476	4
2477	10
2478	12
2479	11
2480	12
2481	4
2482	8
2483	6
2484	8
2485	9
2486	10
2487	11
2488	10
2489	12
2490	10
2491	4
2492	13
2493	4
2494	9
2495	15
2496	10
2497	7
2498	7
2499	8
2500	10
2501	7
2502	8
2503	5
2504	6
2505	11
2506	7
2507	4
2508	7
2509	7
2510	5
2511	11
2512	6
2513	7
2514	8
2515	9
2516	9
2517	8
2518	9
2519	9
2520	6
2521	6
2522	7
2523	8
2524	8
2525	11
2526	12
2527	7
2528	13
2529	12
2530	10
2531	9
2532	7
2533	8
2534	13
2535	4
2536	10
2537	13
2538	7
2539	9
2540	7
2541	8
2542	13
2543	8
2544	7
2545	12
2546	10
2547	7
2548	11
2549	5
2550	10
2551	8
2552	10
2553	3
2554	9
2555	8
2556	9
2557	5
2558	8
2559	11
2560	6
2561	14
2562	8
2563	11
2564	12
2565	11
2566	3
2567	6
2568	7
2569	9
2570	13
2571	8
2572	7
2573	15
2574	5
2575	3
2576	6
2577	6
2578	7
2579	7
2580	7
2581	9
2582	10
2583	10
2584	11
2585	6
2586	10
2587	4
2588	5
2589	10
2590	10
2591	6
2592	10
2593	4
2594	8
2595	8
2596	7
2597	9
2598	12
2599	5
2600	6
2601	9
2602	8
2603	10
2604	7
2605	11
2606	5
2607	10
2608	14
2609	7
2610	8
2611	10
2612	15
2613	13
2614	12
2615	9
2616	5
2617	13
2618	11
2619	6
2620	7
2621	8
2622	14
2623	13
2624	5
2625	5
2626	1
2627	8
2628	14
2629	7
2630	7
2631	14
2632	6
2633	9
2634	8
2635	7
2636	10
2637	8
2638	10
2639	9
2640	8
2641	2
2642	4
2643	10
2644	10
2645	6
2646	10
2647	7
2648	6
2649	14
2650	5
2651	5
2652	4
2653	9
2654	6
2655	5
2656	8
2657	7
2658	7
2659	5
2660	7
2661	6
2662	7
2663	5
2664	8
2665	2
2666	4
2667	12
2668	8
2669	9
2670	4
2671	8
2672	9
2673	7
2674	4
2675	5
2676	7
2677	8
2678	8
2679	5
2680	6
2681	9
2682	11
2683	6
2684	5
2685	2
2686	8
2687	8
2688	6
2689	6
2690	8
2691	9
2692	6
2693	7
2694	3
2695	3
2696	8
2697	7
2698	8
2699	3
2700	9
2701	12
2702	12
2703	23
2704	20
2705	18
2706	18
2707	15
2708	8
2709	10
2710	8
2711	5
2712	5
2713	8
2714	4
2715	8
2716	2
2717	3
2718	4
2719	8
2720	3
2721	2
2722	7
2723	1
2724	4
2725	6
2726	6
2727	1
2728	5
2729	4
2730	4
2731	6
2732	3
2733	5
2734	4
2735	7
2736	9
2737	5
2738	7
2739	6
2740	3
2741	5
2742	7
2743	3
2744	4
2745	4
2746	5
2747	4
2748	3
2749	4
2750	1
2751	10
2752	3
2753	3
2754	0
2755	5
2756	3
2757	3
2758	6
2759	4
2760	4
2761	6
2762	1
2763	6
2764	6
2765	1
2766	4
2767	7
2768	2
2769	5
2770	4
2771	3
2772	2
2773	1
2774	3
2775	3
2776	2
2777	4
2778	1
2779	3
2780	1
2781	5
2782	0
2783	2
2784	1
2785	1
2786	4
2787	2
2788	0
2789	3
2790	1
2791	5
2792	1
2793	3
2794	2
2795	1
2796	2
2797	4
2798	3
2799	6
2800	3
2801	2
2802	4
2803	4
2804	2
2805	2
2806	2
2807	1
2808	5
2809	5
2810	2
2811	3
2812	3
2813	4
2814	4
2815	6
2816	1
2817	2
2818	3
2819	3
2820	2
2821	1
2822	2
2823	1
2824	1
2825	1
2826	1
2827	2
2828	2
2829	5
2830	1
2831	6
2832	4
2833	2
2834	3
2835	4
2836	3
2837	2
2838	4
2839	5
2840	3
2841	3
2842	2
2843	1
2844	1
2845	0
2846	2
2847	6
2848	2
2849	1
2850	2
2851	2
2852	3
2853	2
2854	0
2855	1
2856	4
2857	4
2858	4
2859	3
2860	4
2861	2
2862	4
2863	3
2864	1
2865	3
2866	5
2867	4
2868	3
2869	1
2870	7
2871	2
2872	1
2873	1
2874	4
2875	2
2876	1
2877	2
2878	1
2879	6
2880	7
2881	4
2882	2
2883	7
2884	32
2885	69
2886	132
2887	198
2888	257
2889	237
2890	263
2891	185
2892	119
2893	55
2894	15
2895	4
2896	2
2897	1
2898	0
2899	0
2900	1
2901	1
2902	0
2903	0
2904	0
2905	2
2906	0
2907	1
2908	1
2909	1
2910	1
2911	1
2912	1
2913	0
2914	0
2915	0
2916	2
2917	1
2918	0
2919	0
2920	1
2921	1
2922	1
2923	1
2924	2
2925	1
2926	0
2927	1
2928	1
2929	0
2930	1
2931	0
2932	1
2933	1
2934	2
2935	0
2936	2
2937	1
2938	2
2939	1
2940	0
2941	1
2942	0
2943	1
2944	0
2945	2
2946	1
2947	0
2948	1
2949	1
2950	0
2951	1
2952	0
2953	0
2954	2
2955	2
2956	0
2957	3
2958	3
2959	1
2960	0
2961	1
2962	0
2963	0
2964	1
2965	0
2966	0
2967	0
2968	0
2969	0
2970	0
2971	1
2972	1
2973	1
2974	1
2975	1
2976	0
2977	2
2978	3
2979	0
2980	2
2981	0
2982	1
2983	1
2984	0
2985	2
2986	2
2987	2
2988	0
2989	1
2990	1
2991	2
2992	0
2993	0
2994	2
2995	1
2996	1
2997	2
2998	1
2999	2
3000	1
3001	3
3002	1
3003	2
3004	1
3005	0
3006	0
3007	0
3008	2
3009	1
3010	3
3011	1
3012	1
3013	0
3014	4
3015	0
3016	1
3017	0
3018	1
3019	1
3020	2
3021	0
3022	0
3023	0
3024	0
3025	1
3026	0
3027	0
3028	0
3029	1
3030	3
3031	0
3032	1
3033	0
3034	1
3035	0
3036	0
3037	0
3038	2
3039	0
3040	1
3041	0
3042	1
3043	1
3044	0
3045	0
3046	2
3047	3
3048	0
3049	0
3050	0
3051	1
3052	1
3053	1
3054	0
3055	0
3056	1
3057	3
3058	0
3059	1
3060	0
3061	1
3062	0
3063	1
3064	0
3065	1
3066	0
3067	1
3068	0
3069	0
3070	1
3071	0
3072	0
3073	2
3074	0
3075	0
3076	2
3077	0
3078	0
3079	1
3080	2
3081	0
3082	0
3083	0
3084	1
3085	0
3086	0
3087	0
3088	1
3089	2
3090	1
3091	0
3092	0
3093	1
3094	2
3095	1
3096	2
3097	0
3098	1
3099	0
3100	1
3101	1
3102	1
3103	1
3104	1
3105	0
3106	0
3107	1
3108	0
3109	1
3110	1
3111	0
3112	0
3113	1
3114	0
3115	0
3116	0
3117	0
3118	0
3119	0
3120	0
3121	0
3122	1
3123	1
3124	2
3125	0
3126	0
3127	0
3128	0
3129	0
3130	0
3131	0
3132	0
3133	1
3134	1
3135	3
3136	3
3137	0
3138	1
3139	1
3140	0
3141	0
3142	0
3143	1
3144	1
3145	0
3146	0
3147	3
3148	1
3149	1
3150	0
3151	0
3152	1
3153	0
3154	0
3155	0
3156	1
3157	0
3158	0
3159	1
3160	0
3161	0
3162	0
3163	1
3164	4
3165	0
3166	0
3167	2
3168	1
3169	2
3170	1
3171	1
3172	0
3173	1
3174	0
3175	1
3176	0
3177	0
3178	0
3179	3
3180	1
3181	0
3182	0
3183	1
3184	0
3185	1
3186	2
3187	0
3188	1
3189	1
3190	1
3191	1
3192	0
3193	1
3194	0
3195	2
3196	0
3197	1
3198	1
3199	0
3200	2
3201	1
3202	0
3203	1
3204	3
3205	0
3206	2
3207	1
3208	2
3209	1
3210	1
3211	0
3212	3
3213	0
3214	1
3215	0
3216	1
3217	1
3218	0
3219	1
3220	1
3221	0
3222	1
3223	1
3224	0
3225	1
3226	1
3227	0
3228	2
3229	2
3230	1
3231	2
3232	0
3233	2
3234	0
3235	0
3236	0
3237	1
3238	0
3239	1
3240	0
3241	2
3242	1
3243	0
3244	2
3245	0
3246	0
3247	0
3248	0
3249	1
3250	0
3251	1
3252	0
3253	1
3254	0
3255	1
3256	0
3257	0
3258	0
3259	2
3260	0
3261	0
3262	0
3263	2
3264	0
3265	1
3266	0
3267	0
3268	0
3269	1
3270	0
3271	3
3272	1
3273	0
3274	0
3275	1
3276	0
3277	0
3278	1
3279	0
3280	0
3281	2
3282	0
3283	0
3284	1
3285	1
3286	0
3287	3
3288	1
3289	0
3290	2
3291	0
3292	2
3293	0
3294	1
3295	4
3296	0
3297	1
3298	0
3299	1
3300	0
3301	2
3302	1
3303	2
3304	0
3305	3
3306	0
3307	1
3308	0
3309	0
3310	3
3311	0
3312	0
3313	1
3314	3
3315	3
3316	1
3317	2
3318	2
3319	1
3320	0
3321	0
3322	1
3323	0
3324	3
3325	1
3326	0
3327	1
3328	1
3329	0
3330	1
3331	0
3332	1
3333	1
3334	3
3335	0
3336	0
3337	0
3338	3
3339	2
3340	1
3341	1
3342	1
3343	1
3344	2
3345	0
3346	0
3347	1
3348	1
3349	2
3350	0
3351	1
3352	0
3353	0
3354	2
3355	1
3356	1
3357	2
3358	1
3359	1
3360	2
3361	0
3362	3
3363	0
3364	0
3365	0
3366	1
3367	0
3368	0
3369	2
3370	1
3371	1
3372	3
3373	1
3374	2
3375	2
3376	2
3377	0
3378	0
3379	1
3380	0
3381	0
3382	2
3383	1
3384	0
3385	1
3386	3
3387	2
3388	0
3389	0
3390	1
3391	2
3392	1
3393	0
3394	0
3395	1
3396	0
3397	1
3398	0
3399	1
3400	1
3401	5
3402	1
3403	1
3404	1
3405	1
3406	1
3407	0
3408	1
3409	0
3410	1
3411	2
3412	1
3413	0
3414	0
3415	0
3416	0
3417	0
3418	1
3419	1
3420	1
3421	0
3422	0
3423	1
3424	2
3425	1
3426	1
3427	0
3428	0
3429	0
3430	1
3431	3
3432	0
3433	0
3434	1
3435	1
3436	0
3437	0
3438	0
3439	1
3440	2
3441	0
3442	0
3443	0
3444	0
3445	0
3446	0
3447	0
3448	1
3449	1
3450	1
3451	0
3452	1
3453	1
3454	0
3455	0
3456	0
3457	1
3458	0
3459	0
3460	2
3461	1
3462	0
3463	0
3464	3
3465	2
3466	0
3467	0
3468	0
3469	2
3470	0
3471	0
3472	0
3473	0
3474	0
3475	0
3476	1
3477	1
3478	1
3479	0
3480	0
3481	0
3482	0
3483	0
3484	0
3485	0
3486	0
3487	1
3488	1
3489	1
3490	2
3491	0
3492	2
3493	0
3494	0
3495	0
3496	0
3497	2
3498	0
3499	2
3500	1
3501	2
3502	0
3503	0
3504	0
3505	2
3506	0
3507	1
3508	0
3509	0
3510	0
3511	1
3512	1
3513	0
3514	0
3515	0
3516	2
3517	0
3518	1
3519	0
3520	0
3521	1
3522	0
3523	1
3524	0
3525	1
3526	1
3527	0
3528	0
3529	2
3530	1
3531	0
3532	0
3533	1
3534	0
3535	0
3536	1
3537	1
3538	1
3539	3
3540	0
3541	0
3542	1
3543	0
3544	1
3545	1
3546	0
3547	3
3548	2
3549	0
3550	2
3551	2
3552	1
3553	0
3554	1
3555	0
3556	1
3557	0
3558	2
3559	0
3560	0
3561	0
3562	1
3563	3
3564	0
3565	1
3566	1
3567	3
3568	0
3569	1
3570	1
3571	0
3572	0
3573	0
3574	1
3575	1
3576	0
3577	0
3578	0
3579	1
3580	0
3581	0
3582	0
3583	0
3584	0
3585	0
3586	0
3587	1
3588	0
3589	1
3590	0
3591	1
3592	1
3593	0
3594	0
3595	2
3596	2
3597	0
3598	1
3599	2
3600	0
3601	1
3602	1
3603	1
3604	2
3605	0
3606	0
3607	0
3608	1
3609	1
3610	0
3611	1
3612	0
3613	1
3614	0
3615	2
3616	0
3617	0
3618	0
3619	0
3620	0
3621	2
3622	1
3623	0
3624	1
3625	0
3626	1
3627	0
3628	0
3629	0
3630	1
3631	0
3632	0
3633	1
3634	1
3635	2
3636	0
3637	0
3638	0
3639	1
3640	0
3641	0
3642	1
3643	1
3644	1
3645	1
3646	1
3647	0
3648	2
3649	1
3650	0
3651	1
3652	0
3653	1
3654	0
3655	0
3656	1
3657	0
3658	0
3659	0
3660	0
3661	1
3662	1
3663	0
3664	0
3665	1
3666	2
3667	1
3668	0
3669	1
3670	2
3671	2
3672	0
3673	0
3674	0
3675	1
3676	0
3677	0
3678	0
3679	1
3680	0
3681	0
3682	0
3683	0
3684	0
3685	0
3686	1
3687	1
3688	0
3689	0
3690	1
3691	0
3692	0
3693	1
3694	0
3695	1
3696	1
3697	1
3698	2
3699	0
3700	0
3701	0
3702	0
3703	0
3704	0
3705	2
3706	0
3707	2
3708	1
3709	1
3710	0
3711	0
3712	0
3713	0
3714	0
3715	2
3716	0
3717	0
3718	1
3719	0
3720	0
3721	0
3722	1
3723	0
3724	0
3725	1
3726	1
3727	0
3728	1
3729	1
3730	0
3731	1
3732	2
3733	1
3734	0
3735	0
3736	1
3737	0
3738	0
3739	1
3740	0
3741	2
3742	1
3743	0
3744	0
3745	0
3746	2
3747	1
3748	0
3749	2
3750	0
3751	1
3752	2
3753	0
3754	0
3755	0
3756	0
3757	2
3758	1
3759	0
3760	0
3761	1
3762	1
3763	0
3764	1
3765	0
3766	1
3767	3
3768	1
3769	0
3770	1
3771	0
3772	1
3773	1
3774	0
3775	0
3776	2
3777	0
3778	0
3779	0
3780	0
3781	0
3782	1
3783	0
3784	0
3785	1
3786	1
3787	0
3788	0
3789	0
3790	2
3791	2
3792	0
3793	0
3794	0
3795	0
3796	0
3797	1
3798	0
3799	1
3800	1
3801	0
3802	0
3803	0
3804	1
3805	2
3806	1
3807	2
3808	0
3809	0
3810	0
3811	0
3812	2
3813	2
3814	1
3815	0
3816	0
3817	1
3818	1
3819	0
3820	0
3821	0
3822	0
3823	0
3824	0
3825	0
3826	0
3827	1
3828	0
3829	2
3830	1
3831	0
3832	1
3833	1
3834	0
3835	0
3836	0
3837	2
3838	2
3839	1
3840	1
3841	0
3842	0
3843	0
3844	0
3845	0
3846	1
3847	3
3848	0
3849	0
3850	0
3851	0
3852	1
3853	0
3854	0
3855	0
3856	1
3857	2
3858	0
3859	0
3860	1
3861	0
3862	0
3863	0
3864	0
3865	2
3866	1
3867	0
3868	2
3869	0
3870	0
3871	0
3872	0
3873	1
3874	1
3875	0
3876	2
3877	0
3878	0
3879	0
3880	1
3881	0
3882	1
3883	0
3884	0
3885	1
3886	0
3887	0
3888	1
3889	1
3890	0
3891	1
3892	0
3893	0
3894	0
3895	0
3896	1
3897	0
3898	0
3899	0
3900	1
3901	2
3902	0
3903	0
3904	1
3905	0
3906	3
3907	0
3908	0
3909	1
3910	1
3911	1
3912	0
3913	0
3914	0
3915	1
3916	0
3917	0
3918	1
3919	0
3920	1
3921	0
3922	1
3923	0
3924	1
3925	3
3926	0
3927	0
3928	0
3929	0
3930	2
3931	0
3932	0
3933	0
3934	1
3935	0
3936	1
3937	0
3938	0
3939	0
3940	0
3941	2
3942	0
3943	0
3944	0
3945	0
3946	0
3947	0
3948	0
3949	0
3950	1
3951	0
3952	0
3953	0
3954	0
3955	1
3956	2
3957	2
3958	0
3959	0
3960	0
3961	0
3962	1
3963	0
3964	0
3965	1
3966	2
3967	0
3968	1
3969	1
3970	1
3971	0
3972	2
3973	1
3974	0
3975	0
3976	0
3977	1
3978	0
3979	1
3980	0
3981	1
3982	1
3983	0
3984	0
3985	0
3986	0
3987	2
3988	1
3989	0
3990	0
3991	0
3992	1
3993	1
3994	0
3995	0
3996	2
3997	1
3998	2
3999	1
4000	0
4001	2
4002	1
4003	0
4004	1
4005	0
4006	3
4007	1
4008	2
4009	2
4010	0
4011	2
4012	0
4013	1
4014	0
4015	0
4016	0
4017	0
4018	0
4019	0
4020	0
4021	2
4022	0
4023	0
4024	1
4025	1
4026	0
4027	2
4028	0
4029	1
4030	1
4031	1
4032	1
4033	0
4034	1
4035	2
4036	1
4037	1
4038	0
4039	2
4040	0
4041	2
4042	0
4043	0
4044	2
4045	1
4046	1
4047	0
4048	0
4049	0
4050	0
4051	0
4052	0
4053	2
4054	1
4055	0
4056	1
4057	2
4058	1
4059	0
4060	0
4061	0
4062	0
4063	2
4064	0
4065	0
4066	3
4067	0
4068	0
4069	0
4070	1
4071	2
4072	0
4073	1
4074	0
4075	1
4076	1
4077	1
4078	2
4079	0
4080	0
4081	1
4082	0
4083	0
4084	0
4085	1
4086	0
4087	0
4088	0
4089	1
4090	0
4091	1
4092	0
4093	0
4094	0
4095	2
4096	0
4097	0
4098	0
4099	0
4100	2
4101	0
4102	0
4103	0
4104	1
4105	2
4106	0
4107	0
4108	0
4109	0
4110	1
4111	0
4112	0
4113	0
4114	1
4115	0
4116	1
4117	1
4118	0
4119	0
4120	0
4121	0
4122	0
4123	0
4124	1
4125	0
4126	0
4127	0
4128	0
4129	0
4130	0
4131	0
4132	1
4133	1
4134	1
4135	0
4136	1
4137	1
4138	1
4139	1
4140	0
4141	1
4142	0
4143	1
4144	0
4145	2
4146	0
4147	1
4148	0
4149	1
4150	0
4151	0
4152	1
4153	0
4154	0
4155	0
4156	1
4157	0
4158	0
4159	0
4160	0
4161	0
4162	2
4163	1
4164	0
4165	0
4166	1
4167	0
4168	1
4169	0
4170	0
4171	0
4172	1
4173	0
4174	1
4175	0
4176	0
4177	0
4178	0
4179	0
4180	0
4181	1
4182	0
4183	1
4184	1
4185	2
4186	1
4187	0
4188	0
4189	1
4190	0
4191	0
4192	1
4193	0
4194	1
4195	1
4196	2
4197	1
4198	1
4199	1
4200	0
4201	0
4202	0
4203	0
4204	0
4205	0
4206	0
4207	0
4208	0
4209	1
4210	0
4211	0
4212	0
4213	1
4214	0
4215	0
4216	1
4217	0
4218	0
4219	1
4220	0
4221	1
4222	1
4223	0
4224	1
4225	0
4226	2
4227	0
4228	1
4229	0
4230	1
4231	3
4232	0
4233	2
4234	0
4235	1
4236	0
4237	0
4238	1
4239	0
4240	0
4241	0
4242	1
4243	1
4244	0
4245	0
4246	0
4247	2
4248	0
4249	0
4250	0
4251	1
4252	0
4253	0
4254	0
4255	0
4256	1
4257	0
4258	0
4259	1
4260	0
4261	0
4262	0
4263	1
4264	1
4265	0
4266	0
4267	0
4268	2
4269	0
4270	0
4271	0
4272	0
4273	0
4274	1
4275	0
4276	0
4277	1
4278	2
4279	1
4280	1
4281	0
4282	1
4283	0
4284	0
4285	0
4286	0
4287	0
4288	0
4289	1
4290	0
4291	2
4292	1
4293	2
4294	0
4295	0
4296	1
4297	0
4298	0
4299	1
4300	0
4301	0
4302	0
4303	1
4304	1
4305	0
4306	0
4307	0
4308	1
4309	1
4310	1
4311	0
4312	1
4313	3
4314	0
4315	0
4316	1
4317	0
4318	1
4319	0
4320	0
4321	2
4322	0
4323	0
4324	1
4325	0
4326	1
4327	1
4328	0
4329	0
4330	0
4331	0
4332	0
4333	0
4334	0
4335	1
4336	2
4337	0
4338	2
4339	0
4340	0
4341	0
4342	0
4343	0
4344	0
4345	0
4346	0
4347	0
4348	0
4349	0
4350	2
4351	1
4352	0
4353	2
4354	1
4355	1
4356	0
4357	1
4358	0
4359	2
4360	0
4361	0
4362	1
4363	1
4364	0
4365	1
4366	2
4367	0
4368	0
4369	1
4370	0
4371	0
4372	0
4373	0
4374	0
4375	0
4376	0
4377	1
4378	0
4379	0
4380	0
4381	0
4382	1
4383	0
4384	0
4385	0
4386	0
4387	0
4388	0
4389	0
4390	0
4391	0
4392	0
4393	1
4394	0
4395	1
4396	0
4397	0
4398	0
4399	0
4400	0
4401	0
4402	0
4403	2
4404	0
4405	1
4406	0
4407	1
4408	0
4409	1
4410	0
4411	0
4412	2
4413	0
4414	0
4415	0
4416	0
4417	0
4418	1
4419	0
4420	1
4421	0
4422	0
4423	0
4424	0
4425	0
4426	0
4427	0
4428	1
4429	0
4430	0
4431	0
4432	0
4433	1
4434	0
4435	0
4436	0
4437	0
4438	0
4439	0
4440	1
4441	0
4442	1
4443	0
4444	0
4445	1
4446	3
4447	0
4448	0
4449	1
4450	0
4451	0
4452	1
4453	0
4454	0
4455	1
4456	0
4457	0
4458	0
4459	0
4460	1
4461	1
4462	0
4463	0
4464	0
4465	0
4466	0
4467	1
4468	1
4469	2
4470	0
4471	1
4472	0
4473	1
4474	0
4475	1
4476	0
4477	1
4478	0
4479	0
4480	0
4481	0
4482	2
4483	0
4484	0
4485	0
4486	0
4487	0
4488	0
4489	1
4490	1
4491	0
4492	0
4493	0
4494	0
4495	2
4496	0
4497	0
4498	0
4499	0
4500	1
4501	1
4502	0
4503	1
4504	0
4505	0
4506	1
4507	0
4508	0
4509	1
4510	1
4511	1
4512	0
4513	1
4514	0
4515	0
4516	0
4517	2
4518	0
4519	1
4520	0
4521	0
4522	1
4523	1
4524	1
4525	1
4526	2
4527	0
4528	0
4529	2
4530	0
4531	1
4532	0
4533	2
4534	0
4535	0
4536	0
4537	0
4538	0
4539	0
4540	0
4541	1
4542	0
4543	0
4544	1
4545	0
4546	2
4547	1
4548	0
4549	0
4550	0
4551	0
4552	0
4553	0
4554	0
4555	0
4556	0
4557	0
4558	3
4559	1
4560	0
4561	1
4562	0
4563	1
4564	2
4565	0
4566	1
4567	0
4568	0
4569	0
4570	1
4571	1
4572	0
4573	0
4574	0
4575	1
4576	2
4577	1
4578	0
4579	1
4580	1
4581	0
4582	1
4583	0
4584	0
4585	0
4586	0
4587	1
4588	0
4589	1
4590	1
4591	1
4592	2
4593	1
4594	0
4595	1
4596	0
4597	0
4598	0
4599	0
4600	1
4601	2
4602	0
4603	0
4604	0
4605	1
4606	1
4607	0
4608	0
4609	0
4610	0
4611	0
4612	1
4613	0
4614	0
4615	0
4616	0
4617	2
4618	0
4619	0
4620	1
4621	1
4622	3
4623	0
4624	0
4625	0
4626	0
4627	0
4628	0
4629	0
4630	0
4631	0
4632	1
4633	0
4634	1
4635	0
4636	0
4637	0
4638	0
4639	0
4640	0
4641	0
4642	0
4643	1
4644	0
4645	0
4646	0
4647	0
4648	0
4649	0
4650	0
4651	1
4652	0
4653	0
4654	1
4655	0
4656	0
4657	0
4658	0
4659	0
4660	0
4661	0
4662	1
4663	1
4664	0
4665	0
4666	0
4667	1
4668	0
4669	0
4670	0
4671	1
4672	1
4673	0
4674	0
4675	0
4676	0
4677	0
4678	0
4679	0
4680	1
4681	0
4682	0
4683	2
4684	0
4685	0
4686	0
4687	0
4688	0
4689	1
4690	0
4691	0
4692	2
4693	2
4694	0
4695	2
4696	0
4697	2
4698	0
4699	0
4700	1
4701	4
4702	0
4703	0
4704	1
4705	1
4706	0
4707	1
4708	2
4709	0
4710	0
4711	0
4712	2
4713	1
4714	0
4715	2
4716	0
4717	1
4718	0
4719	0
4720	0
4721	0
4722	0
4723	0
4724	1
4725	0
4726	0
4727	1
4728	1
4729	0
4730	0
4731	0
4732	0
4733	0
4734	0
4735	0
4736	1
4737	0
4738	0
4739	1
4740	0
4741	1
4742	3
4743	0
4744	0
4745	3
4746	0
4747	0
4748	0
4749	0
4750	2
4751	0
4752	0
4753	0
4754	1
4755	0
4756	0
4757	1
4758	0
4759	0
4760	0
4761	0
4762	0
4763	2
4764	0
4765	1
4766	0
4767	0
4768	0
4769	1
4770	0
4771	1
4772	1
4773	0
4774	0
4775	0
4776	1
4777	0
4778	1
4779	0
4780	0
4781	0
4782	0
4783	2
4784	0
4785	2
4786	1
4787	0
4788	0
4789	1
4790	0
4791	0
4792	0
4793	1
4794	1
4795	0
4796	0
4797	0
4798	1
4799	0
4800	0
4801	1
4802	0
4803	0
4804	0
4805	0
4806	1
4807	0
4808	0
4809	0
4810	0
4811	0
4812	1
4813	0
4814	0
4815	1
4816	0
4817	0
4818	0
4819	0
4820	1
4821	0
4822	0
4823	0
4824	0
4825	2
4826	0
4827	0
4828	1
4829	2
4830	0
4831	0
4832	1
4833	0
4834	0
4835	1
4836	0
4837	0
4838	0
4839	0
4840	1
4841	0
4842	1
4843	0
4844	1
4845	0
4846	0
4847	0
4848	1
4849	1
4850	0
4851	1
4852	0
4853	0
4854	0
4855	0
4856	0
4857	0
4858	0
4859	1
4860	0
4861	0
4862	0
4863	0
4864	1
4865	2
4866	1
4867	0
4868	1
4869	2
4870	0
4871	0
4872	0
4873	0
4874	0
4875	0
4876	0
4877	1
4878	2
4879	0
4880	1
4881	0
4882	2
4883	1
4884	1
4885	1
4886	1
4887	0
4888	0
4889	1
4890	0
4891	0
4892	1
4893	0
4894	0
4895	0
4896	0
4897	0
4898	1
4899	0
4900	1
4901	1
4902	0
4903	0
4904	2
4905	0
4906	0
4907	0
4908	0
4909	0
4910	0
4911	0
4912	1
4913	1
4914	0
4915	0
4916	0
4917	0
4918	0
4919	0
4920	1
4921	2
4922	0
4923	0
4924	2
4925	2
4926	0
4927	1
4928	1
4929	0
4930	0
4931	0
4932	0
4933	1
4934	0
4935	0
4936	0
4937	1
4938	0
4939	1
4940	0
4941	0
4942	0
4943	1
4944	0
4945	1
4946	0
4947	1
4948	0
4949	2
4950	0
4951	0
4952	0
4953	0
4954	0
4955	1
4956	0
4957	0
4958	0
4959	1
4960	1
4961	1
4962	1
4963	0
4964	1
4965	1
4966	1
4967	2
4968	0
4969	0
4970	0
4971	0
4972	0
4973	0
4974	0
4975	0
4976	0
4977	0
4978	0
4979	1
4980	0
4981	1
4982	0
4983	1
4984	0
4985	1
4986	0
4987	0
4988	0
4989	0
4990	0
4991	0
4992	0
4993	1
4994	1
4995	0
4996	0
4997	0
4998	2
4999	0
5000	0
5001	0
5002	1
5003	0
5004	0
5005	0
5006	0
5007	1
5008	0
5009	0
5010	0
5011	1
5012	0
5013	1
5014	0
5015	0
5016	0
5017	0
5018	0
5019	1
5020	0
5021	0
5022	1
5023	1
5024	0
5025	0
5026	1
5027	0
5028	0
5029	0
5030	2
5031	0
5032	0
5033	1
5034	0
5035	1
5036	0
5037	0
5038	0
5039	0
5040	0
5041	1
5042	0
5043	0
5044	1
5045	0
5046	0
5047	1
5048	2
5049	0
5050	0
5051	0
5052	0
5053	0
5054	0
5055	0
5056	0
5057	1
5058	0
5059	1
5060	0
5061	0
5062	0
5063	0
5064	2
5065	1
5066	1
5067	0
5068	1
5069	1
5070	0
5071	0
5072	0
5073	0
5074	1
5075	0
5076	0
5077	0
5078	0
5079	0
5080	0
5081	1
5082	1
5083	0
5084	1
5085	1
5086	0
5087	0
5088	0
5089	1
5090	0
5091	1
5092	0
5093	0
5094	0
5095	0
5096	0
5097	1
5098	1
5099	0
5100	0
5101	0
5102	0
5103	2
5104	0
5105	0
5106	0
5107	1
5108	1
5109	2
5110	1
5111	0
5112	1
5113	0
5114	0
5115	1
5116	0
5117	0
5118	1
5119	0
5120	0
5121	0
5122	1
5123	0
5124	0
5125	1
5126	0
5127	0
5128	0
5129	0
5130	0
5131	0
5132	1
5133	1
5134	1
5135	1
5136	0
5137	1
5138	1
5139	1
5140	0
5141	1
5142	0
5143	0
5144	0
5145	1
5146	0
5147	1
5148	0
5149	1
5150	0
5151	1
5152	0
5153	0
5154	0
5155	0
5156	0
5157	1
5158	0
5159	0
5160	1
5161	1
5162	0
5163	0
5164	0
5165	1
5166	1
5167	0
5168	0
5169	1
5170	1
5171	0
5172	1
5173	0
5174	0
5175	0
5176	0
5177	0
5178	0
5179	0
5180	0
5181	0
5182	0
5183	0
5184	1
5185	0
5186	0
5187	0
5188	0
5189	0
5190	0
5191	0
5192	0
5193	1
5194	0
5195	0
5196	0
5197	1
5198	1
5199	1
5200	0
5201	0
5202	0
5203	0
5204	0
5205	1
5206	0
5207	1
5208	0
5209	1
5210	0
5211	1
5212	0
5213	0
5214	0
5215	0
5216	0
5217	0
5218	1
5219	1
5220	1
5221	1
5222	0
5223	0
5224	1
5225	0
5226	0
5227	1
5228	1
5229	0
5230	1
5231	2
5232	1
5233	0
5234	0
5235	1
5236	1
5237	0
5238	0
5239	0
5240	0
5241	2
5242	3
5243	0
5244	0
5245	0
5246	0
5247	0
5248	0
5249	0
5250	1
5251	1
5252	0
5253	1
5254	1
5255	2
5256	1
5257	0
5258	0
5259	1
5260	0
5261	0
5262	0
5263	1
5264	0
5265	0
5266	0
5267	0
5268	0
5269	1
5270	0
5271	1
5272	0
5273	0
5274	0
5275	1
5276	1
5277	1
5278	1
5279	0
5280	0
5281	1
5282	0
5283	0
5284	0
5285	0
5286	0
5287	0
5288	1
5289	0
5290	1
5291	1
5292	0
5293	1
5294	1
5295	1
5296	0
5297	0
5298	0
5299	0
5300	1
5301	0
5302	0
5303	1
5304	0
5305	0
5306	0
5307	0
5308	0
5309	0
5310	1
5311	0
5312	0
5313	0
5314	2
5315	1
5316	0
5317	0
5318	1
5319	0
5320	1
5321	1
5322	0
5323	0
5324	0
5325	0
5326	0
5327	0
5328	0
5329	0
5330	0
5331	0
5332	0
5333	0
5334	1
5335	0
5336	0
5337	2
5338	0
5339	0
5340	0
5341	1
5342	1
5343	0
5344	0
5345	0
5346	1
5347	0
5348	0
5349	0
5350	0
5351	0
5352	1
5353	1
5354	0
5355	2
5356	1
5357	0
5358	0
5359	0
5360	0
5361	2
5362	2
5363	0
5364	1
5365	0
5366	0
5367	2
5368	1
5369	0
5370	0
5371	0
5372	0
5373	0
5374	0
5375	0
5376	0
5377	0
5378	0
5379	0
5380	2
5381	0
5382	1
5383	0
5384	1
5385	0
5386	1
5387	1
5388	0
5389	0
5390	0
5391	0
5392	1
5393	1
5394	0
5395	0
5396	0
5397	0
5398	1
5399	0
5400	0
5401	0
5402	1
5403	0
5404	0
5405	1
5406	1
5407	1
5408	1
5409	0
5410	0
5411	0
5412	0
5413	0
5414	0
5415	2
5416	0
5417	1
5418	1
5419	2
5420	0
5421	0
5422	1
5423	0
5424	0
5425	2
5426	0
5427	1
5428	0
5429	0
5430	0
5431	0
5432	1
5433	0
5434	0
5435	1
5436	0
5437	0
5438	0
5439	0
5440	0
5441	1
5442	0
5443	0
5444	0
5445	0
5446	0
5447	0
5448	0
5449	0
5450	0
5451	1
5452	0
5453	1
5454	0
5455	0
5456	0
5457	0
5458	1
5459	0
5460	0
5461	2
5462	0
5463	0
5464	1
5465	0
5466	0
5467	0
5468	0
5469	0
5470	0
5471	1
5472	0
5473	2
5474	0
5475	1
5476	1
5477	0
5478	0
5479	0
5480	0
5481	0
5482	1
5483	0
5484	0
5485	1
5486	0
5487	0
5488	0
5489	1
5490	0
5491	0
5492	0
5493	0
5494	0
5495	0
5496	1
5497	1
5498	1
5499	1
5500	0
5501	1
5502	0
5503	0
5504	1
5505	0
5506	0
5507	0
5508	2
5509	0
5510	0
5511	0
5512	1
5513	0
5514	0
5515	1
5516	0
5517	0
5518	0
5519	0
5520	1
5521	0
5522	0
5523	0
5524	1
5525	1
5526	0
5527	0
5528	2
5529	1
5530	1
5531	0
5532	2
5533	0
5534	0
5535	1
5536	1
5537	0
5538	1
5539	1
5540	0
5541	1
5542	0
5543	0
5544	2
5545	0
5546	2
5547	1
5548	0
5549	1
5550	0
5551	0
5552	0
5553	0
5554	0
5555	0
5556	0
5557	1
5558	1
5559	1
5560	1
5561	0
5562	0
5563	0
5564	0
5565	0
5566	1
5567	0
5568	0
5569	0
5570	0
5571	0
5572	1
5573	0
5574	0
5575	0
5576	0
5577	0
5578	0
5579	0
5580	0
5581	0
5582	0
5583	0
5584	0
5585	1
5586	1
5587	1
5588	0
5589	0
5590	0
5591	1
5592	0
5593	0
5594	1
5595	1
5596	0
5597	0
5598	0
5599	0
5600	1
5601	1
5602	2
5603	0
5604	0
5605	1
5606	1
5607	0
5608	1
5609	0
5610	0
5611	0
5612	0
5613	0
5614	1
5615	0
5616	0
5617	0
5618	0
5619	1
5620	1
5621	0
5622	0
5623	0
5624	1
5625	0
5626	1
5627	0
5628	1
5629	0
5630	1
5631	0
5632	0
5633	0
5634	0
5635	1
5636	1
5637	0
5638	2
5639	1
5640	0
5641	1
5642	0
5643	1
5644	0
5645	0
5646	1
5647	0
5648	0
5649	1
5650	0
5651	0
5652	0
5653	0
5654	0
5655	1
5656	0
5657	0
5658	1
5659	0
5660	1
5661	1
5662	0
5663	0
5664	0
5665	0
5666	1
5667	1
5668	0
5669	0
5670	0
5671	0
5672	0
5673	0
5674	0
5675	0
5676	0
5677	1
5678	0
5679	0
5680	0
5681	0
5682	0
5683	2
5684	1
5685	0
5686	1
5687	1
5688	2
5689	0
5690	0
5691	0
5692	0
5693	0
5694	0
5695	0
5696	1
5697	1
5698	0
5699	0
5700	1
5701	0
5702	0
5703	0
5704	1
5705	0
5706	2
5707	1
5708	0
5709	1
5710	1
5711	0
5712	0
5713	0
5714	2
5715	0
5716	0
5717	0
5718	1
5719	0
5720	0
5721	0
5722	0
5723	0
5724	0
5725	0
5726	0
5727	0
5728	0
5729	1
5730	0
5731	0
5732	0
5733	1
5734	0
5735	0
5736	0
5737	0
5738	0
5739	0
5740	1
5741	0
5742	0
5743	1
5744	0
5745	0
5746	0
5747	0
5748	0
5749	1
5750	1
5751	0
5752	1
5753	0
5754	0
5755	1
5756	0
5757	1
5758	0
5759	0
5760	1
5761	0
5762	0
5763	0
5764	0
5765	0
5766	0
5767	0
5768	0
5769	0
5770	0
5771	0
5772	1
5773	0
5774	1
5775	0
5776	0
5777	1
5778	0
5779	0
5780	0
5781	0
5782	0
5783	0
5784	0
5785	1
5786	1
5787	0
5788	0
5789	1
5790	0
5791	1
5792	0
5793	0
5794	0
5795	1
5796	2
5797	0
5798	0
5799	1
5800	0
5801	0
5802	1
5803	1
5804	1
5805	1
5806	2
5807	1
5808	0
5809	0
5810	0
5811	0
5812	0
5813	0
5814	0
5815	0
5816	0
5817	0
5818	0
5819	0
5820	1
5821	0
5822	0
5823	0
5824	2
5825	0
5826	0
5827	0
5828	0
5829	0
5830	0
5831	0
5832	0
5833	0
5834	0
5835	1
5836	1
5837	0
5838	0
5839	0
5840	1
5841	0
5842	0
5843	0
5844	1
5845	1
5846	0
5847	0
5848	0
5849	2
5850	1
5851	0
5852	0
5853	0
5854	0
5855	0
5856	0
5857	0
5858	1
5859	0
5860	0
5861	1
5862	0
5863	0
5864	0
5865	0
5866	0
5867	1
5868	0
5869	0
5870	1
5871	1
5872	1
5873	0
5874	0
5875	0
5876	0
5877	0
5878	0
5879	0
5880	0
5881	0
5882	0
5883	0
5884	2
5885	1
5886	0
5887	0
5888	1
5889	0
5890	0
5891	1
5892	0
5893	0
5894	1
5895	1
5896	0
5897	1
5898	0
5899	0
5900	0
5901	0
5902	1
5903	1
5904	0
5905	0
5906	1
5907	0
5908	0
5909	0
5910	1
5911	2
5912	2
5913	2
5914	0
5915	1
5916	0
5917	1
5918	0
5919	0
5920	2
5921	0
5922	0
5923	0
5924	0
5925	1
5926	0
5927	1
5928	2
5929	0
5930	0
5931	0
5932	0
5933	0
5934	1
5935	0
5936	0
5937	1
5938	0
5939	1
5940	0
5941	0
5942	0
5943	1
5944	1
5945	1
5946	0
5947	1
5948	0
5949	0
5950	0
5951	0
5952	0
5953	0
5954	0
5955	0
5956	0
5957	0
5958	1
5959	0
5960	0
5961	1
5962	2
5963	0
5964	0
5965	1
5966	0
5967	0
5968	1
5969	0
5970	0
5971	0
5972	1
5973	0
5974	0
5975	0
5976	1
5977	1
5978	0
5979	1
5980	0
5981	3
5982	1
5983	1
5984	0
5985	2
5986	0
5987	2
5988	0
5989	2
5990	0
5991	1
5992	1
5993	0
5994	0
5995	0
5996	0
5997	1
5998	0
5999	0
6000	0
6001	0
6002	0
6003	0
6004	0
6005	0
6006	0
6007	0
6008	0
6009	1
6010	0
6011	0
6012	2
6013	0
6014	0
6015	0
6016	1
6017	1
6018	1
6019	0
6020	0
6021	1
6022	0
6023	0
6024	0
6025	0
6026	1
6027	0
6028	0
6029	0
6030	0
6031	1
6032	0
6033	1
6034	1
6035	0
6036	1
6037	0
6038	0
6039	0
6040	0
6041	0
6042	1
6043	0
6044	0
6045	0
6046	1
6047	1
6048	1
6049	0
6050	1
6051	0
6052	0
6053	1
6054	0
6055	0
6056	0
6057	1
6058	1
6059	0
6060	0
6061	0
6062	1
6063	1
6064	1
6065	0
6066	0
6067	1
6068	0
6069	0
6070	0
6071	0
6072	0
6073	1
6074	1
6075	0
6076	0
6077	0
6078	0
6079	0
6080	0
6081	0
6082	0
6083	1
6084	0
6085	0
6086	1
6087	0
6088	0
6089	0
6090	0
6091	0
6092	1
6093	1
6094	1
6095	0
6096	0
6097	0
6098	1
6099	0
6100	1
6101	0
6102	1
6103	0
6104	1
6105	1
6106	0
6107	0
6108	0
6109	0
6110	1
6111	0
6112	0
6113	1
6114	1
6115	0
6116	0
6117	0
6118	0
6119	0
6120	1
6121	0
6122	1
6123	1
6124	1
6125	2
6126	0
6127	0
6128	0
6129	0
6130	0
6131	0
6132	0
6133	0
6134	1
6135	0
6136	1
6137	0
6138	0
6139	0
6140	2
6141	1
6142	0
6143	0
6144	0
6145	2
6146	0
6147	0
6148	0
6149	0
6150	0
6151	0
6152	0
6153	1
6154	0
6155	0
6156	1
6157	1
6158	0
6159	0
6160	0
6161	0
6162	0
6163	1
6164	0
6165	0
6166	0
6167	0
6168	2
6169	3
6170	0
6171	0
6172	0
6173	0
6174	0
6175	0
6176	0
6177	0
6178	0
6179	1
6180	0
6181	1
6182	0
6183	0
6184	1
6185	1
6186	0
6187	1
6188	0
6189	0
6190	1
6191	1
6192	0
6193	0
6194	0
6195	1
6196	0
6197	0
6198	0
6199	0
6200	0
6201	0
6202	1
6203	0
6204	1
6205	0
6206	0
6207	0
6208	0
6209	2
6210	0
6211	0
6212	0
6213	1
6214	2
6215	0
6216	1
6217	1
6218	0
6219	0
6220	0
6221	0
6222	0
6223	0
6224	0
6225	2
6226	1
6227	2
6228	0
6229	0
6230	0
6231	0
6232	0
6233	1
6234	0
6235	0
6236	1
6237	1
6238	1
6239	0
6240	0
6241	1
6242	0
6243	0
6244	0
6245	0
6246	0
6247	1
6248	0
6249	0
6250	0
6251	0
6252	0
6253	0
6254	0
6255	0
6256	0
6257	0
6258	0
6259	1
6260	0
6261	2
6262	2
6263	1
6264	0
6265	0
6266	1
6267	1
6268	0
6269	0
6270	0
6271	0
6272	0
6273	1
6274	0
6275	0
6276	0
6277	0
6278	0
6279	1
6280	0
6281	0
6282	1
6283	0
6284	0
6285	0
6286	0
6287	1
6288	0
6289	1
6290	0
6291	3
6292	0
6293	1
6294	0
6295	0
6296	0
6297	0
6298	0
6299	0
6300	0
6301	2
6302	0
6303	0
6304	0
6305	0
6306	0
6307	0
6308	0
6309	0
6310	0
6311	1
6312	0
6313	0
6314	1
6315	0
6316	0
6317	0
6318	1
6319	0
6320	0
6321	0
6322	0
6323	0
6324	0
6325	0
6326	0
6327	0
6328	1
6329	0
6330	0
6331	0
6332	0
6333	0
6334	0
6335	0
6336	1
6337	1
6338	0
6339	2
6340	1
6341	0
6342	1
6343	0
6344	1
6345	0
6346	1
6347	0
6348	0
6349	0
6350	2
6351	1
6352	0
6353	0
6354	0
6355	0
6356	2
6357	0
6358	0
6359	0
6360	0
6361	0
6362	0
6363	1
6364	0
6365	0
6366	0
6367	0
6368	1
6369	2
6370	1
6371	0
6372	1
6373	0
6374	1
6375	1
6376	0
6377	0
6378	1
6379	0
6380	0
6381	1
6382	1
6383	1
6384	0
6385	0
6386	0
6387	0
6388	0
6389	0
6390	0
6391	0
6392	0
6393	0
6394	1
6395	2
6396	0
6397	0
6398	1
6399	0
6400	1
6401	2
6402	0
6403	2
6404	0
6405	0
6406	1
6407	0
6408	1
6409	0
6410	0
6411	0
6412	0
6413	0
6414	0
6415	2
6416	0
6417	1
6418	1
6419	2
6420	0
6421	1
6422	0
6423	0
6424	2
6425	1
6426	0
6427	0
6428	0
6429	0
6430	0
6431	0
6432	0
6433	1
6434	0
6435	0
6436	0
6437	0
6438	2
6439	1
6440	1
6441	1
6442	0
6443	0
6444	1
6445	0
6446	0
6447	0
6448	0
6449	0
6450	0
6451	1
6452	0
6453	0
6454	0
6455	1
6456	0
6457	0
6458	0
6459	0
6460	0
6461	1
6462	1
6463	0
6464	1
6465	0
6466	0
6467	0
6468	0
6469	0
6470	1
6471	0
6472	0
6473	0
6474	0
6475	1
6476	0
6477	0
6478	0
6479	0
6480	0
6481	0
6482	0
6483	1
6484	0
6485	0
6486	0
6487	3
6488	0
6489	0
6490	0
6491	2
6492	1
6493	0
6494	0
6495	0
6496	1
6497	0
6498	0
6499	0
6500	1
6501	0
6502	0
6503	1
6504	0
6505	0
6506	0
6507	0
6508	1
6509	1
6510	0
6511	0
6512	0
6513	0
6514	0
6515	0
6516	0
6517	1
6518	0
6519	0
6520	0
6521	0
6522	0
6523	0
6524	0
6525	1
6526	0
6527	0
6528	0
6529	0
6530	1
6531	0
6532	0
6533	1
6534	0
6535	1
6536	1
6537	0
6538	2
6539	0
6540	0
6541	0
6542	0
6543	0
6544	0
6545	0
6546	1
6547	1
6548	0
6549	0
6550	0
6551	0
6552	0
6553	0
6554	0
6555	0
6556	0
6557	0
6558	1
6559	0
6560	0
6561	1
6562	0
6563	0
6564	0
6565	0
6566	1
6567	0
6568	0
6569	0
6570	0
6571	0
6572	0
6573	0
6574	0
6575	0
6576	1
6577	0
6578	0
6579	0
6580	1
6581	0
6582	1
6583	0
6584	0
6585	0
6586	0
6587	0
6588	0
6589	1
6590	0
6591	0
6592	0
6593	1
6594	0
6595	0
6596	0
6597	0
6598	0
6599	0
6600	0
6601	0
6602	0
6603	1
6604	0
6605	0
6606	1
6607	1
6608	0
6609	0
6610	0
6611	0
6612	0
6613	0
6614	1
6615	0
6616	0
6617	0
6618	0
6619	0
6620	0
6621	0
6622	0
6623	0
6624	0
6625	0
6626	1
6627	0
6628	0
6629	0
6630	0
6631	2
6632	1
6633	0
6634	0
6635	0
6636	2
6637	0
6638	0
6639	0
6640	0
6641	0
6642	2
6643	0
6644	0
6645	1
6646	0
6647	0
6648	1
6649	0
6650	1
6651	0
6652	0
6653	0
6654	0
6655	0
6656	0
6657	0
6658	0
6659	0
6660	0
6661	0
6662	0
6663	0
6664	0
6665	0
6666	1
6667	0
6668	2
6669	0
6670	1
6671	0
6672	0
6673	0
6674	0
6675	1
6676	0
6677	1
6678	0
6679	1
6680	1
6681	0
6682	0
6683	0
6684	0
6685	1
6686	0
6687	0
6688	1
6689	1
6690	0
6691	0
6692	0
6693	1
6694	0
6695	0
6696	0
6697	1
6698	0
6699	0
6700	0
6701	0
6702	0
6703	0
6704	0
6705	0
6706	0
6707	1
6708	1
6709	1
6710	0
6711	1
6712	0
6713	0
6714	0
6715	1
6716	0
6717	0
6718	0
6719	1
6720	0
6721	0
6722	0
6723	0
6724	0
6725	0
6726	0
6727	1
6728	0
6729	0
6730	0
6731	0
6732	0
6733	0
6734	0
6735	1
6736	0
6737	0
6738	0
6739	2
6740	2
6741	0
6742	0
6743	1
6744	0
6745	2
6746	0
6747	0
6748	0
6749	2
6750	0
6751	0
6752	0
6753	0
6754	0
6755	1
6756	0
6757	0
6758	0
6759	0
6760	1
6761	1
6762	0
6763	0
6764	0
6765	0
6766	0
6767	0
6768	0
6769	0
6770	0
6771	2
6772	0
6773	1
6774	1
6775	0
6776	0
6777	0
6778	1
6779	0
6780	0
6781	1
6782	1
6783	0
6784	0
6785	0
6786	0
6787	0
6788	1
6789	0
6790	0
6791	0
6792	0
6793	0
6794	0
6795	1
6796	0
6797	1
6798	2
6799	2
6800	0
6801	1
6802	0
6803	0
6804	0
6805	2
6806	1
6807	0
6808	1
6809	0
6810	0
6811	0
6812	0
6813	0
6814	0
6815	0
6816	1
6817	1
6818	0
6819	0
6820	1
6821	0
6822	0
6823	0
6824	0
6825	1
6826	0
6827	1
6828	0
6829	0
6830	0
6831	0
6832	0
6833	0
6834	0
6835	1
6836	1
6837	1
6838	0
6839	0
6840	0
6841	0
6842	0
6843	0
6844	0
6845	2
6846	0
6847	1
6848	0
6849	0
6850	0
6851	0
6852	1
6853	0
6854	0
6855	2
6856	0
6857	0
6858	0
6859	0
6860	1
6861	0
6862	0
6863	0
6864	0
6865	1
6866	0
6867	0
6868	0
6869	0
6870	1
6871	1
6872	0
6873	0
6874	0
6875	0
6876	0
6877	1
6878	0
6879	0
6880	1
6881	0
6882	1
6883	0
6884	0
6885	0
6886	0
6887	0
6888	0
6889	0
6890	1
6891	0
6892	1
6893	1
6894	1
6895	0
6896	0
6897	0
6898	0
6899	0
6900	1
6901	0
6902	1
6903	0
6904	0
6905	0
6906	0
6907	0
6908	0
6909	0
6910	0
6911	0
6912	0
6913	0
6914	0
6915	0
6916	2
6917	1
6918	0
6919	0
6920	0
6921	0
6922	0
6923	0
6924	0
6925	0
6926	0
6927	0
6928	0
6929	0
6930	0
6931	1
6932	0
6933	1
6934	0
6935	0
6936	1
6937	0
6938	0
6939	0
6940	0
6941	0
6942	0
6943	1
6944	0
6945	1
6946	0
6947	0
6948	0
6949	0
6950	0
6951	0
6952	0
6953	0
6954	0
6955	1
6956	1
6957	1
6958	0
6959	0
6960	0
6961	0
6962	0
6963	0
6964	0
6965	0
6966	1
6967	0
6968	0
6969	0
6970	1
6971	0
6972	0
6973	2
6974	0
6975	2
6976	1
6977	0
6978	0
6979	1
6980	0
6981	0
6982	1
6983	0
6984	0
6985	1
6986	1
6987	0
6988	0
6989	0
6990	0
6991	0
6992	1
6993	0
6994	1
6995	0
6996	0
6997	0
6998	0
6999	0
7000	0
7001	0
7002	0
7003	0
7004	0
7005	1
7006	0
7007	0
7008	0
7009	0
7010	0
7011	0
7012	0
7013	0
7014	0
7015	0
7016	0
7017	0
7018	0
7019	0
7020	0
7021	2
7022	0
7023	1
7024	0
7025	0
7026	0
7027	0
7028	0
7029	1
7030	0
7031	1
7032	0
7033	2
7034	0
7035	1
7036	1
7037	0
7038	0
7039	1
7040	1
7041	0
7042	0
7043	0
7044	1
7045	1
7046	0
7047	1
7048	1
7049	0
7050	1
7051	0
7052	0
7053	2
7054	0
7055	0
7056	0
7057	0
7058	1
7059	0
7060	0
7061	0
7062	1
7063	0
7064	0
7065	0
7066	1
7067	1
7068	0
7069	0
7070	1
7071	0
7072	0
7073	2
7074	0
7075	1
7076	0
7077	1
7078	1
7079	1
7080	2
7081	0
7082	0
7083	0
7084	0
7085	0
7086	0
7087	0
7088	0
7089	1
7090	1
7091	0
7092	0
7093	1
7094	0
7095	0
7096	1
7097	0
7098	0
7099	0
7100	2
7101	0
7102	0
7103	0
7104	1
7105	0
7106	0
7107	1
7108	1
7109	0
7110	0
7111	0
7112	0
7113	1
7114	0
7115	1
7116	0
7117	0
7118	0
7119	0
7120	0
7121	1
7122	0
7123	0
7124	0
7125	0
7126	0
7127	0
7128	0
7129	1
7130	0
7131	0
7132	0
7133	1
7134	0
7135	0
7136	0
7137	0
7138	0
7139	0
7140	0
7141	0
7142	0
7143	0
7144	1
7145	0
7146	0
7147	0
7148	1
7149	0
7150	0
7151	1
7152	1
7153	0
7154	0
7155	0
7156	0
7157	0
7158	0
7159	0
7160	0
7161	0
7162	0
7163	0
7164	0
7165	0
7166	0
7167	0
7168	0
7169	0
7170	0
7171	0
7172	0
7173	0
7174	0
7175	2
7176	1
7177	0
7178	0
7179	0
7180	0
7181	0
7182	0
7183	0
7184	0
7185	0
7186	1
7187	0
7188	0
7189	0
7190	0
7191	1
7192	0
7193	2
7194	1
7195	0
7196	0
7197	0
7198	1
7199	0
7200	0
7201	1
7202	0
7203	1
7204	0
7205	0
7206	0
7207	0
7208	0
7209	0
7210	1
7211	1
7212	0
7213	0
7214	1
7215	0
7216	0
7217	0
7218	0
7219	0
7220	0
7221	1
7222	1
7223	0
7224	1
7225	1
7226	1
7227	0
7228	1
7229	0
7230	1
7231	0
7232	0
7233	1
7234	0
7235	0
7236	0
7237	0
7238	0
7239	0
7240	0
7241	0
7242	0
7243	0
7244	0
7245	0
7246	1
7247	0
7248	0
7249	0
7250	0
7251	0
7252	1
7253	1
7254	0
7255	0
7256	0
7257	0
7258	0
7259	0
7260	0
7261	0
7262	1
7263	0
7264	1
7265	0
7266	1
7267	0
7268	0
7269	1
7270	0
7271	0
7272	0
7273	0
7274	1
7275	0
7276	0
7277	0
7278	0
7279	0
7280	0
7281	0
7282	1
7283	0
7284	0
7285	2
7286	0
7287	0
7288	0
7289	0
7290	0
7291	1
7292	0
7293	0
7294	0
7295	0
7296	0
7297	0
7298	0
7299	0
7300	1
7301	2
7302	0
7303	3
7304	1
7305	1
7306	0
7307	0
7308	0
7309	1
7310	0
7311	0
7312	1
7313	0
7314	0
7315	1
7316	1
7317	0
7318	1
7319	2
7320	0
7321	0
7322	0
7323	1
7324	0
7325	0
7326	1
7327	0
7328	1
7329	0
7330	0
7331	0
7332	1
7333	0
7334	1
7335	0
7336	1
7337	0
7338	1
7339	2
7340	1
7341	0
7342	0
7343	0
7344	1
7345	2
7346	0
7347	2
7348	0
7349	1
7350	0
7351	0
7352	0
7353	0
7354	0
7355	1
7356	0
7357	0
7358	0
7359	0
7360	0
7361	0
7362	0
7363	1
7364	1
7365	0
7366	1
7367	0
7368	0
7369	0
7370	1
7371	0
7372	0
7373	0
7374	0
7375	0
7376	1
7377	1
7378	0
7379	2
7380	1
7381	0
7382	0
7383	2
7384	0
7385	0
7386	0
7387	0
7388	0
7389	0
7390	0
7391	0
7392	0
7393	0
7394	0
7395	1
7396	0
7397	1
7398	1
7399	0
7400	1
7401	0
7402	0
7403	0
7404	0
7405	0
7406	0
7407	0
7408	0
7409	0
7410	0
7411	0
7412	0
7413	0
7414	0
7415	0
7416	0
7417	0
7418	0
7419	0
7420	0
7421	1
7422	0
7423	0
7424	1
7425	1
7426	0
7427	0
7428	0
7429	0
7430	1
7431	0
7432	1
7433	2
7434	0
7435	0
7436	0
7437	0
7438	1
7439	0
7440	0
7441	1
7442	0
7443	0
7444	0
7445	1
7446	0
7447	0
7448	0
7449	0
7450	1
7451	0
7452	0
7453	1
7454	0
7455	0
7456	0
7457	0
7458	0
7459	0
7460	0
7461	0
7462	0
7463	0
7464	1
7465	0
7466	0
7467	1
7468	0
7469	0
7470	1
7471	1
7472	1
7473	1
7474	0
7475	0
7476	0
7477	0
7478	0
7479	0
7480	0
7481	0
7482	0
7483	1
7484	0
7485	0
7486	1
7487	0
7488	0
7489	0
7490	0
7491	1
7492	0
7493	0
7494	1
7495	0
7496	1
7497	0
7498	1
7499	0
7500	1
7501	1
7502	0
7503	0
7504	1
7505	0
7506	0
7507	0
7508	1
7509	1
7510	0
7511	1
7512	2
7513	0
7514	0
7515	0
7516	0
7517	0
7518	0
7519	1
7520	1
7521	0
7522	1
7523	1
7524	0
7525	0
7526	0
7527	0
7528	0
7529	0
7530	0
7531	0
7532	1
7533	0
7534	1
7535	0
7536	0
7537	0
7538	0
7539	0
7540	0
7541	0
7542	2
7543	0
7544	0
7545	0
7546	0
7547	1
7548	0
7549	0
7550	1
7551	0
7552	0
7553	0
7554	0
7555	1
7556	1
7557	0
7558	1
7559	0
7560	0
7561	0
7562	0
7563	0
7564	0
7565	0
7566	0
7567	0
7568	0
7569	0
7570	0
7571	0
7572	0
7573	0
7574	0
7575	0
7576	1
7577	1
7578	1
7579	0
7580	0
7581	0
7582	0
7583	0
7584	0
7585	1
7586	0
7587	0
7588	0
7589	0
7590	0
7591	0
7592	0
7593	0
7594	0
7595	0
7596	0
7597	0
7598	0
7599	1
7600	0
7601	2
7602	0
7603	0
7604	1
7605	0
7606	0
7607	0
7608	0
7609	0
7610	1
7611	0
7612	0
7613	1
7614	0
7615	0
7616	0
7617	0
7618	0
7619	0
7620	0
7621	0
7622	0
7623	0
7624	1
7625	0
7626	0
7627	1
7628	0
7629	0
7630	0
7631	0
7632	0
7633	0
7634	0
7635	0
7636	0
7637	0
7638	0
7639	2
7640	0
7641	0
7642	1
7643	1
7644	0
7645	0
7646	0
7647	0
7648	0
7649	1
7650	0
7651	0
7652	0
7653	1
7654	0
7655	0
7656	0
7657	0
7658	0
7659	0
7660	0
7661	2
7662	1
7663	1
7664	0
7665	0
7666	0
7667	0
7668	0
7669	1
7670	1
7671	0
7672	0
7673	0
7674	1
7675	1
7676	0
7677	1
7678	1
7679	0
7680	1
7681	0
7682	1
7683	0
7684	0
7685	0
7686	0
7687	0
7688	1
7689	1
7690	0
7691	0
7692	0
7693	0
7694	0
7695	0
7696	0
7697	0
7698	0
7699	1
7700	0
7701	0
7702	0
7703	0
7704	0
7705	0
7706	1
7707	0
7708	0
7709	0
7710	0
7711	0
7712	0
7713	0
7714	1
7715	1
7716	0
7717	0
7718	0
7719	1
7720	0
7721	0
7722	2
7723	0
7724	0
7725	1
7726	0
7727	2
7728	0
7729	1
7730	0
7731	0
7732	1
7733	0
7734	0
7735	0
7736	0
7737	0
7738	1
7739	1
7740	0
7741	1
7742	0
7743	0
7744	1
7745	0
7746	0
7747	0
7748	0
7749	0
7750	0
7751	0
7752	0
7753	0
7754	1
7755	0
7756	0
7757	0
7758	0
7759	0
7760	0
7761	0
7762	0
7763	0
7764	0
7765	0
7766	1
7767	0
7768	0
7769	0
7770	0
7771	1
7772	0
7773	0
7774	1
7775	0
7776	1
7777	0
7778	1
7779	0
7780	1
7781	0
7782	0
7783	1
7784	0
7785	0
7786	1
7787	0
7788	0
7789	0
7790	1
7791	0
7792	1
7793	1
7794	0
7795	0
7796	0
7797	0
7798	0
7799	0
7800	0
7801	0
7802	0
7803	0
7804	0
7805	0
7806	0
7807	1
7808	0
7809	1
7810	0
7811	0
7812	0
7813	0
7814	0
7815	0
7816	1
7817	0
7818	0
7819	1
7820	1
7821	0
7822	0
7823	0
7824	0
7825	0
7826	0
7827	0
7828	0
7829	1
7830	0
7831	0
7832	0
7833	1
7834	0
7835	1
7836	1
7837	0
7838	0
7839	0
7840	0
7841	0
7842	0
7843	0
7844	0
7845	0
7846	0
7847	0
7848	0
7849	0
7850	0
7851	1
7852	0
7853	0
7854	0
7855	0
7856	0
7857	1
7858	0
7859	0
7860	0
7861	0
7862	0
7863	0
7864	0
7865	1
7866	0
7867	0
7868	1
7869	2
7870	2
7871	1
7872	0
7873	0
7874	1
7875	0
7876	2
7877	1
7878	0
7879	2
7880	1
7881	1
7882	0
7883	0
7884	2
7885	0
7886	0
7887	0
7888	0
7889	0
7890	0
7891	1
7892	1
7893	1
7894	0
7895	0
7896	0
7897	1
7898	0
7899	1
7900	1
7901	1
7902	0
7903	0
7904	0
7905	0
7906	0
7907	0
7908	1
7909	1
7910	0
7911	0
7912	0
7913	0
7914	0
7915	1
7916	1
7917	0
7918	2
7919	0
7920	1
7921	1
7922	0
7923	1
7924	0
7925	1
7926	1
7927	1
7928	2
7929	0
7930	0
7931	0
7932	1
7933	0
7934	0
7935	0
7936	1
7937	0
7938	0
7939	0
7940	0
7941	0
7942	0
7943	0
7944	0
7945	0
7946	1
7947	0
7948	1
7949	0
7950	0
7951	0
7952	0
7953	0
7954	0
7955	0
7956	0
7957	0
7958	0
7959	0
7960	0
7961	0
7962	0
7963	0
7964	1
7965	1
7966	0
7967	0
7968	0
7969	0
7970	0
7971	0
7972	0
7973	0
7974	0
7975	0
7976	0
7977	0
7978	0
7979	0
7980	0
7981	0
7982	0
7983	0
7984	0
7985	0
7986	0
7987	1
7988	0
7989	1
7990	2
7991	0
7992	0
7993	0
7994	0
7995	0
7996	0
7997	0
7998	0
7999	0
8000	0
8001	0
8002	0
8003	0
8004	1
8005	0
8006	1
8007	0
8008	0
8009	0
8010	0
8011	1
8012	1
8013	1
8014	0
8015	1
8016	1
8017	0
8018	0
8019	0
8020	0
8021	0
8022	0
8023	0
8024	0
8025	0
8026	0
8027	1
8028	0
8029	0
8030	0
8031	0
8032	0
8033	1
8034	0
8035	0
8036	0
8037	0
8038	1
8039	0
8040	0
8041	0
8042	0
8043	0
8044	0
8045	0
8046	1
8047	0
8048	0
8049	0
8050	0
8051	0
8052	0
8053	0
8054	2
8055	0
8056	0
8057	0
8058	0
8059	0
8060	0
8061	0
8062	0
8063	1
8064	0
8065	0
8066	0
8067	0
8068	0
8069	0
8070	0
8071	0
8072	0
8073	0
8074	0
8075	0
8076	0
8077	0
8078	0
8079	0
8080	0
8081	0
8082	0
8083	0
8084	0
8085	0
8086	0
8087	0
8088	0
8089	0
8090	0
8091	0
8092	0
8093	0
8094	0
8095	0
8096	0
8097	0
8098	0
8099	0
8100	0
8101	0
8102	0
8103	0
8104	0
8105	0
8106	0
8107	0
8108	0
8109	0
8110	0
8111	0
8112	0
8113	0
8114	0
8115	0
8116	0
8117	0
8118	0
8119	0
8120	0
8121	0
8122	0
8123	0
8124	0
8125	0
8126	0
8127	0
8128	0
8129	0
8130	0
8131	0
8132	0
8133	0
8134	0
8135	0
8136	0
8137	0
8138	0
8139	0
8140	0
8141	0
8142	0
8143	0
8144	0
8145	0
8146	0
8147	0
8148	0
8149	0
8150	0
8151	0
8152	0
8153	0
8154	0
8155	0
8156	0
8157	0
8158	0
8159	0
8160	0
8161	0
8162	0
8163	0
8164	0
8165	0
8166	0
8167	0
8168	0
8169	0
8170	0
8171	0
8172	0
8173	0
8174	0
8175	0
8176	0
8177	0
8178	0
8179	0
8180	0
8181	0
8182	0
8183	0
8184	0
8185	0
8186	0
8187	0
8188	0
8189	0
8190	0
8191	0
