-2	61990.16
-1	63344.54
0	0
1	0
2	0
3	0
4	0
5	0
6	0
7	0
8	0
9	0
10	0
11	0
12	0
13	0
14	0
15	0
16	0
17	0
18	0
19	0
20	0
21	0
22	0
23	0
24	0
25	0
26	0
27	0
28	0
29	0
30	0
31	0
32	0
33	0
34	0
35	0
36	0
37	0
38	0
39	0
40	0
41	0
42	0
43	0
44	0
45	0
46	1
47	2
48	1
49	13
50	79
51	98
52	121
53	121
54	167
55	175
56	157
57	179
58	186
59	185
60	193
61	165
62	169
63	154
64	159
65	173
66	168
67	173
68	168
69	152
70	160
71	188
72	176
73	219
74	203
75	205
76	183
77	189
78	168
79	185
80	193
81	184
82	196
83	191
84	180
85	171
86	168
87	153
88	182
89	174
90	176
91	193
92	186
93	164
94	164
95	165
96	175
97	213
98	183
99	176
100	181
101	183
102	173
103	205
104	197
105	192
106	188
107	216
108	212
109	208
110	213
111	228
112	193
113	233
114	223
115	193
116	229
117	248
118	231
119	232
120	234
121	246
122	225
123	236
124	264
125	247
126	272
127	275
128	236
129	270
130	248
131	301
132	243
133	298
134	258
135	288
136	260
137	271
138	292
139	285
140	285
141	306
142	284
143	323
144	264
145	294
146	292
147	298
148	312
149	295
150	300
151	307
152	295
153	314
154	367
155	378
156	319
157	307
158	309
159	305
160	308
161	332
162	326
163	327
164	297
165	319
166	319
167	284
168	303
169	317
170	352
171	335
172	337
173	338
174	292
175	349
176	298
177	319
178	329
179	321
180	330
181	308
182	335
183	281
184	343
185	317
186	320
187	382
188	346
189	339
190	319
191	339
192	341
193	319
194	352
195	318
196	332
197	340
198	302
199	319
200	338
201	313
202	323
203	305
204	326
205	304
206	339
207	324
208	342
209	315
210	303
211	307
212	322
213	349
214	331
215	346
216	287
217	342
218	317
219	336
220	321
221	325
222	335
223	302
224	330
225	304
226	316
227	337
228	321
229	330
230	286
231	319
232	290
233	324
234	300
235	333
236	312
237	311
238	303
239	296
240	300
241	314
242	284
243	294
244	303
245	285
246	294
247	304
248	317
249	305
250	308
251	285
252	301
253	277
254	297
255	294
256	302
257	267
258	283
259	286
260	266
261	281
262	289
263	271
264	283
265	284
266	272
267	251
268	270
269	284
270	251
271	260
272	287
273	288
274	273
275	258
276	260
277	248
278	289
279	288
280	258
281	227
282	242
283	224
284	260
285	263
286	253
287	264
288	232
289	232
290	251
291	260
292	249
293	246
294	259
295	244
296	238
297	246
298	226
299	222
300	247
301	240
302	230
303	236
304	231
305	229
306	196
307	239
308	248
309	256
310	217
311	234
312	222
313	242
314	249
315	204
316	230
317	222
318	222
319	222
320	201
321	210
322	221
323	226
324	215
325	217
326	238
327	186
328	195
329	200
330	175
331	204
332	221
333	230
334	208
335	215
336	211
337	202
338	193
339	185
340	203
341	222
342	214
343	193
344	198
345	202
346	186
347	217
348	206
349	219
350	194
351	210
352	178
353	194
354	218
355	188
356	194
357	186
358	225
359	194
360	200
361	184
362	192
363	182
364	187
365	165
366	178
367	176
368	181
369	205
370	205
371	188
372	191
373	198
374	181
375	187
376	216
377	178
378	179
379	193
380	176
381	182
382	157
383	185
384	163
385	175
386	157
387	187
388	174
389	176
390	164
391	172
392	198
393	156
394	162
395	171
396	160
397	171
398	159
399	165
400	169
401	152
402	163
403	182
404	177
405	160
406	154
407	183
408	170
409	157
410	150
411	178
412	154
413	191
414	143
415	178
416	139
417	130
418	165
419	153
420	161
421	156
422	159
423	141
424	162
425	131
426	138
427	136
428	128
429	147
430	151
431	151
432	148
433	140
434	153
435	131
436	150
437	147
438	144
439	137
440	157
441	125
442	148
443	147
444	142
445	146
446	164
447	157
448	161
449	142
450	126
451	115
452	135
453	148
454	151
455	146
456	123
457	153
458	142
459	140
460	129
461	131
462	150
463	140
464	168
465	133
466	146
467	139
468	111
469	153
470	122
471	143
472	136
473	118
474	120
475	144
476	138
477	113
478	128
479	127
480	132
481	141
482	138
483	143
484	124
485	123
486	127
487	144
488	147
489	118
490	130
491	144
492	142
493	133
494	124
495	121
496	129
497	133
498	146
499	103
500	126
501	119
502	131
503	134
504	139
505	147
506	111
507	124
508	118
509	126
510	116
511	128
512	142
513	115
514	114
515	128
516	119
517	114
518	115
519	117
520	128
521	114
522	104
523	114
524	123
525	115
526	117
527	118
528	119
529	124
530	133
531	119
532	123
533	107
534	116
535	93
536	121
537	110
538	103
539	118
540	113
541	134
542	106
543	108
544	106
545	106
546	119
547	109
548	116
549	114
550	116
551	138
552	120
553	120
554	134
555	109
556	118
557	113
558	111
559	97
560	143
561	105
562	125
563	177
564	196
565	240
566	246
567	214
568	178
569	129
570	112
571	133
572	121
573	125
574	92
575	102
576	102
577	95
578	97
579	89
580	96
581	87
582	97
583	94
584	112
585	102
586	103
587	115
588	109
589	108
590	99
591	135
592	91
593	102
594	94
595	94
596	93
597	87
598	107
599	100
600	106
601	93
602	110
603	93
604	94
605	94
606	102
607	92
608	114
609	100
610	83
611	86
612	101
613	89
614	100
615	90
616	89
617	105
618	91
619	122
620	112
621	85
622	87
623	91
624	92
625	89
626	102
627	103
628	103
629	94
630	76
631	90
632	106
633	96
634	80
635	88
636	104
637	104
638	88
639	88
640	93
641	81
642	82
643	96
644	107
645	111
646	124
647	105
648	109
649	72
650	83
651	84
652	87
653	89
654	105
655	94
656	80
657	95
658	90
659	92
660	94
661	104
662	105
663	100
664	103
665	107
666	94
667	107
668	106
669	85
670	96
671	91
672	118
673	119
674	117
675	138
676	114
677	93
678	84
679	90
680	82
681	77
682	88
683	98
684	96
685	69
686	84
687	91
688	81
689	96
690	89
691	75
692	87
693	89
694	90
695	70
696	90
697	75
698	78
699	78
700	99
701	78
702	83
703	70
704	70
705	83
706	85
707	75
708	77
709	83
710	79
711	82
712	75
713	81
714	82
715	77
716	74
717	77
718	71
719	83
720	54
721	80
722	66
723	68
724	75
725	84
726	75
727	75
728	89
729	76
730	73
731	73
732	74
733	67
734	81
735	76
736	78
737	95
738	64
739	71
740	77
741	73
742	87
743	81
744	84
745	51
746	72
747	60
748	82
749	67
750	59
751	77
752	77
753	85
754	75
755	66
756	72
757	76
758	76
759	88
760	72
761	76
762	83
763	75
764	88
765	67
766	58
767	71
768	64
769	72
770	67
771	94
772	75
773	73
774	70
775	78
776	82
777	63
778	57
779	71
780	77
781	72
782	75
783	66
784	72
785	73
786	81
787	75
788	77
789	64
790	68
791	65
792	59
793	60
794	75
795	87
796	79
797	77
798	91
799	60
800	57
801	65
802	62
803	83
804	86
805	94
806	67
807	60
808	67
809	59
810	61
811	75
812	58
813	56
814	59
815	65
816	60
817	77
818	73
819	71
820	72
821	73
822	61
823	74
824	67
825	63
826	60
827	64
828	77
829	53
830	57
831	66
832	68
833	68
834	77
835	58
836	61
837	58
838	71
839	56
840	63
841	61
842	58
843	58
844	68
845	73
846	63
847	59
848	54
849	68
850	66
851	62
852	77
853	74
854	67
855	73
856	59
857	68
858	64
859	60
860	68
861	63
862	70
863	60
864	73
865	56
866	60
867	84
868	69
869	59
870	71
871	57
872	59
873	59
874	63
875	56
876	57
877	57
878	75
879	68
880	59
881	71
882	50
883	50
884	50
885	54
886	57
887	65
888	47
889	50
890	72
891	56
892	71
893	62
894	72
895	61
896	44
897	59
898	55
899	56
900	57
901	68
902	59
903	54
904	54
905	58
906	55
907	63
908	59
909	55
910	48
911	76
912	46
913	58
914	57
915	63
916	56
917	50
918	57
919	66
920	56
921	60
922	78
923	58
924	63
925	52
926	43
927	61
928	68
929	62
930	69
931	61
932	64
933	61
934	76
935	64
936	57
937	63
938	62
939	61
940	59
941	66
942	50
943	41
944	55
945	61
946	65
947	65
948	57
949	67
950	63
951	63
952	69
953	52
954	62
955	49
956	56
957	51
958	57
959	54
960	60
961	48
962	54
963	66
964	47
965	57
966	71
967	41
968	50
969	54
970	63
971	70
972	59
973	63
974	56
975	56
976	66
977	55
978	56
979	45
980	39
981	49
982	58
983	44
984	61
985	52
986	53
987	45
988	57
989	55
990	67
991	53
992	61
993	49
994	55
995	54
996	43
997	68
998	46
999	50
1000	45
1001	65
1002	48
1003	53
1004	53
1005	77
1006	78
1007	95
1008	103
1009	80
1010	61
1011	44
1012	64
1013	66
1014	52
1015	48
1016	58
1017	36
1018	51
1019	44
1020	46
1021	50
1022	51
1023	48
1024	48
1025	50
1026	45
1027	47
1028	44
1029	49
1030	44
1031	54
1032	65
1033	64
1034	50
1035	52
1036	50
1037	49
1038	46
1039	43
1040	50
1041	45
1042	46
1043	46
1044	46
1045	60
1046	46
1047	40
1048	64
1049	46
1050	67
1051	49
1052	35
1053	49
1054	58
1055	33
1056	41
1057	45
1058	43
1059	48
1060	45
1061	51
1062	58
1063	60
1064	64
1065	50
1066	60
1067	64
1068	64
1069	57
1070	69
1071	106
1072	79
1073	73
1074	57
1075	64
1076	42
1077	44
1078	50
1079	41
1080	41
1081	49
1082	44
1083	53
1084	39
1085	51
1086	38
1087	44
1088	58
1089	33
1090	43
1091	39
1092	39
1093	38
1094	43
1095	34
1096	43
1097	43
1098	42
1099	53
1100	42
1101	45
1102	51
1103	42
1104	47
1105	52
1106	53
1107	47
1108	41
1109	38
1110	38
1111	40
1112	49
1113	57
1114	43
1115	42
1116	36
1117	37
1118	47
1119	34
1120	54
1121	47
1122	40
1123	47
1124	44
1125	47
1126	40
1127	38
1128	41
1129	42
1130	47
1131	45
1132	38
1133	37
1134	48
1135	40
1136	32
1137	46
1138	37
1139	39
1140	51
1141	42
1142	38
1143	46
1144	51
1145	38
1146	32
1147	48
1148	46
1149	48
1150	46
1151	49
1152	40
1153	42
1154	38
1155	47
1156	34
1157	49
1158	46
1159	51
1160	45
1161	47
1162	44
1163	39
1164	39
1165	41
1166	46
1167	52
1168	44
1169	46
1170	37
1171	44
1172	42
1173	45
1174	44
1175	43
1176	51
1177	35
1178	34
1179	37
1180	39
1181	35
1182	35
1183	37
1184	49
1185	45
1186	34
1187	44
1188	42
1189	47
1190	45
1191	39
1192	44
1193	38
1194	27
1195	35
1196	41
1197	33
1198	40
1199	36
1200	47
1201	47
1202	42
1203	41
1204	43
1205	41
1206	45
1207	28
1208	41
1209	35
1210	44
1211	38
1212	40
1213	29
1214	42
1215	37
1216	42
1217	41
1218	46
1219	32
1220	41
1221	36
1222	44
1223	49
1224	36
1225	43
1226	30
1227	23
1228	38
1229	39
1230	42
1231	42
1232	45
1233	48
1234	39
1235	35
1236	47
1237	68
1238	64
1239	70
1240	63
1241	53
1242	39
1243	38
1244	30
1245	45
1246	29
1247	40
1248	45
1249	49
1250	50
1251	47
1252	37
1253	43
1254	57
1255	44
1256	39
1257	35
1258	41
1259	37
1260	47
1261	35
1262	38
1263	44
1264	49
1265	38
1266	40
1267	38
1268	39
1269	33
1270	33
1271	37
1272	39
1273	27
1274	39
1275	36
1276	49
1277	39
1278	37
1279	29
1280	31
1281	38
1282	36
1283	32
1284	27
1285	44
1286	40
1287	38
1288	47
1289	27
1290	36
1291	33
1292	40
1293	43
1294	57
1295	38
1296	43
1297	52
1298	36
1299	42
1300	36
1301	34
1302	31
1303	36
1304	41
1305	37
1306	44
1307	43
1308	36
1309	30
1310	43
1311	47
1312	31
1313	38
1314	36
1315	32
1316	42
1317	42
1318	50
1319	38
1320	45
1321	39
1322	41
1323	46
1324	42
1325	39
1326	35
1327	38
1328	35
1329	45
1330	44
1331	35
1332	34
1333	38
1334	32
1335	53
1336	39
1337	39
1338	31
1339	39
1340	34
1341	34
1342	31
1343	28
1344	35
1345	39
1346	37
1347	32
1348	31
1349	24
1350	39
1351	55
1352	31
1353	33
1354	35
1355	37
1356	21
1357	47
1358	43
1359	47
1360	48
1361	39
1362	25
1363	44
1364	39
1365	36
1366	36
1367	53
1368	51
1369	51
1370	47
1371	37
1372	39
1373	31
1374	30
1375	42
1376	37
1377	32
1378	39
1379	43
1380	27
1381	28
1382	38
1383	40
1384	37
1385	29
1386	24
1387	33
1388	30
1389	30
1390	27
1391	30
1392	37
1393	32
1394	37
1395	38
1396	30
1397	32
1398	29
1399	30
1400	33
1401	33
1402	25
1403	33
1404	28
1405	35
1406	24
1407	25
1408	29
1409	40
1410	23
1411	23
1412	24
1413	36
1414	43
1415	25
1416	39
1417	26
1418	30
1419	27
1420	31
1421	30
1422	22
1423	37
1424	29
1425	31
1426	22
1427	32
1428	27
1429	24
1430	33
1431	37
1432	32
1433	40
1434	25
1435	24
1436	18
1437	28
1438	16
1439	24
1440	25
1441	23
1442	24
1443	26
1444	20
1445	34
1446	25
1447	30
1448	29
1449	18
1450	31
1451	27
1452	23
1453	22
1454	21
1455	21
1456	29
1457	25
1458	22
1459	20
1460	21
1461	26
1462	19
1463	20
1464	35
1465	31
1466	37
1467	24
1468	32
1469	33
1470	25
1471	27
1472	27
1473	39
1474	30
1475	22
1476	18
1477	23
1478	14
1479	23
1480	23
1481	28
1482	29
1483	17
1484	20
1485	24
1486	26
1487	33
1488	22
1489	27
1490	23
1491	20
1492	26
1493	41
1494	20
1495	25
1496	17
1497	21
1498	25
1499	15
1500	27
1501	24
1502	28
1503	17
1504	26
1505	21
1506	29
1507	40
1508	24
1509	19
1510	21
1511	17
1512	25
1513	18
1514	21
1515	22
1516	21
1517	24
1518	22
1519	26
1520	24
1521	21
1522	28
1523	36
1524	37
1525	39
1526	14
1527	22
1528	22
1529	21
1530	28
1531	23
1532	18
1533	20
1534	24
1535	20
1536	14
1537	23
1538	24
1539	31
1540	21
1541	25
1542	15
1543	20
1544	27
1545	27
1546	19
1547	30
1548	24
1549	29
1550	36
1551	28
1552	20
1553	35
1554	28
1555	27
1556	29
1557	34
1558	27
1559	20
1560	24
1561	21
1562	22
1563	19
1564	23
1565	23
1566	14
1567	18
1568	19
1569	23
1570	20
1571	18
1572	22
1573	12
1574	15
1575	17
1576	22
1577	17
1578	26
1579	18
1580	22
1581	14
1582	13
1583	20
1584	18
1585	21
1586	12
1587	19
1588	29
1589	23
1590	23
1591	24
1592	20
1593	16
1594	13
1595	16
1596	14
1597	14
1598	20
1599	16
1600	26
1601	17
1602	23
1603	22
1604	14
1605	21
1606	21
1607	16
1608	22
1609	24
1610	33
1611	82
1612	195
1613	414
1614	645
1615	678
1616	552
1617	299
1618	116
1619	45
1620	19
1621	16
1622	12
1623	11
1624	13
1625	17
1626	15
1627	14
1628	11
1629	9
1630	9
1631	9
1632	13
1633	11
1634	11
1635	13
1636	14
1637	12
1638	8
1639	10
1640	11
1641	8
1642	17
1643	8
1644	13
1645	15
1646	13
1647	7
1648	9
1649	15
1650	10
1651	15
1652	9
1653	11
1654	13
1655	16
1656	15
1657	12
1658	17
1659	14
1660	11
1661	14
1662	14
1663	13
1664	19
1665	14
1666	13
1667	17
1668	16
1669	21
1670	13
1671	15
1672	17
1673	10
1674	9
1675	10
1676	8
1677	8
1678	11
1679	12
1680	12
1681	14
1682	11
1683	14
1684	11
1685	7
1686	11
1687	10
1688	14
1689	8
1690	14
1691	12
1692	4
1693	12
1694	14
1695	8
1696	9
1697	5
1698	10
1699	12
1700	14
1701	10
1702	14
1703	15
1704	8
1705	13
1706	11
1707	14
1708	9
1709	15
1710	10
1711	12
1712	11
1713	11
1714	9
1715	10
1716	5
1717	13
1718	12
1719	14
1720	12
1721	12
1722	11
1723	15
1724	8
1725	14
1726	5
1727	10
1728	11
1729	18
1730	6
1731	12
1732	4
1733	8
1734	4
1735	11
1736	5
1737	13
1738	9
1739	10
1740	9
1741	16
1742	8
1743	12
1744	9
1745	13
1746	10
1747	10
1748	14
1749	15
1750	13
1751	11
1752	11
1753	21
1754	24
1755	30
1756	22
1757	23
1758	30
1759	15
1760	19
1761	13
1762	15
1763	7
1764	5
1765	8
1766	9
1767	20
1768	9
1769	2
1770	12
1771	14
1772	13
1773	12
1774	11
1775	11
1776	8
1777	13
1778	10
1779	6
1780	9
1781	8
1782	8
1783	5
1784	11
1785	7
1786	10
1787	12
1788	10
1789	11
1790	17
1791	12
1792	14
1793	15
1794	15
1795	11
1796	9
1797	12
1798	12
1799	8
1800	13
1801	12
1802	19
1803	18
1804	17
1805	13
1806	17
1807	10
1808	8
1809	10
1810	11
1811	10
1812	12
1813	5
1814	13
1815	8
1816	6
1817	11
1818	7
1819	11
1820	11
1821	11
1822	7
1823	9
1824	6
1825	13
1826	10
1827	10
1828	6
1829	6
1830	9
1831	7
1832	9
1833	4
1834	8
1835	10
1836	15
1837	19
1838	11
1839	11
1840	10
1841	6
1842	9
1843	10
1844	10
1845	10
1846	7
1847	14
1848	6
1849	8
1850	12
1851	10
1852	9
1853	7
1854	8
1855	8
1856	4
1857	14
1858	5
1859	7
1860	9
1861	13
1862	13
1863	7
1864	9
1865	12
1866	17
1867	15
1868	5
1869	6
1870	8
1871	15
1872	6
1873	11
1874	9
1875	10
1876	4
1877	10
1878	12
1879	9
1880	6
1881	9
1882	11
1883	12
1884	11
1885	9
1886	9
1887	12
1888	12
1889	10
1890	4
1891	8
1892	5
1893	15
1894	8
1895	5
1896	6
1897	9
1898	10
1899	10
1900	9
1901	10
1902	8
1903	9
1904	12
1905	8
1906	7
1907	7
1908	6
1909	10
1910	15
1911	24
1912	26
1913	17
1914	13
1915	6
1916	6
1917	8
1918	8
1919	4
1920	6
1921	5
1922	8
1923	10
1924	0
1925	6
1926	3
1927	2
1928	5
1929	8
1930	8
1931	7
1932	8
1933	10
1934	5
1935	6
1936	12
1937	5
1938	11
1939	7
1940	8
1941	13
1942	6
1943	9
1944	6
1945	7
1946	12
1947	26
1948	42
1949	51
1950	71
1951	62
1952	60
1953	33
1954	12
1955	7
1956	5
1957	10
1958	6
1959	4
1960	11
1961	7
1962	8
1963	7
1964	8
1965	5
1966	13
1967	7
1968	6
1969	9
1970	10
1971	11
1972	8
1973	7
1974	7
1975	4
1976	6
1977	4
1978	11
1979	9
1980	4
1981	4
1982	6
1983	6
1984	5
1985	7
1986	11
1987	11
1988	6
1989	3
1990	8
1991	6
1992	7
1993	8
1994	6
1995	8
1996	7
1997	10
1998	8
1999	8
2000	7
2001	4
2002	10
2003	6
2004	5
2005	10
2006	5
2007	6
2008	7
2009	3
2010	7
2011	3
2012	3
2013	9
2014	7
2015	11
2016	12
2017	6
2018	4
2019	7
2020	9
2021	3
2022	6
2023	6
2024	5
2025	4
2026	8
2027	9
2028	7
2029	10
2030	9
2031	6
2032	8
2033	9
2034	14
2035	2
2036	6
2037	6
2038	8
2039	15
2040	10
2041	17
2042	26
2043	11
2044	12
2045	11
2046	7
2047	12
2048	3
2049	3
2050	8
2051	3
2052	6
2053	4
2054	5
2055	6
2056	7
2057	7
2058	4
2059	7
2060	8
2061	5
2062	10
2063	8
2064	4
2065	7
2066	15
2067	7
2068	5
2069	8
2070	13
2071	5
2072	11
2073	8
2074	5
2075	7
2076	5
2077	10
2078	7
2079	9
2080	7
2081	6
2082	8
2083	6
2084	5
2085	6
2086	4
2087	10
2088	7
2089	10
2090	12
2091	11
2092	3
2093	6
2094	6
2095	8
2096	4
2097	13
2098	11
2099	10
2100	6
2101	8
2102	6
2103	6
2104	8
2105	9
2106	10
2107	12
2108	8
2109	2
2110	6
2111	7
2112	9
2113	15
2114	11
2115	12
2116	15
2117	10
2118	9
2119	4
2120	8
2121	7
2122	10
2123	8
2124	3
2125	12
2126	8
2127	2
2128	2
2129	6
2130	8
2131	8
2132	11
2133	3
2134	9
2135	4
2136	5
2137	7
2138	7
2139	7
2140	7
2141	10
2142	5
2143	3
2144	5
2145	5
2146	7
2147	7
2148	4
2149	9
2150	7
2151	7
2152	3
2153	5
2154	7
2155	6
2156	5
2157	4
2158	4
2159	8
2160	9
2161	13
2162	5
2163	4
2164	11
2165	9
2166	8
2167	3
2168	7
2169	7
2170	5
2171	5
2172	11
2173	7
2174	6
2175	2
2176	8
2177	4
2178	6
2179	5
2180	9
2181	4
2182	6
2183	6
2184	5
2185	8
2186	4
2187	11
2188	4
2189	4
2190	7
2191	7
2192	7
2193	5
2194	3
2195	2
2196	8
2197	2
2198	4
2199	10
2200	4
2201	9
2202	5
2203	3
2204	7
2205	10
2206	10
2207	8
2208	7
2209	6
2210	6
2211	6
2212	8
2213	6
2214	4
2215	4
2216	5
2217	3
2218	7
2219	6
2220	4
2221	3
2222	7
2223	8
2224	7
2225	5
2226	4
2227	12
2228	10
2229	7
2230	10
2231	8
2232	4
2233	3
2234	8
2235	2
2236	7
2237	8
2238	6
2239	8
2240	2
2241	5
2242	7
2243	8
2244	12
2245	9
2246	4
2247	5
2248	4
2249	6
2250	1
2251	3
2252	8
2253	7
2254	7
2255	3
2256	6
2257	4
2258	4
2259	5
2260	6
2261	7
2262	3
2263	4
2264	6
2265	6
2266	4
2267	4
2268	7
2269	8
2270	6
2271	6
2272	11
2273	5
2274	7
2275	7
2276	5
2277	6
2278	7
2279	10
2280	4
2281	6
2282	1
2283	3
2284	10
2285	4
2286	6
2287	7
2288	4
2289	9
2290	3
2291	4
2292	7
2293	6
2294	8
2295	3
2296	6
2297	3
2298	6
2299	10
2300	4
2301	10
2302	5
2303	5
2304	1
2305	5
2306	7
2307	6
2308	7
2309	4
2310	12
2311	7
2312	2
2313	5
2314	6
2315	10
2316	5
2317	14
2318	7
2319	7
2320	9
2321	16
2322	21
2323	20
2324	28
2325	27
2326	19
2327	14
2328	11
2329	10
2330	3
2331	5
2332	2
2333	7
2334	9
2335	3
2336	8
2337	10
2338	9
2339	8
2340	8
2341	7
2342	10
2343	12
2344	11
2345	7
2346	10
2347	3
2348	5
2349	10
2350	5
2351	3
2352	7
2353	5
2354	4
2355	7
2356	2
2357	4
2358	6
2359	6
2360	7
2361	3
2362	3
2363	7
2364	2
2365	7
2366	6
2367	6
2368	4
2369	4
2370	5
2371	5
2372	2
2373	5
2374	6
2375	5
2376	5
2377	5
2378	3
2379	9
2380	3
2381	5
2382	5
2383	8
2384	7
2385	8
2386	6
2387	9
2388	6
2389	6
2390	5
2391	2
2392	7
2393	7
2394	3
2395	12
2396	4
2397	7
2398	5
2399	8
2400	4
2401	4
2402	6
2403	11
2404	5
2405	11
2406	3
2407	7
2408	12
2409	7
2410	4
2411	6
2412	3
2413	9
2414	5
2415	6
2416	3
2417	1
2418	6
2419	7
2420	0
2421	4
2422	4
2423	6
2424	4
2425	8
2426	6
2427	8
2428	9
2429	9
2430	9
2431	9
2432	15
2433	16
2434	23
2435	24
2436	18
2437	29
2438	16
2439	11
2440	4
2441	10
2442	4
2443	5
2444	2
2445	4
2446	6
2447	9
2448	6
2449	12
2450	8
2451	6
2452	4
2453	9
2454	6
2455	7
2456	6
2457	8
2458	10
2459	3
2460	5
2461	3
2462	3
2463	2
2464	3
2465	11
2466	4
2467	2
2468	9
2469	5
2470	9
2471	9
2472	3
2473	1
2474	9
2475	6
2476	8
2477	5
2478	4
2479	4
2480	7
2481	8
2482	4
2483	8
2484	8
2485	9
2486	8
2487	10
2488	7
2489	3
2490	5
2491	1
2492	5
2493	5
2494	8
2495	7
2496	3
2497	8
2498	7
2499	6
2500	4
2501	6
2502	8
2503	5
2504	2
2505	8
2506	0
2507	4
2508	6
2509	6
2510	6
2511	3
2512	5
2513	4
2514	4
2515	6
2516	6
2517	4
2518	7
2519	5
2520	10
2521	7
2522	6
2523	5
2524	12
2525	3
2526	9
2527	6
2528	8
2529	2
2530	8
2531	7
2532	3
2533	10
2534	8
2535	3
2536	6
2537	5
2538	1
2539	6
2540	7
2541	3
2542	8
2543	5
2544	4
2545	3
2546	4
2547	1
2548	1
2549	7
2550	11
2551	5
2552	7
2553	4
2554	7
2555	7
2556	7
2557	3
2558	12
2559	4
2560	6
2561	8
2562	7
2563	7
2564	7
2565	2
2566	3
2567	7
2568	12
2569	6
2570	6
2571	6
2572	7
2573	9
2574	6
2575	6
2576	5
2577	7
2578	5
2579	6
2580	5
2581	8
2582	5
2583	5
2584	8
2585	11
2586	5
2587	3
2588	4
2589	10
2590	5
2591	3
2592	5
2593	4
2594	6
2595	6
2596	5
2597	9
2598	7
2599	2
2600	7
2601	4
2602	4
2603	6
2604	6
2605	7
2606	8
2607	7
2608	10
2609	5
2610	7
2611	7
2612	7
2613	9
2614	5
2615	12
2616	5
2617	4
2618	6
2619	10
2620	7
2621	6
2622	12
2623	7
2624	7
2625	6
2626	5
2627	2
2628	13
2629	2
2630	3
2631	4
2632	2
2633	7
2634	13
2635	5
2636	4
2637	8
2638	6
2639	2
2640	7
2641	3
2642	2
2643	3
2644	6
2645	4
2646	5
2647	3
2648	3
2649	6
2650	9
2651	2
2652	8
2653	1
2654	7
2655	4
2656	6
2657	6
2658	3
2659	3
2660	6
2661	7
2662	3
2663	6
2664	9
2665	3
2666	4
2667	6
2668	4
2669	6
2670	5
2671	4
2672	4
2673	5
2674	0
2675	2
2676	3
2677	5
2678	3
2679	7
2680	3
2681	4
2682	4
2683	1
2684	2
2685	1
2686	5
2687	6
2688	3
2689	2
2690	3
2691	9
2692	6
2693	6
2694	9
2695	2
2696	0
2697	9
2698	2
2699	1
2700	7
2701	3
2702	7
2703	5
2704	11
2705	8
2706	8
2707	8
2708	4
2709	7
2710	2
2711	2
2712	3
2713	4
2714	4
2715	2
2716	0
2717	4
2718	4
2719	4
2720	2
2721	7
2722	5
2723	4
2724	4
2725	4
2726	2
2727	1
2728	3
2729	2
2730	0
2731	8
2732	3
2733	2
2734	8
2735	0
2736	2
2737	1
2738	3
2739	6
2740	1
2741	3
2742	1
2743	2
2744	2
2745	3
2746	0
2747	3
2748	1
2749	4
2750	0
2751	4
2752	2
2753	4
2754	6
2755	0
2756	4
2757	2
2758	3
2759	4
2760	2
2761	3
2762	0
2763	1
2764	3
2765	1
2766	2
2767	2
2768	2
2769	1
2770	1
2771	4
2772	5
2773	6
2774	1
2775	1
2776	1
2777	0
2778	2
2779	2
2780	2
2781	2
2782	0
2783	1
2784	3
2785	2
2786	0
2787	5
2788	2
2789	3
2790	3
2791	3
2792	3
2793	4
2794	0
2795	3
2796	2
2797	2
2798	0
2799	3
2800	3
2801	2
2802	1
2803	2
2804	2
2805	1
2806	2
2807	2
2808	5
2809	2
2810	2
2811	3
2812	1
2813	0
2814	3
2815	0
2816	2
2817	3
2818	1
2819	2
2820	1
2821	1
2822	4
2823	2
2824	5
2825	2
2826	0
2827	3
2828	2
2829	0
2830	0
2831	3
2832	0
2833	2
2834	0
2835	1
2836	0
2837	2
2838	1
2839	4
2840	3
2841	2
2842	4
2843	2
2844	4
2845	4
2846	3
2847	0
2848	2
2849	1
2850	1
2851	0
2852	0
2853	1
2854	3
2855	2
2856	0
2857	2
2858	0
2859	2
2860	3
2861	2
2862	4
2863	0
2864	0
2865	4
2866	2
2867	1
2868	0
2869	1
2870	3
2871	1
2872	1
2873	2
2874	5
2875	1
2876	0
2877	1
2878	0
2879	0
2880	1
2881	2
2882	2
2883	9
2884	25
2885	38
2886	71
2887	145
2888	195
2889	199
2890	177
2891	113
2892	64
2893	31
2894	9
2895	6
2896	0
2897	1
2898	1
2899	1
2900	0
2901	1
2902	1
2903	0
2904	1
2905	0
2906	1
2907	1
2908	1
2909	0
2910	0
2911	0
2912	0
2913	0
2914	1
2915	1
2916	1
2917	0
2918	1
2919	1
2920	1
2921	1
2922	0
2923	0
2924	0
2925	1
2926	2
2927	0
2928	0
2929	0
2930	0
2931	1
2932	3
2933	0
2934	3
2935	1
2936	0
2937	0
2938	0
2939	0
2940	1
2941	0
2942	1
2943	0
2944	1
2945	0
2946	1
2947	0
2948	0
2949	0
2950	0
2951	0
2952	0
2953	0
2954	1
2955	0
2956	1
2957	0
2958	0
2959	0
2960	1
2961	0
2962	1
2963	0
2964	0
2965	1
2966	1
2967	0
2968	0
2969	0
2970	1
2971	1
2972	1
2973	2
2974	0
2975	0
2976	0
2977	0
2978	0
2979	2
2980	0
2981	2
2982	2
2983	1
2984	0
2985	0
2986	0
2987	1
2988	0
2989	2
2990	0
2991	2
2992	0
2993	0
2994	0
2995	0
2996	2
2997	1
2998	1
2999	1
3000	0
3001	2
3002	0
3003	1
3004	1
3005	3
3006	1
3007	0
3008	1
3009	1
3010	0
3011	0
3012	0
3013	0
3014	2
3015	0
3016	2
3017	2
3018	1
3019	0
3020	1
3021	0
3022	0
3023	0
3024	1
3025	0
3026	0
3027	0
3028	0
3029	2
3030	1
3031	0
3032	0
3033	1
3034	0
3035	0
3036	1
3037	1
3038	0
3039	0
3040	2
3041	0
3042	1
3043	1
3044	0
3045	1
3046	0
3047	0
3048	0
3049	1
3050	1
3051	2
3052	1
3053	1
3054	0
3055	0
3056	0
3057	0
3058	0
3059	0
3060	1
3061	0
3062	1
3063	0
3064	1
3065	2
3066	0
3067	0
3068	0
3069	0
3070	0
3071	2
3072	1
3073	3
3074	1
3075	2
3076	0
3077	1
3078	0
3079	0
3080	0
3081	0
3082	2
3083	1
3084	0
3085	1
3086	1
3087	1
3088	3
3089	2
3090	1
3091	1
3092	0
3093	1
3094	0
3095	1
3096	1
3097	0
3098	0
3099	0
3100	1
3101	0
3102	0
3103	1
3104	0
3105	1
3106	0
3107	2
3108	0
3109	0
3110	0
3111	0
3112	0
3113	0
3114	1
3115	0
3116	1
3117	0
3118	1
3119	1
3120	2
3121	1
3122	2
3123	1
3124	1
3125	0
3126	1
3127	0
3128	2
3129	2
3130	0
3131	2
3132	0
3133	0
3134	2
3135	0
3136	2
3137	1
3138	0
3139	0
3140	1
3141	0
3142	1
3143	0
3144	1
3145	0
3146	2
3147	0
3148	0
3149	0
3150	0
3151	0
3152	0
3153	1
3154	2
3155	0
3156	0
3157	0
3158	1
3159	0
3160	0
3161	1
3162	0
3163	1
3164	0
3165	0
3166	0
3167	1
3168	0
3169	0
3170	1
3171	0
3172	0
3173	0
3174	0
3175	1
3176	1
3177	1
3178	1
3179	1
3180	2
3181	0
3182	1
3183	0
3184	0
3185	1
3186	1
3187	1
3188	1
3189	1
3190	0
3191	0
3192	0
3193	0
3194	0
3195	0
3196	1
3197	0
3198	0
3199	0
3200	2
3201	0
3202	2
3203	1
3204	0
3205	1
3206	1
3207	0
3208	0
3209	1
3210	2
3211	0
3212	0
3213	0
3214	0
3215	0
3216	0
3217	2
3218	0
3219	2
3220	1
3221	0
3222	0
3223	0
3224	0
3225	1
3226	1
3227	0
3228	1
3229	1
3230	2
3231	0
3232	0
3233	0
3234	1
3235	0
3236	1
3237	1
3238	1
3239	0
3240	0
3241	1
3242	0
3243	0
3244	0
3245	1
3246	0
3247	0
3248	0
3249	0
3250	0
3251	0
3252	0
3253	0
3254	2
3255	1
3256	0
3257	1
3258	1
3259	1
3260	0
3261	1
3262	0
3263	0
3264	1
3265	1
3266	0
3267	1
3268	0
3269	0
3270	0
3271	0
3272	1
3273	1
3274	0
3275	0
3276	0
3277	1
3278	0
3279	0
3280	0
3281	1
3282	0
3283	1
3284	0
3285	0
3286	1
3287	1
3288	0
3289	0
3290	0
3291	1
3292	3
3293	0
3294	0
3295	0
3296	0
3297	1
3298	0
3299	0
3300	1
3301	0
3302	0
3303	0
3304	1
3305	0
3306	0
3307	0
3308	0
3309	1
3310	0
3311	1
3312	0
3313	0
3314	0
3315	1
3316	0
3317	0
3318	0
3319	2
3320	1
3321	0
3322	0
3323	0
3324	0
3325	0
3326	0
3327	0
3328	1
3329	0
3330	0
3331	0
3332	3
3333	0
3334	0
3335	0
3336	2
3337	1
3338	0
3339	0
3340	2
3341	0
3342	0
3343	0
3344	0
3345	0
3346	0
3347	1
3348	0
3349	1
3350	0
3351	0
3352	0
3353	1
3354	2
3355	0
3356	1
3357	0
3358	0
3359	0
3360	0
3361	1
3362	0
3363	2
3364	0
3365	0
3366	1
3367	0
3368	0
3369	0
3370	0
3371	1
3372	1
3373	1
3374	0
3375	1
3376	0
3377	0
3378	1
3379	1
3380	0
3381	1
3382	1
3383	0
3384	1
3385	0
3386	0
3387	0
3388	0
3389	0
3390	0
3391	0
3392	0
3393	0
3394	0
3395	1
3396	0
3397	0
3398	0
3399	0
3400	1
3401	0
3402	0
3403	1
3404	1
3405	2
3406	0
3407	0
3408	0
3409	0
3410	1
3411	2
3412	0
3413	1
3414	0
3415	0
3416	0
3417	0
3418	0
3419	0
3420	1
3421	0
3422	0
3423	1
3424	0
3425	1
3426	0
3427	0
3428	0
3429	0
3430	0
3431	2
3432	1
3433	0
3434	0
3435	0
3436	0
3437	2
3438	1
3439	2
3440	1
3441	2
3442	0
3443	2
3444	1
3445	0
3446	0
3447	0
3448	1
3449	1
3450	1
3451	0
3452	0
3453	0
3454	1
3455	0
3456	0
3457	0
3458	1
3459	1
3460	0
3461	0
3462	1
3463	1
3464	2
3465	0
3466	0
3467	0
3468	0
3469	0
3470	0
3471	0
3472	0
3473	1
3474	1
3475	1
3476	0
3477	0
3478	0
3479	0
3480	0
3481	0
3482	2
3483	2
3484	2
3485	1
3486	0
3487	1
3488	0
3489	3
3490	1
3491	0
3492	1
3493	0
3494	0
3495	0
3496	0
3497	0
3498	0
3499	0
3500	2
3501	2
3502	0
3503	0
3504	1
3505	0
3506	0
3507	0
3508	0
3509	0
3510	1
3511	0
3512	0
3513	0
3514	1
3515	1
3516	1
3517	0
3518	0
3519	0
3520	0
3521	0
3522	2
3523	0
3524	1
3525	1
3526	1
3527	0
3528	1
3529	0
3530	0
3531	2
3532	1
3533	1
3534	2
3535	0
3536	1
3537	0
3538	0
3539	0
3540	0
3541	3
3542	0
3543	0
3544	0
3545	2
3546	0
3547	1
3548	1
3549	0
3550	0
3551	0
3552	0
3553	0
3554	0
3555	0
3556	0
3557	1
3558	0
3559	1
3560	0
3561	1
3562	0
3563	1
3564	1
3565	0
3566	0
3567	1
3568	1
3569	1
3570	0
3571	0
3572	0
3573	0
3574	0
3575	1
3576	0
3577	0
3578	1
3579	0
3580	0
3581	1
3582	0
3583	1
3584	0
3585	0
3586	0
3587	0
3588	2
3589	0
3590	1
3591	1
3592	1
3593	0
3594	0
3595	1
3596	0
3597	0
3598	0
3599	0
3600	1
3601	0
3602	2
3603	1
3604	2
3605	0
3606	0
3607	1
3608	2
3609	1
3610	1
3611	1
3612	1
3613	0
3614	0
3615	0
3616	0
3617	0
3618	0
3619	0
3620	0
3621	1
3622	0
3623	0
3624	1
3625	0
3626	1
3627	0
3628	0
3629	0
3630	0
3631	1
3632	0
3633	0
3634	1
3635	1
3636	0
3637	0
3638	0
3639	1
3640	0
3641	1
3642	0
3643	1
3644	0
3645	0
3646	0
3647	0
3648	2
3649	1
3650	0
3651	0
3652	1
3653	0
3654	0
3655	0
3656	0
3657	0
3658	1
3659	0
3660	0
3661	2
3662	2
3663	0
3664	0
3665	1
3666	1
3667	2
3668	0
3669	1
3670	0
3671	0
3672	1
3673	0
3674	0
3675	0
3676	0
3677	0
3678	1
3679	0
3680	0
3681	0
3682	1
3683	0
3684	0
3685	0
3686	0
3687	0
3688	0
3689	3
3690	0
3691	0
3692	1
3693	0
3694	1
3695	0
3696	2
3697	0
3698	0
3699	0
3700	2
3701	1
3702	1
3703	1
3704	0
3705	0
3706	1
3707	1
3708	0
3709	1
3710	0
3711	0
3712	0
3713	0
3714	0
3715	1
3716	0
3717	0
3718	1
3719	0
3720	2
3721	0
3722	0
3723	0
3724	0
3725	0
3726	0
3727	0
3728	0
3729	1
3730	3
3731	0
3732	0
3733	0
3734	2
3735	1
3736	0
3737	1
3738	2
3739	0
3740	0
3741	0
3742	0
3743	1
3744	0
3745	0
3746	0
3747	1
3748	1
3749	0
3750	1
3751	1
3752	0
3753	1
3754	0
3755	0
3756	0
3757	1
3758	0
3759	0
3760	0
3761	0
3762	1
3763	0
3764	0
3765	0
3766	0
3767	0
3768	0
3769	0
3770	0
3771	0
3772	1
3773	0
3774	1
3775	0
3776	0
3777	0
3778	0
3779	1
3780	0
3781	0
3782	0
3783	0
3784	0
3785	0
3786	1
3787	0
3788	1
3789	0
3790	0
3791	0
3792	0
3793	0
3794	0
3795	0
3796	2
3797	0
3798	0
3799	0
3800	0
3801	1
3802	2
3803	0
3804	0
3805	1
3806	0
3807	0
3808	0
3809	0
3810	0
3811	0
3812	0
3813	0
3814	1
3815	0
3816	0
3817	1
3818	0
3819	0
3820	2
3821	2
3822	0
3823	0
3824	0
3825	1
3826	0
3827	0
3828	0
3829	1
3830	0
3831	0
3832	0
3833	2
3834	0
3835	1
3836	0
3837	0
3838	0
3839	0
3840	0
3841	0
3842	1
3843	1
3844	0
3845	1
3846	0
3847	0
3848	0
3849	0
3850	0
3851	0
3852	1
3853	1
3854	1
3855	0
3856	0
3857	0
3858	1
3859	0
3860	0
3861	0
3862	1
3863	1
3864	0
3865	1
3866	0
3867	0
3868	0
3869	0
3870	0
3871	0
3872	0
3873	1
3874	2
3875	0
3876	0
3877	0
3878	0
3879	0
3880	1
3881	0
3882	1
3883	0
3884	0
3885	0
3886	0
3887	1
3888	0
3889	0
3890	1
3891	1
3892	1
3893	0
3894	1
3895	0
3896	1
3897	0
3898	0
3899	0
3900	0
3901	1
3902	1
3903	0
3904	0
3905	0
3906	3
3907	0
3908	1
3909	0
3910	0
3911	0
3912	0
3913	0
3914	0
3915	0
3916	0
3917	1
3918	0
3919	1
3920	0
3921	2
3922	0
3923	0
3924	0
3925	1
3926	0
3927	0
3928	1
3929	0
3930	0
3931	0
3932	1
3933	1
3934	0
3935	1
3936	0
3937	2
3938	0
3939	1
3940	0
3941	1
3942	0
3943	2
3944	0
3945	1
3946	0
3947	0
3948	2
3949	1
3950	0
3951	0
3952	2
3953	1
3954	1
3955	0
3956	1
3957	2
3958	0
3959	0
3960	1
3961	0
3962	1
3963	0
3964	0
3965	1
3966	0
3967	0
3968	0
3969	1
3970	0
3971	1
3972	0
3973	0
3974	0
3975	1
3976	3
3977	0
3978	0
3979	1
3980	0
3981	1
3982	0
3983	0
3984	2
3985	2
3986	1
3987	0
3988	0
3989	2
3990	0
3991	1
3992	0
3993	0
3994	0
3995	1
3996	0
3997	2
3998	0
3999	0
4000	0
4001	0
4002	2
4003	0
4004	2
4005	0
4006	0
4007	0
4008	0
4009	0
4010	0
4011	0
4012	0
4013	1
4014	0
4015	1
4016	0
4017	1
4018	0
4019	0
4020	1
4021	0
4022	1
4023	0
4024	0
4025	2
4026	0
4027	0
4028	0
4029	0
4030	0
4031	1
4032	0
4033	1
4034	0
4035	0
4036	1
4037	2
4038	0
4039	1
4040	1
4041	1
4042	0
4043	0
4044	0
4045	0
4046	1
4047	0
4048	1
4049	2
4050	0
4051	0
4052	0
4053	0
4054	1
4055	1
4056	0
4057	1
4058	0
4059	0
4060	0
4061	1
4062	0
4063	0
4064	3
4065	0
4066	1
4067	0
4068	0
4069	1
4070	0
4071	0
4072	1
4073	1
4074	0
4075	0
4076	1
4077	0
4078	2
4079	0
4080	0
4081	0
4082	0
4083	0
4084	0
4085	0
4086	0
4087	1
4088	0
4089	0
4090	0
4091	0
4092	2
4093	0
4094	1
4095	3
4096	0
4097	0
4098	1
4099	0
4100	0
4101	0
4102	2
4103	0
4104	0
4105	1
4106	0
4107	1
4108	1
4109	0
4110	2
4111	0
4112	0
4113	0
4114	1
4115	0
4116	0
4117	0
4118	0
4119	1
4120	0
4121	0
4122	0
4123	1
4124	0
4125	1
4126	0
4127	0
4128	0
4129	0
4130	0
4131	1
4132	0
4133	1
4134	1
4135	2
4136	0
4137	0
4138	2
4139	1
4140	0
4141	0
4142	3
4143	0
4144	1
4145	0
4146	1
4147	0
4148	0
4149	1
4150	1
4151	0
4152	1
4153	0
4154	1
4155	1
4156	0
4157	0
4158	2
4159	0
4160	2
4161	0
4162	2
4163	0
4164	0
4165	0
4166	0
4167	0
4168	0
4169	0
4170	0
4171	0
4172	0
4173	0
4174	0
4175	2
4176	0
4177	1
4178	0
4179	0
4180	0
4181	1
4182	2
4183	0
4184	0
4185	0
4186	0
4187	0
4188	0
4189	1
4190	0
4191	1
4192	1
4193	0
4194	0
4195	0
4196	1
4197	0
4198	0
4199	0
4200	0
4201	1
4202	0
4203	0
4204	0
4205	0
4206	0
4207	0
4208	0
4209	0
4210	1
4211	1
4212	1
4213	0
4214	1
4215	0
4216	1
4217	0
4218	0
4219	0
4220	1
4221	1
4222	0
4223	0
4224	0
4225	0
4226	2
4227	0
4228	0
4229	1
4230	2
4231	0
4232	0
4233	2
4234	0
4235	0
4236	1
4237	0
4238	1
4239	0
4240	0
4241	0
4242	0
4243	0
4244	1
4245	1
4246	0
4247	0
4248	0
4249	0
4250	0
4251	0
4252	2
4253	0
4254	0
4255	0
4256	0
4257	0
4258	0
4259	0
4260	0
4261	1
4262	1
4263	1
4264	1
4265	0
4266	0
4267	1
4268	1
4269	0
4270	0
4271	0
4272	2
4273	1
4274	0
4275	0
4276	0
4277	0
4278	0
4279	1
4280	0
4281	0
4282	1
4283	1
4284	0
4285	0
4286	0
4287	1
4288	0
4289	0
4290	0
4291	1
4292	0
4293	0
4294	0
4295	2
4296	0
4297	0
4298	1
4299	0
4300	0
4301	0
4302	1
4303	0
4304	0
4305	1
4306	0
4307	0
4308	0
4309	0
4310	0
4311	0
4312	0
4313	0
4314	0
4315	0
4316	1
4317	1
4318	0
4319	0
4320	0
4321	0
4322	0
4323	0
4324	0
4325	0
4326	0
4327	0
4328	1
4329	0
4330	0
4331	0
4332	0
4333	1
4334	1
4335	0
4336	0
4337	1
4338	1
4339	0
4340	0
4341	0
4342	1
4343	0
4344	1
4345	1
4346	0
4347	0
4348	1
4349	0
4350	0
4351	0
4352	0
4353	0
4354	0
4355	0
4356	0
4357	2
4358	0
4359	0
4360	0
4361	0
4362	1
4363	0
4364	2
4365	0
4366	0
4367	0
4368	1
4369	0
4370	0
4371	0
4372	1
4373	0
4374	0
4375	0
4376	0
4377	0
4378	0
4379	0
4380	0
4381	1
4382	0
4383	0
4384	0
4385	2
4386	0
4387	2
4388	0
4389	0
4390	1
4391	0
4392	0
4393	0
4394	1
4395	0
4396	0
4397	1
4398	1
4399	1
4400	1
4401	1
4402	1
4403	1
4404	0
4405	0
4406	0
4407	1
4408	0
4409	0
4410	0
4411	1
4412	1
4413	0
4414	1
4415	0
4416	0
4417	0
4418	0
4419	0
4420	0
4421	0
4422	0
4423	1
4424	0
4425	1
4426	0
4427	0
4428	0
4429	1
4430	0
4431	0
4432	1
4433	0
4434	0
4435	0
4436	0
4437	0
4438	1
4439	0
4440	1
4441	0
4442	0
4443	0
4444	0
4445	1
4446	1
4447	2
4448	0
4449	1
4450	1
4451	1
4452	1
4453	0
4454	0
4455	0
4456	3
4457	0
4458	1
4459	1
4460	0
4461	0
4462	0
4463	1
4464	0
4465	1
4466	1
4467	0
4468	1
4469	1
4470	0
4471	0
4472	0
4473	1
4474	0
4475	0
4476	0
4477	0
4478	0
4479	0
4480	0
4481	0
4482	0
4483	0
4484	0
4485	0
4486	0
4487	1
4488	0
4489	0
4490	0
4491	0
4492	0
4493	0
4494	0
4495	0
4496	0
4497	0
4498	0
4499	0
4500	0
4501	0
4502	0
4503	1
4504	0
4505	0
4506	0
4507	0
4508	0
4509	0
4510	0
4511	0
4512	0
4513	0
4514	0
4515	0
4516	0
4517	1
4518	0
4519	0
4520	2
4521	0
4522	0
4523	0
4524	1
4525	0
4526	0
4527	0
4528	0
4529	0
4530	0
4531	0
4532	0
4533	1
4534	0
4535	0
4536	0
4537	0
4538	0
4539	1
4540	1
4541	0
4542	0
4543	0
4544	1
4545	0
4546	0
4547	1
4548	1
4549	1
4550	0
4551	0
4552	1
4553	2
4554	1
4555	1
4556	0
4557	0
4558	1
4559	0
4560	0
4561	2
4562	2
4563	0
4564	0
4565	2
4566	1
4567	0
4568	0
4569	0
4570	0
4571	0
4572	0
4573	0
4574	1
4575	0
4576	0
4577	0
4578	0
4579	0
4580	0
4581	0
4582	0
4583	1
4584	0
4585	0
4586	1
4587	0
4588	0
4589	1
4590	0
4591	1
4592	0
4593	0
4594	0
4595	0
4596	0
4597	0
4598	0
4599	0
4600	1
4601	0
4602	0
4603	0
4604	1
4605	0
4606	1
4607	0
4608	0
4609	0
4610	0
4611	0
4612	0
4613	0
4614	0
4615	0
4616	0
4617	0
4618	0
4619	1
4620	0
4621	1
4622	0
4623	0
4624	0
4625	0
4626	0
4627	0
4628	0
4629	0
4630	0
4631	1
4632	0
4633	1
4634	0
4635	0
4636	0
4637	0
4638	1
4639	0
4640	1
4641	0
4642	0
4643	0
4644	0
4645	0
4646	1
4647	0
4648	1
4649	1
4650	1
4651	0
4652	0
4653	0
4654	0
4655	1
4656	1
4657	1
4658	0
4659	1
4660	1
4661	1
4662	2
4663	0
4664	0
4665	2
4666	0
4667	1
4668	0
4669	0
4670	0
4671	0
4672	0
4673	0
4674	0
4675	0
4676	0
4677	0
4678	0
4679	0
4680	0
4681	0
4682	0
4683	0
4684	0
4685	0
4686	0
4687	1
4688	0
4689	1
4690	0
4691	1
4692	0
4693	0
4694	1
4695	0
4696	0
4697	0
4698	0
4699	0
4700	0
4701	0
4702	0
4703	0
4704	0
4705	0
4706	1
4707	0
4708	1
4709	0
4710	0
4711	2
4712	0
4713	0
4714	0
4715	0
4716	0
4717	0
4718	1
4719	0
4720	0
4721	3
4722	0
4723	0
4724	1
4725	1
4726	0
4727	0
4728	0
4729	1
4730	1
4731	0
4732	0
4733	0
4734	1
4735	0
4736	0
4737	1
4738	1
4739	0
4740	0
4741	0
4742	0
4743	0
4744	0
4745	1
4746	0
4747	0
4748	0
4749	1
4750	0
4751	0
4752	0
4753	0
4754	1
4755	0
4756	0
4757	2
4758	0
4759	0
4760	0
4761	0
4762	1
4763	0
4764	1
4765	0
4766	0
4767	0
4768	0
4769	1
4770	0
4771	0
4772	0
4773	0
4774	0
4775	1
4776	0
4777	0
4778	0
4779	1
4780	1
4781	0
4782	0
4783	0
4784	0
4785	0
4786	0
4787	1
4788	0
4789	0
4790	0
4791	0
4792	1
4793	0
4794	1
4795	0
4796	0
4797	0
4798	0
4799	0
4800	0
4801	0
4802	0
4803	0
4804	0
4805	0
4806	0
4807	0
4808	0
4809	0
4810	0
4811	1
4812	0
4813	0
4814	1
4815	0
4816	2
4817	0
4818	1
4819	0
4820	0
4821	0
4822	0
4823	0
4824	0
4825	1
4826	0
4827	1
4828	1
4829	0
4830	1
4831	1
4832	0
4833	1
4834	0
4835	1
4836	0
4837	0
4838	0
4839	0
4840	0
4841	0
4842	0
4843	0
4844	1
4845	0
4846	1
4847	0
4848	0
4849	0
4850	1
4851	0
4852	0
4853	0
4854	0
4855	0
4856	0
4857	0
4858	1
4859	0
4860	0
4861	1
4862	0
4863	0
4864	0
4865	0
4866	1
4867	0
4868	1
4869	1
4870	0
4871	0
4872	0
4873	0
4874	0
4875	2
4876	0
4877	0
4878	0
4879	1
4880	0
4881	0
4882	0
4883	0
4884	0
4885	0
4886	0
4887	0
4888	0
4889	0
4890	0
4891	0
4892	1
4893	0
4894	0
4895	0
4896	0
4897	0
4898	0
4899	0
4900	0
4901	0
4902	0
4903	0
4904	0
4905	2
4906	0
4907	1
4908	0
4909	0
4910	0
4911	0
4912	0
4913	1
4914	0
4915	0
4916	0
4917	0
4918	0
4919	1
4920	0
4921	0
4922	1
4923	0
4924	0
4925	0
4926	0
4927	0
4928	0
4929	1
4930	0
4931	0
4932	1
4933	0
4934	0
4935	1
4936	0
4937	0
4938	0
4939	0
4940	0
4941	0
4942	1
4943	0
4944	0
4945	0
4946	0
4947	1
4948	0
4949	1
4950	0
4951	1
4952	0
4953	0
4954	0
4955	0
4956	0
4957	0
4958	0
4959	0
4960	0
4961	0
4962	0
4963	0
4964	0
4965	0
4966	0
4967	0
4968	0
4969	0
4970	0
4971	0
4972	0
4973	3
4974	0
4975	1
4976	0
4977	0
4978	2
4979	0
4980	2
4981	0
4982	0
4983	1
4984	0
4985	1
4986	0
4987	1
4988	0
4989	1
4990	0
4991	1
4992	1
4993	0
4994	0
4995	0
4996	0
4997	1
4998	0
4999	1
5000	0
5001	0
5002	0
5003	2
5004	0
5005	0
5006	0
5007	0
5008	0
5009	0
5010	0
5011	0
5012	0
5013	0
5014	1
5015	0
5016	0
5017	0
5018	1
5019	0
5020	0
5021	1
5022	2
5023	0
5024	0
5025	0
5026	1
5027	1
5028	0
5029	0
5030	0
5031	0
5032	0
5033	0
5034	1
5035	0
5036	0
5037	0
5038	0
5039	0
5040	1
5041	2
5042	0
5043	1
5044	0
5045	0
5046	0
5047	1
5048	0
5049	0
5050	0
5051	0
5052	0
5053	1
5054	0
5055	3
5056	2
5057	0
5058	0
5059	0
5060	0
5061	0
5062	0
5063	0
5064	0
5065	0
5066	0
5067	1
5068	0
5069	2
5070	0
5071	1
5072	1
5073	0
5074	0
5075	0
5076	0
5077	2
5078	0
5079	0
5080	0
5081	0
5082	0
5083	0
5084	1
5085	0
5086	1
5087	0
5088	1
5089	0
5090	0
5091	0
5092	0
5093	1
5094	1
5095	1
5096	1
5097	0
5098	0
5099	0
5100	1
5101	0
5102	1
5103	0
5104	0
5105	0
5106	0
5107	0
5108	0
5109	0
5110	1
5111	0
5112	0
5113	0
5114	0
5115	0
5116	0
5117	0
5118	0
5119	0
5120	0
5121	0
5122	0
5123	0
5124	0
5125	1
5126	0
5127	2
5128	3
5129	0
5130	0
5131	0
5132	0
5133	0
5134	0
5135	0
5136	1
5137	1
5138	0
5139	1
5140	0
5141	0
5142	0
5143	0
5144	1
5145	0
5146	0
5147	0
5148	0
5149	1
5150	1
5151	1
5152	0
5153	1
5154	0
5155	0
5156	0
5157	0
5158	0
5159	0
5160	0
5161	1
5162	2
5163	0
5164	0
5165	1
5166	1
5167	0
5168	0
5169	1
5170	0
5171	0
5172	0
5173	0
5174	0
5175	0
5176	0
5177	0
5178	1
5179	0
5180	1
5181	0
5182	1
5183	0
5184	0
5185	2
5186	1
5187	0
5188	1
5189	1
5190	1
5191	0
5192	0
5193	0
5194	0
5195	0
5196	0
5197	0
5198	1
5199	0
5200	0
5201	0
5202	1
5203	0
5204	1
5205	0
5206	0
5207	0
5208	0
5209	0
5210	0
5211	0
5212	0
5213	1
5214	0
5215	0
5216	1
5217	0
5218	0
5219	0
5220	0
5221	1
5222	2
5223	0
5224	0
5225	0
5226	0
5227	1
5228	1
5229	3
5230	1
5231	1
5232	0
5233	0
5234	0
5235	0
5236	0
5237	0
5238	0
5239	0
5240	0
5241	0
5242	0
5243	0
5244	0
5245	0
5246	0
5247	0
5248	1
5249	0
5250	1
5251	1
5252	1
5253	0
5254	0
5255	0
5256	1
5257	0
5258	0
5259	1
5260	0
5261	0
5262	0
5263	1
5264	0
5265	0
5266	0
5267	0
5268	0
5269	0
5270	0
5271	1
5272	1
5273	0
5274	0
5275	0
5276	0
5277	0
5278	0
5279	0
5280	0
5281	1
5282	0
5283	2
5284	0
5285	0
5286	0
5287	3
5288	0
5289	0
5290	1
5291	1
5292	1
5293	0
5294	1
5295	0
5296	0
5297	0
5298	2
5299	0
5300	1
5301	0
5302	1
5303	0
5304	0
5305	0
5306	0
5307	0
5308	1
5309	0
5310	1
5311	0
5312	1
5313	0
5314	0
5315	1
5316	2
5317	0
5318	0
5319	1
5320	0
5321	0
5322	0
5323	0
5324	0
5325	0
5326	0
5327	0
5328	0
5329	1
5330	0
5331	0
5332	0
5333	0
5334	0
5335	0
5336	0
5337	0
5338	0
5339	0
5340	0
5341	1
5342	0
5343	0
5344	0
5345	1
5346	0
5347	0
5348	0
5349	0
5350	0
5351	0
5352	0
5353	0
5354	0
5355	0
5356	1
5357	0
5358	0
5359	0
5360	0
5361	0
5362	0
5363	1
5364	0
5365	0
5366	0
5367	0
5368	0
5369	0
5370	0
5371	0
5372	0
5373	0
5374	0
5375	0
5376	0
5377	0
5378	0
5379	0
5380	0
5381	1
5382	0
5383	1
5384	0
5385	1
5386	0
5387	0
5388	0
5389	0
5390	0
5391	0
5392	0
5393	0
5394	0
5395	0
5396	0
5397	0
5398	1
5399	0
5400	0
5401	1
5402	1
5403	1
5404	0
5405	0
5406	0
5407	0
5408	0
5409	0
5410	0
5411	1
5412	0
5413	1
5414	1
5415	0
5416	1
5417	0
5418	0
5419	0
5420	0
5421	2
5422	0
5423	0
5424	0
5425	0
5426	2
5427	0
5428	0
5429	1
5430	0
5431	0
5432	0
5433	0
5434	0
5435	1
5436	0
5437	1
5438	0
5439	0
5440	0
5441	1
5442	0
5443	1
5444	1
5445	1
5446	0
5447	0
5448	0
5449	0
5450	0
5451	0
5452	0
5453	0
5454	0
5455	0
5456	0
5457	0
5458	1
5459	0
5460	0
5461	0
5462	1
5463	0
5464	0
5465	1
5466	0
5467	0
5468	0
5469	0
5470	0
5471	0
5472	0
5473	0
5474	1
5475	1
5476	0
5477	0
5478	0
5479	1
5480	0
5481	0
5482	1
5483	0
5484	0
5485	1
5486	0
5487	1
5488	0
5489	1
5490	0
5491	0
5492	0
5493	0
5494	0
5495	0
5496	0
5497	0
5498	0
5499	1
5500	0
5501	0
5502	0
5503	0
5504	0
5505	0
5506	0
5507	1
5508	1
5509	0
5510	0
5511	0
5512	1
5513	0
5514	0
5515	0
5516	0
5517	1
5518	0
5519	0
5520	0
5521	0
5522	0
5523	1
5524	1
5525	0
5526	0
5527	0
5528	0
5529	0
5530	0
5531	0
5532	0
5533	0
5534	0
5535	0
5536	0
5537	3
5538	0
5539	0
5540	1
5541	1
5542	0
5543	0
5544	0
5545	0
5546	0
5547	0
5548	0
5549	1
5550	0
5551	0
5552	0
5553	0
5554	2
5555	0
5556	1
5557	2
5558	1
5559	0
5560	0
5561	1
5562	1
5563	0
5564	0
5565	1
5566	2
5567	0
5568	0
5569	0
5570	0
5571	0
5572	0
5573	0
5574	0
5575	1
5576	0
5577	0
5578	0
5579	0
5580	0
5581	0
5582	0
5583	0
5584	1
5585	1
5586	0
5587	0
5588	0
5589	0
5590	0
5591	0
5592	0
5593	0
5594	0
5595	0
5596	1
5597	0
5598	0
5599	0
5600	0
5601	0
5602	0
5603	0
5604	0
5605	0
5606	0
5607	0
5608	1
5609	0
5610	1
5611	1
5612	0
5613	0
5614	1
5615	1
5616	0
5617	0
5618	0
5619	1
5620	1
5621	0
5622	0
5623	0
5624	0
5625	1
5626	0
5627	0
5628	0
5629	0
5630	1
5631	0
5632	1
5633	0
5634	0
5635	0
5636	0
5637	0
5638	0
5639	0
5640	0
5641	0
5642	0
5643	1
5644	0
5645	0
5646	0
5647	0
5648	0
5649	0
5650	0
5651	0
5652	1
5653	0
5654	0
5655	0
5656	0
5657	0
5658	0
5659	0
5660	1
5661	0
5662	1
5663	0
5664	0
5665	0
5666	1
5667	0
5668	0
5669	0
5670	0
5671	1
5672	0
5673	1
5674	1
5675	0
5676	0
5677	0
5678	0
5679	0
5680	0
5681	1
5682	0
5683	0
5684	0
5685	1
5686	0
5687	0
5688	0
5689	1
5690	0
5691	0
5692	0
5693	1
5694	0
5695	0
5696	0
5697	0
5698	1
5699	0
5700	0
5701	0
5702	1
5703	0
5704	0
5705	0
5706	0
5707	1
5708	1
5709	0
5710	0
5711	0
5712	0
5713	0
5714	0
5715	0
5716	0
5717	0
5718	1
5719	1
5720	0
5721	0
5722	0
5723	0
5724	1
5725	0
5726	0
5727	0
5728	0
5729	1
5730	0
5731	1
5732	0
5733	1
5734	0
5735	0
5736	0
5737	1
5738	1
5739	0
5740	0
5741	0
5742	2
5743	0
5744	0
5745	0
5746	0
5747	1
5748	0
5749	0
5750	1
5751	0
5752	0
5753	0
5754	0
5755	2
5756	0
5757	0
5758	0
5759	0
5760	0
5761	0
5762	0
5763	0
5764	1
5765	0
5766	0
5767	1
5768	1
5769	1
5770	0
5771	0
5772	0
5773	0
5774	0
5775	0
5776	0
5777	0
5778	0
5779	0
5780	0
5781	0
5782	0
5783	0
5784	0
5785	0
5786	1
5787	0
5788	0
5789	1
5790	0
5791	0
5792	0
5793	1
5794	1
5795	1
5796	1
5797	0
5798	0
5799	0
5800	0
5801	0
5802	0
5803	2
5804	0
5805	1
5806	1
5807	0
5808	0
5809	0
5810	0
5811	0
5812	0
5813	1
5814	0
5815	1
5816	0
5817	0
5818	0
5819	0
5820	0
5821	1
5822	1
5823	0
5824	0
5825	0
5826	0
5827	0
5828	0
5829	0
5830	0
5831	0
5832	0
5833	0
5834	0
5835	0
5836	0
5837	0
5838	0
5839	0
5840	0
5841	0
5842	0
5843	0
5844	1
5845	1
5846	1
5847	0
5848	1
5849	0
5850	1
5851	0
5852	0
5853	0
5854	0
5855	0
5856	0
5857	0
5858	0
5859	1
5860	0
5861	1
5862	0
5863	0
5864	0
5865	0
5866	0
5867	0
5868	1
5869	0
5870	0
5871	0
5872	1
5873	0
5874	1
5875	0
5876	0
5877	0
5878	1
5879	0
5880	0
5881	0
5882	0
5883	1
5884	0
5885	0
5886	0
5887	0
5888	1
5889	0
5890	1
5891	0
5892	1
5893	0
5894	0
5895	0
5896	0
5897	0
5898	1
5899	1
5900	0
5901	0
5902	1
5903	0
5904	0
5905	0
5906	0
5907	0
5908	0
5909	0
5910	0
5911	0
5912	0
5913	0
5914	0
5915	1
5916	0
5917	0
5918	0
5919	0
5920	0
5921	0
5922	0
5923	1
5924	0
5925	0
5926	0
5927	0
5928	1
5929	1
5930	0
5931	0
5932	0
5933	0
5934	0
5935	0
5936	0
5937	1
5938	0
5939	0
5940	0
5941	0
5942	0
5943	0
5944	0
5945	0
5946	0
5947	0
5948	1
5949	0
5950	0
5951	1
5952	0
5953	1
5954	0
5955	0
5956	0
5957	0
5958	0
5959	0
5960	0
5961	1
5962	1
5963	1
5964	0
5965	0
5966	0
5967	0
5968	1
5969	1
5970	0
5971	1
5972	0
5973	0
5974	0
5975	0
5976	0
5977	0
5978	1
5979	0
5980	0
5981	1
5982	0
5983	1
5984	0
5985	0
5986	1
5987	0
5988	0
5989	0
5990	0
5991	0
5992	2
5993	1
5994	0
5995	0
5996	0
5997	1
5998	0
5999	0
6000	0
6001	0
6002	0
6003	0
6004	0
6005	0
6006	0
6007	0
6008	1
6009	1
6010	0
6011	0
6012	2
6013	0
6014	0
6015	0
6016	0
6017	0
6018	1
6019	0
6020	0
6021	0
6022	0
6023	0
6024	0
6025	1
6026	0
6027	1
6028	0
6029	0
6030	0
6031	0
6032	0
6033	0
6034	0
6035	0
6036	0
6037	0
6038	0
6039	0
6040	0
6041	0
6042	0
6043	0
6044	0
6045	1
6046	0
6047	0
6048	0
6049	0
6050	0
6051	0
6052	0
6053	1
6054	0
6055	0
6056	1
6057	0
6058	0
6059	0
6060	1
6061	0
6062	0
6063	0
6064	0
6065	0
6066	1
6067	0
6068	0
6069	0
6070	0
6071	1
6072	0
6073	0
6074	0
6075	1
6076	0
6077	0
6078	0
6079	0
6080	0
6081	0
6082	0
6083	0
6084	0
6085	0
6086	1
6087	0
6088	0
6089	1
6090	1
6091	1
6092	0
6093	1
6094	2
6095	1
6096	0
6097	0
6098	0
6099	0
6100	1
6101	0
6102	0
6103	1
6104	2
6105	1
6106	0
6107	0
6108	0
6109	0
6110	0
6111	0
6112	1
6113	0
6114	0
6115	0
6116	0
6117	0
6118	1
6119	0
6120	2
6121	1
6122	0
6123	0
6124	0
6125	0
6126	1
6127	1
6128	0
6129	0
6130	0
6131	0
6132	0
6133	0
6134	1
6135	1
6136	0
6137	0
6138	1
6139	0
6140	0
6141	0
6142	0
6143	0
6144	1
6145	1
6146	1
6147	0
6148	0
6149	0
6150	0
6151	0
6152	1
6153	0
6154	0
6155	0
6156	0
6157	1
6158	0
6159	0
6160	0
6161	0
6162	1
6163	0
6164	1
6165	0
6166	0
6167	0
6168	0
6169	0
6170	0
6171	0
6172	0
6173	0
6174	0
6175	0
6176	0
6177	0
6178	0
6179	0
6180	0
6181	0
6182	0
6183	0
6184	0
6185	1
6186	0
6187	0
6188	0
6189	0
6190	0
6191	0
6192	0
6193	0
6194	0
6195	0
6196	1
6197	0
6198	0
6199	0
6200	0
6201	0
6202	1
6203	0
6204	0
6205	0
6206	0
6207	0
6208	1
6209	0
6210	0
6211	0
6212	0
6213	0
6214	0
6215	0
6216	0
6217	0
6218	0
6219	1
6220	0
6221	0
6222	2
6223	0
6224	0
6225	0
6226	0
6227	0
6228	0
6229	1
6230	0
6231	0
6232	0
6233	0
6234	0
6235	0
6236	0
6237	0
6238	0
6239	0
6240	0
6241	0
6242	0
6243	0
6244	0
6245	0
6246	1
6247	0
6248	0
6249	0
6250	1
6251	0
6252	0
6253	0
6254	0
6255	0
6256	0
6257	0
6258	0
6259	0
6260	1
6261	1
6262	0
6263	0
6264	0
6265	0
6266	0
6267	0
6268	0
6269	0
6270	3
6271	0
6272	0
6273	0
6274	1
6275	1
6276	0
6277	0
6278	0
6279	0
6280	0
6281	1
6282	0
6283	0
6284	0
6285	0
6286	0
6287	0
6288	0
6289	0
6290	0
6291	0
6292	0
6293	0
6294	0
6295	0
6296	1
6297	0
6298	0
6299	0
6300	0
6301	0
6302	0
6303	0
6304	0
6305	0
6306	0
6307	0
6308	0
6309	0
6310	0
6311	1
6312	0
6313	1
6314	0
6315	0
6316	0
6317	0
6318	0
6319	1
6320	0
6321	0
6322	0
6323	0
6324	0
6325	0
6326	0
6327	1
6328	0
6329	1
6330	0
6331	0
6332	0
6333	0
6334	1
6335	1
6336	1
6337	1
6338	0
6339	0
6340	0
6341	0
6342	0
6343	0
6344	0
6345	0
6346	0
6347	0
6348	0
6349	1
6350	0
6351	1
6352	0
6353	0
6354	0
6355	0
6356	0
6357	0
6358	0
6359	0
6360	0
6361	0
6362	0
6363	0
6364	0
6365	1
6366	0
6367	0
6368	0
6369	0
6370	0
6371	0
6372	0
6373	0
6374	0
6375	0
6376	1
6377	0
6378	0
6379	0
6380	0
6381	0
6382	0
6383	0
6384	0
6385	0
6386	2
6387	0
6388	0
6389	0
6390	0
6391	0
6392	0
6393	0
6394	0
6395	0
6396	0
6397	0
6398	0
6399	1
6400	0
6401	0
6402	1
6403	0
6404	0
6405	2
6406	0
6407	0
6408	1
6409	0
6410	0
6411	0
6412	0
6413	0
6414	1
6415	0
6416	0
6417	1
6418	0
6419	1
6420	0
6421	0
6422	0
6423	0
6424	0
6425	0
6426	0
6427	0
6428	0
6429	0
6430	0
6431	0
6432	0
6433	0
6434	0
6435	0
6436	1
6437	0
6438	0
6439	0
6440	0
6441	0
6442	0
6443	0
6444	0
6445	0
6446	1
6447	0
6448	0
6449	0
6450	0
6451	0
6452	0
6453	0
6454	0
6455	0
6456	0
6457	0
6458	0
6459	0
6460	0
6461	0
6462	0
6463	0
6464	0
6465	0
6466	0
6467	0
6468	1
6469	0
6470	1
6471	0
6472	2
6473	1
6474	0
6475	0
6476	0
6477	0
6478	0
6479	0
6480	0
6481	0
6482	0
6483	0
6484	0
6485	0
6486	1
6487	0
6488	0
6489	0
6490	0
6491	0
6492	2
6493	0
6494	0
6495	0
6496	0
6497	0
6498	1
6499	0
6500	0
6501	0
6502	0
6503	0
6504	1
6505	0
6506	0
6507	1
6508	0
6509	0
6510	1
6511	0
6512	0
6513	1
6514	0
6515	1
6516	0
6517	1
6518	1
6519	0
6520	0
6521	1
6522	0
6523	1
6524	0
6525	0
6526	0
6527	0
6528	0
6529	0
6530	0
6531	1
6532	0
6533	0
6534	0
6535	0
6536	0
6537	0
6538	0
6539	0
6540	0
6541	1
6542	0
6543	1
6544	0
6545	0
6546	0
6547	0
6548	0
6549	1
6550	0
6551	2
6552	0
6553	0
6554	0
6555	0
6556	0
6557	0
6558	0
6559	0
6560	0
6561	0
6562	1
6563	0
6564	0
6565	0
6566	0
6567	0
6568	0
6569	0
6570	0
6571	0
6572	0
6573	0
6574	0
6575	1
6576	0
6577	0
6578	0
6579	0
6580	0
6581	0
6582	0
6583	0
6584	0
6585	1
6586	1
6587	0
6588	0
6589	0
6590	0
6591	0
6592	0
6593	0
6594	0
6595	1
6596	0
6597	0
6598	0
6599	0
6600	0
6601	0
6602	0
6603	0
6604	0
6605	0
6606	0
6607	0
6608	0
6609	1
6610	1
6611	0
6612	0
6613	1
6614	0
6615	0
6616	0
6617	1
6618	0
6619	0
6620	0
6621	1
6622	3
6623	0
6624	0
6625	0
6626	0
6627	0
6628	0
6629	1
6630	2
6631	0
6632	0
6633	1
6634	1
6635	0
6636	0
6637	1
6638	0
6639	0
6640	0
6641	0
6642	0
6643	0
6644	0
6645	0
6646	0
6647	0
6648	0
6649	0
6650	0
6651	0
6652	0
6653	1
6654	0
6655	0
6656	1
6657	0
6658	0
6659	0
6660	0
6661	2
6662	1
6663	0
6664	0
6665	1
6666	0
6667	0
6668	0
6669	0
6670	1
6671	0
6672	0
6673	0
6674	0
6675	0
6676	0
6677	0
6678	0
6679	0
6680	0
6681	0
6682	1
6683	0
6684	0
6685	0
6686	0
6687	0
6688	0
6689	0
6690	0
6691	1
6692	1
6693	1
6694	0
6695	0
6696	1
6697	1
6698	0
6699	0
6700	0
6701	1
6702	0
6703	0
6704	0
6705	0
6706	0
6707	0
6708	0
6709	0
6710	0
6711	0
6712	0
6713	0
6714	0
6715	0
6716	0
6717	1
6718	0
6719	0
6720	0
6721	0
6722	0
6723	1
6724	0
6725	0
6726	1
6727	0
6728	0
6729	0
6730	0
6731	1
6732	0
6733	0
6734	0
6735	0
6736	0
6737	1
6738	0
6739	0
6740	0
6741	0
6742	1
6743	1
6744	0
6745	0
6746	0
6747	0
6748	0
6749	1
6750	0
6751	0
6752	0
6753	0
6754	0
6755	0
6756	0
6757	0
6758	0
6759	0
6760	1
6761	2
6762	0
6763	0
6764	0
6765	0
6766	0
6767	1
6768	0
6769	0
6770	0
6771	0
6772	0
6773	0
6774	0
6775	0
6776	0
6777	0
6778	0
6779	1
6780	0
6781	0
6782	0
6783	1
6784	0
6785	0
6786	0
6787	0
6788	0
6789	0
6790	0
6791	1
6792	0
6793	1
6794	0
6795	0
6796	0
6797	0
6798	0
6799	0
6800	0
6801	0
6802	0
6803	0
6804	1
6805	0
6806	0
6807	0
6808	0
6809	0
6810	1
6811	1
6812	1
6813	0
6814	0
6815	0
6816	0
6817	1
6818	0
6819	0
6820	0
6821	0
6822	0
6823	0
6824	0
6825	0
6826	0
6827	0
6828	0
6829	0
6830	0
6831	0
6832	0
6833	1
6834	0
6835	0
6836	0
6837	0
6838	0
6839	0
6840	0
6841	0
6842	0
6843	1
6844	0
6845	2
6846	0
6847	0
6848	0
6849	0
6850	0
6851	0
6852	0
6853	1
6854	0
6855	0
6856	1
6857	0
6858	0
6859	0
6860	1
6861	0
6862	0
6863	1
6864	1
6865	0
6866	0
6867	0
6868	0
6869	0
6870	0
6871	0
6872	0
6873	1
6874	0
6875	0
6876	1
6877	0
6878	1
6879	0
6880	0
6881	0
6882	0
6883	1
6884	1
6885	1
6886	1
6887	0
6888	0
6889	0
6890	0
6891	0
6892	0
6893	0
6894	0
6895	0
6896	0
6897	0
6898	0
6899	0
6900	0
6901	0
6902	0
6903	1
6904	0
6905	0
6906	0
6907	0
6908	0
6909	0
6910	0
6911	1
6912	0
6913	0
6914	0
6915	0
6916	1
6917	0
6918	0
6919	1
6920	0
6921	0
6922	0
6923	0
6924	0
6925	1
6926	0
6927	0
6928	0
6929	0
6930	1
6931	0
6932	0
6933	0
6934	0
6935	1
6936	0
6937	0
6938	0
6939	0
6940	0
6941	0
6942	0
6943	0
6944	0
6945	0
6946	0
6947	0
6948	0
6949	1
6950	0
6951	0
6952	1
6953	0
6954	0
6955	1
6956	0
6957	0
6958	0
6959	0
6960	1
6961	0
6962	0
6963	0
6964	0
6965	1
6966	0
6967	1
6968	0
6969	0
6970	0
6971	0
6972	1
6973	0
6974	0
6975	2
6976	0
6977	0
6978	0
6979	1
6980	0
6981	0
6982	0
6983	0
6984	0
6985	0
6986	0
6987	0
6988	0
6989	0
6990	0
6991	2
6992	0
6993	0
6994	0
6995	0
6996	0
6997	0
6998	0
6999	1
7000	0
7001	0
7002	0
7003	0
7004	0
7005	1
7006	0
7007	0
7008	0
7009	1
7010	0
7011	1
7012	0
7013	0
7014	0
7015	1
7016	0
7017	0
7018	0
7019	0
7020	0
7021	0
7022	0
7023	0
7024	0
7025	1
7026	0
7027	0
7028	0
7029	0
7030	0
7031	1
7032	0
7033	0
7034	1
7035	0
7036	0
7037	1
7038	1
7039	0
7040	0
7041	0
7042	0
7043	0
7044	1
7045	1
7046	0
7047	1
7048	0
7049	0
7050	0
7051	0
7052	0
7053	0
7054	0
7055	0
7056	0
7057	1
7058	0
7059	1
7060	0
7061	0
7062	0
7063	0
7064	0
7065	0
7066	0
7067	0
7068	1
7069	1
7070	2
7071	0
7072	0
7073	1
7074	0
7075	0
7076	0
7077	0
7078	1
7079	0
7080	0
7081	0
7082	0
7083	0
7084	0
7085	0
7086	1
7087	0
7088	0
7089	0
7090	0
7091	1
7092	0
7093	0
7094	0
7095	0
7096	0
7097	0
7098	0
7099	0
7100	0
7101	0
7102	0
7103	1
7104	3
7105	0
7106	0
7107	1
7108	0
7109	0
7110	0
7111	0
7112	0
7113	0
7114	0
7115	1
7116	0
7117	2
7118	0
7119	0
7120	0
7121	0
7122	2
7123	0
7124	0
7125	0
7126	0
7127	0
7128	0
7129	0
7130	0
7131	0
7132	0
7133	0
7134	0
7135	0
7136	0
7137	1
7138	0
7139	0
7140	1
7141	0
7142	0
7143	1
7144	0
7145	0
7146	1
7147	0
7148	1
7149	1
7150	0
7151	0
7152	0
7153	1
7154	0
7155	0
7156	0
7157	1
7158	0
7159	1
7160	0
7161	0
7162	0
7163	0
7164	0
7165	1
7166	0
7167	1
7168	0
7169	1
7170	1
7171	1
7172	0
7173	0
7174	0
7175	0
7176	0
7177	1
7178	0
7179	0
7180	0
7181	0
7182	0
7183	0
7184	0
7185	1
7186	1
7187	0
7188	1
7189	1
7190	0
7191	0
7192	1
7193	1
7194	1
7195	0
7196	0
7197	0
7198	1
7199	1
7200	0
7201	0
7202	0
7203	0
7204	1
7205	0
7206	0
7207	2
7208	0
7209	1
7210	1
7211	0
7212	1
7213	1
7214	0
7215	0
7216	0
7217	0
7218	0
7219	0
7220	1
7221	0
7222	0
7223	0
7224	1
7225	0
7226	0
7227	0
7228	1
7229	0
7230	0
7231	0
7232	1
7233	0
7234	0
7235	0
7236	0
7237	0
7238	0
7239	0
7240	0
7241	0
7242	1
7243	0
7244	0
7245	0
7246	0
7247	0
7248	0
7249	0
7250	0
7251	0
7252	0
7253	0
7254	1
7255	0
7256	0
7257	0
7258	0
7259	0
7260	0
7261	0
7262	0
7263	2
7264	0
7265	1
7266	0
7267	0
7268	0
7269	0
7270	1
7271	0
7272	0
7273	0
7274	0
7275	0
7276	0
7277	0
7278	1
7279	0
7280	0
7281	2
7282	0
7283	0
7284	1
7285	1
7286	1
7287	0
7288	1
7289	0
7290	0
7291	0
7292	1
7293	0
7294	0
7295	0
7296	0
7297	1
7298	0
7299	0
7300	0
7301	0
7302	0
7303	0
7304	1
7305	1
7306	0
7307	1
7308	1
7309	0
7310	0
7311	1
7312	2
7313	1
7314	1
7315	1
7316	0
7317	1
7318	1
7319	0
7320	0
7321	0
7322	1
7323	1
7324	1
7325	0
7326	1
7327	0
7328	0
7329	1
7330	0
7331	0
7332	0
7333	0
7334	0
7335	0
7336	0
7337	1
7338	0
7339	0
7340	2
7341	0
7342	0
7343	0
7344	0
7345	1
7346	0
7347	0
7348	0
7349	0
7350	1
7351	0
7352	0
7353	0
7354	0
7355	0
7356	0
7357	0
7358	0
7359	0
7360	0
7361	0
7362	0
7363	0
7364	0
7365	0
7366	1
7367	0
7368	0
7369	1
7370	2
7371	0
7372	0
7373	0
7374	0
7375	0
7376	0
7377	0
7378	0
7379	0
7380	0
7381	1
7382	1
7383	0
7384	1
7385	0
7386	1
7387	0
7388	0
7389	0
7390	0
7391	1
7392	0
7393	0
7394	0
7395	1
7396	0
7397	0
7398	1
7399	0
7400	0
7401	0
7402	0
7403	0
7404	0
7405	0
7406	1
7407	1
7408	0
7409	0
7410	0
7411	0
7412	1
7413	0
7414	0
7415	0
7416	0
7417	0
7418	2
7419	0
7420	0
7421	0
7422	0
7423	0
7424	0
7425	0
7426	0
7427	0
7428	0
7429	0
7430	0
7431	0
7432	0
7433	1
7434	0
7435	0
7436	1
7437	0
7438	0
7439	0
7440	0
7441	0
7442	0
7443	0
7444	0
7445	0
7446	0
7447	0
7448	0
7449	0
7450	0
7451	0
7452	1
7453	1
7454	0
7455	0
7456	0
7457	0
7458	0
7459	0
7460	0
7461	0
7462	0
7463	0
7464	0
7465	0
7466	1
7467	0
7468	0
7469	0
7470	0
7471	0
7472	1
7473	0
7474	0
7475	0
7476	0
7477	0
7478	0
7479	0
7480	0
7481	0
7482	0
7483	0
7484	0
7485	0
7486	0
7487	0
7488	0
7489	0
7490	1
7491	0
7492	0
7493	0
7494	2
7495	0
7496	0
7497	0
7498	0
7499	0
7500	0
7501	0
7502	1
7503	1
7504	1
7505	0
7506	0
7507	0
7508	0
7509	0
7510	0
7511	0
7512	0
7513	0
7514	1
7515	1
7516	0
7517	0
7518	0
7519	0
7520	0
7521	0
7522	0
7523	1
7524	0
7525	0
7526	0
7527	0
7528	0
7529	0
7530	0
7531	0
7532	0
7533	1
7534	0
7535	0
7536	0
7537	0
7538	0
7539	0
7540	0
7541	0
7542	0
7543	0
7544	2
7545	0
7546	0
7547	1
7548	0
7549	0
7550	0
7551	0
7552	0
7553	0
7554	0
7555	0
7556	1
7557	0
7558	1
7559	0
7560	0
7561	2
7562	1
7563	0
7564	0
7565	0
7566	0
7567	0
7568	1
7569	0
7570	0
7571	0
7572	0
7573	1
7574	0
7575	0
7576	0
7577	1
7578	1
7579	0
7580	0
7581	0
7582	0
7583	0
7584	0
7585	0
7586	0
7587	0
7588	1
7589	0
7590	0
7591	0
7592	0
7593	0
7594	0
7595	0
7596	2
7597	0
7598	0
7599	0
7600	1
7601	0
7602	0
7603	0
7604	2
7605	1
7606	0
7607	0
7608	0
7609	0
7610	0
7611	0
7612	0
7613	0
7614	0
7615	1
7616	1
7617	1
7618	0
7619	0
7620	0
7621	1
7622	0
7623	1
7624	0
7625	0
7626	0
7627	1
7628	0
7629	0
7630	0
7631	0
7632	0
7633	1
7634	0
7635	0
7636	0
7637	0
7638	0
7639	0
7640	0
7641	0
7642	0
7643	0
7644	0
7645	0
7646	0
7647	0
7648	0
7649	0
7650	0
7651	1
7652	0
7653	0
7654	0
7655	0
7656	0
7657	2
7658	0
7659	0
7660	0
7661	0
7662	0
7663	0
7664	1
7665	0
7666	0
7667	0
7668	0
7669	0
7670	0
7671	0
7672	0
7673	1
7674	1
7675	0
7676	1
7677	1
7678	0
7679	0
7680	0
7681	0
7682	0
7683	0
7684	1
7685	0
7686	0
7687	0
7688	0
7689	0
7690	0
7691	0
7692	0
7693	0
7694	0
7695	0
7696	0
7697	0
7698	1
7699	0
7700	0
7701	0
7702	0
7703	0
7704	1
7705	0
7706	0
7707	0
7708	0
7709	0
7710	0
7711	1
7712	0
7713	1
7714	0
7715	0
7716	0
7717	0
7718	1
7719	0
7720	0
7721	0
7722	0
7723	0
7724	1
7725	0
7726	0
7727	0
7728	0
7729	1
7730	0
7731	1
7732	0
7733	0
7734	1
7735	0
7736	0
7737	0
7738	0
7739	0
7740	0
7741	0
7742	0
7743	0
7744	1
7745	0
7746	1
7747	0
7748	0
7749	0
7750	0
7751	0
7752	0
7753	0
7754	0
7755	0
7756	0
7757	1
7758	0
7759	0
7760	0
7761	0
7762	0
7763	0
7764	0
7765	0
7766	0
7767	0
7768	0
7769	0
7770	1
7771	0
7772	0
7773	1
7774	0
7775	0
7776	0
7777	0
7778	0
7779	0
7780	1
7781	0
7782	0
7783	1
7784	0
7785	0
7786	0
7787	0
7788	0
7789	0
7790	0
7791	0
7792	1
7793	0
7794	0
7795	0
7796	0
7797	0
7798	1
7799	0
7800	0
7801	0
7802	0
7803	0
7804	0
7805	0
7806	0
7807	0
7808	0
7809	0
7810	0
7811	0
7812	0
7813	0
7814	0
7815	0
7816	1
7817	0
7818	0
7819	0
7820	0
7821	0
7822	0
7823	1
7824	0
7825	0
7826	0
7827	2
7828	0
7829	1
7830	1
7831	0
7832	0
7833	0
7834	0
7835	0
7836	0
7837	1
7838	1
7839	0
7840	0
7841	1
7842	0
7843	2
7844	0
7845	0
7846	0
7847	1
7848	0
7849	0
7850	0
7851	0
7852	0
7853	0
7854	0
7855	0
7856	0
7857	1
7858	0
7859	0
7860	1
7861	0
7862	0
7863	1
7864	0
7865	0
7866	1
7867	1
7868	0
7869	0
7870	0
7871	0
7872	1
7873	0
7874	0
7875	1
7876	0
7877	0
7878	1
7879	1
7880	0
7881	0
7882	0
7883	0
7884	1
7885	0
7886	0
7887	0
7888	1
7889	0
7890	0
7891	2
7892	0
7893	0
7894	0
7895	0
7896	1
7897	0
7898	0
7899	0
7900	0
7901	0
7902	0
7903	1
7904	0
7905	0
7906	0
7907	0
7908	0
7909	2
7910	0
7911	1
7912	0
7913	0
7914	1
7915	0
7916	0
7917	0
7918	0
7919	1
7920	0
7921	0
7922	0
7923	0
7924	0
7925	1
7926	0
7927	1
7928	0
7929	1
7930	1
7931	0
7932	0
7933	0
7934	0
7935	0
7936	0
7937	0
7938	0
7939	0
7940	0
7941	0
7942	0
7943	0
7944	1
7945	0
7946	1
7947	0
7948	0
7949	0
7950	0
7951	0
7952	1
7953	0
7954	0
7955	1
7956	1
7957	0
7958	0
7959	0
7960	0
7961	1
7962	1
7963	0
7964	0
7965	0
7966	0
7967	0
7968	1
7969	0
7970	0
7971	0
7972	0
7973	1
7974	0
7975	0
7976	0
7977	0
7978	0
7979	2
7980	1
7981	0
7982	0
7983	0
7984	1
7985	0
7986	0
7987	1
7988	0
7989	0
7990	0
7991	0
7992	0
7993	0
7994	0
7995	0
7996	0
7997	1
7998	0
7999	0
8000	0
8001	0
8002	0
8003	1
8004	3
8005	0
8006	0
8007	1
8008	0
8009	0
8010	0
8011	0
8012	1
8013	0
8014	0
8015	0
8016	0
8017	0
8018	0
8019	0
8020	0
8021	0
8022	0
8023	0
8024	0
8025	0
8026	0
8027	0
8028	0
8029	0
8030	0
8031	0
8032	0
8033	0
8034	0
8035	0
8036	0
8037	0
8038	0
8039	1
8040	1
8041	0
8042	0
8043	0
8044	0
8045	0
8046	1
8047	0
8048	0
8049	1
8050	0
8051	0
8052	0
8053	0
8054	0
8055	0
8056	0
8057	0
8058	0
8059	0
8060	0
8061	0
8062	0
8063	0
8064	0
8065	0
8066	0
8067	0
8068	0
8069	0
8070	0
8071	0
8072	0
8073	0
8074	0
8075	0
8076	0
8077	0
8078	0
8079	0
8080	0
8081	0
8082	0
8083	0
8084	0
8085	0
8086	0
8087	0
8088	0
8089	0
8090	0
8091	0
8092	0
8093	0
8094	0
8095	0
8096	0
8097	0
8098	0
8099	0
8100	0
8101	0
8102	0
8103	0
8104	0
8105	0
8106	0
8107	0
8108	0
8109	0
8110	0
8111	0
8112	0
8113	0
8114	0
8115	0
8116	0
8117	0
8118	0
8119	0
8120	0
8121	0
8122	0
8123	0
8124	0
8125	0
8126	0
8127	0
8128	0
8129	0
8130	0
8131	0
8132	0
8133	0
8134	0
8135	0
8136	0
8137	0
8138	0
8139	0
8140	0
8141	0
8142	0
8143	0
8144	0
8145	0
8146	0
8147	0
8148	0
8149	0
8150	0
8151	0
8152	0
8153	0
8154	0
8155	0
8156	0
8157	0
8158	0
8159	0
8160	0
8161	0
8162	0
8163	0
8164	0
8165	0
8166	0
8167	0
8168	0
8169	0
8170	0
8171	0
8172	0
8173	0
8174	0
8175	0
8176	0
8177	0
8178	0
8179	0
8180	0
8181	0
8182	0
8183	0
8184	0
8185	0
8186	0
8187	0
8188	0
8189	0
8190	0
8191	0
