-2	354.76
-1	368.4
0	0
1	0
2	0
3	0
4	0
5	0
6	0
7	0
8	0
9	0
10	0
11	0
12	0
13	0
14	0
15	0
16	0
17	0
18	0
19	0
20	0
21	0
22	0
23	0
24	0
25	0
26	0
27	0
28	0
29	0
30	0
31	0
32	0
33	0
34	0
35	0
36	0
37	0
38	0
39	0
40	0
41	0
42	0
43	0
44	0
45	0
46	0
47	0
48	1
49	28
50	131
51	179
52	208
53	237
54	285
55	302
56	303
57	314
58	330
59	296
60	322
61	316
62	301
63	316
64	382
65	350
66	364
67	378
68	422
69	398
70	409
71	410
72	424
73	430
74	458
75	414
76	467
77	497
78	480
79	534
80	711
81	1035
82	1549
83	1978
84	2337
85	2484
86	2112
87	1388
88	698
89	454
90	360
91	414
92	458
93	560
94	685
95	797
96	1041
97	1119
98	901
99	715
100	504
101	489
102	368
103	371
104	348
105	363
106	353
107	364
108	385
109	354
110	384
111	376
112	375
113	431
114	386
115	393
116	432
117	403
118	439
119	412
120	429
121	440
122	430
123	446
124	448
125	472
126	524
127	530
128	537
129	457
130	459
131	456
132	447
133	461
134	442
135	501
136	457
137	477
138	528
139	549
140	524
141	543
142	574
143	527
144	579
145	577
146	550
147	576
148	517
149	540
150	571
151	538
152	558
153	538
154	564
155	542
156	578
157	532
158	565
159	539
160	548
161	550
162	527
163	550
164	522
165	548
166	508
167	538
168	491
169	497
170	481
171	497
172	514
173	516
174	487
175	503
176	467
177	482
178	506
179	467
180	489
181	481
182	446
183	451
184	454
185	446
186	452
187	417
188	453
189	440
190	449
191	465
192	438
193	434
194	434
195	438
196	439
197	453
198	443
199	418
200	466
201	461
202	442
203	425
204	443
205	464
206	424
207	399
208	424
209	417
210	450
211	454
212	480
213	412
214	445
215	465
216	444
217	430
218	408
219	439
220	419
221	452
222	419
223	416
224	434
225	420
226	401
227	396
228	436
229	390
230	402
231	389
232	372
233	427
234	409
235	383
236	426
237	392
238	379
239	393
240	403
241	395
242	370
243	304
244	321
245	332
246	345
247	320
248	310
249	329
250	310
251	293
252	328
253	331
254	312
255	339
256	327
257	325
258	345
259	328
260	323
261	580
262	1742
263	4115
264	5976
265	5637
266	3483
267	1621
268	814
269	405
270	231
271	224
272	203
273	218
274	256
275	196
276	191
277	220
278	216
279	221
280	211
281	233
282	220
283	190
284	223
285	204
286	199
287	178
288	190
289	195
290	183
291	183
292	192
293	182
294	176
295	200
296	178
297	172
298	204
299	213
300	180
301	185
302	195
303	163
304	194
305	259
306	383
307	460
308	397
309	286
310	206
311	184
312	166
313	168
314	168
315	154
316	179
317	170
318	196
319	197
320	184
321	170
322	139
323	150
324	156
325	149
326	154
327	141
328	149
329	184
330	254
331	382
332	538
333	510
334	352
335	212
336	140
337	144
338	132
339	147
340	149
341	136
342	121
343	135
344	153
345	122
346	123
347	152
348	156
349	148
350	141
351	133
352	127
353	134
354	127
355	149
356	132
357	133
358	139
359	142
360	123
361	128
362	139
363	158
364	130
365	146
366	148
367	143
368	140
369	135
370	113
371	147
372	130
373	135
374	121
375	143
376	134
377	123
378	124
379	98
380	131
381	115
382	130
383	106
384	139
385	110
386	121
387	119
388	134
389	120
390	121
391	142
392	129
393	115
394	117
395	115
396	105
397	121
398	129
399	118
400	111
401	118
402	117
403	106
404	117
405	122
406	129
407	109
408	124
409	129
410	113
411	128
412	112
413	130
414	117
415	94
416	121
417	120
418	106
419	106
420	120
421	104
422	113
423	130
424	116
425	122
426	116
427	90
428	119
429	124
430	100
431	124
432	111
433	113
434	98
435	106
436	102
437	112
438	128
439	115
440	123
441	110
442	108
443	99
444	97
445	106
446	93
447	120
448	109
449	103
450	103
451	90
452	99
453	90
454	101
455	80
456	89
457	84
458	84
459	80
460	103
461	89
462	86
463	77
464	97
465	81
466	87
467	84
468	67
469	79
470	83
471	72
472	73
473	72
474	93
475	86
476	70
477	82
478	65
479	70
480	70
481	72
482	74
483	64
484	62
485	62
486	76
487	71
488	59
489	76
490	74
491	94
492	55
493	67
494	67
495	65
496	60
497	65
498	61
499	75
500	88
501	67
502	93
503	81
504	73
505	73
506	52
507	65
508	72
509	58
510	69
511	66
512	60
513	65
514	56
515	63
516	56
517	63
518	51
519	57
520	57
521	59
522	58
523	53
524	50
525	60
526	51
527	65
528	60
529	58
530	39
531	45
532	40
533	41
534	46
535	45
536	53
537	49
538	57
539	44
540	56
541	42
542	40
543	43
544	60
545	39
546	52
547	41
548	41
549	52
550	57
551	53
552	43
553	40
554	60
555	50
556	36
557	53
558	63
559	39
560	51
561	78
562	152
563	337
564	661
565	871
566	741
567	477
568	208
569	96
570	55
571	55
572	45
573	40
574	55
575	34
576	49
577	30
578	49
579	57
580	27
581	39
582	34
583	36
584	36
585	38
586	24
587	39
588	43
589	38
590	51
591	31
592	34
593	30
594	39
595	31
596	40
597	40
598	42
599	40
600	34
601	32
602	33
603	39
604	39
605	43
606	35
607	56
608	36
609	40
610	29
611	37
612	25
613	35
614	30
615	43
616	25
617	33
618	38
619	29
620	36
621	40
622	23
623	38
624	36
625	49
626	30
627	33
628	38
629	36
630	35
631	34
632	34
633	34
634	34
635	32
636	26
637	35
638	36
639	32
640	41
641	60
642	260
643	800
644	1747
645	2402
646	2013
647	1126
648	392
649	119
650	40
651	28
652	34
653	30
654	18
655	28
656	28
657	15
658	12
659	16
660	11
661	20
662	20
663	22
664	27
665	25
666	18
667	26
668	19
669	27
670	27
671	19
672	21
673	22
674	25
675	37
676	26
677	21
678	22
679	22
680	20
681	25
682	26
683	29
684	13
685	24
686	30
687	26
688	15
689	23
690	20
691	21
692	15
693	32
694	20
695	15
696	21
697	32
698	28
699	21
700	24
701	33
702	18
703	20
704	21
705	28
706	28
707	16
708	18
709	20
710	22
711	17
712	21
713	19
714	22
715	29
716	20
717	23
718	27
719	23
720	21
721	18
722	23
723	25
724	21
725	27
726	15
727	15
728	16
729	31
730	17
731	20
732	13
733	22
734	17
735	21
736	20
737	20
738	13
739	22
740	27
741	17
742	16
743	19
744	23
745	8
746	22
747	14
748	13
749	12
750	21
751	15
752	24
753	12
754	13
755	14
756	17
757	17
758	25
759	16
760	14
761	17
762	24
763	17
764	28
765	14
766	16
767	15
768	12
769	15
770	8
771	21
772	18
773	13
774	29
775	17
776	9
777	13
778	11
779	13
780	16
781	21
782	15
783	20
784	25
785	14
786	14
787	14
788	22
789	16
790	18
791	22
792	9
793	15
794	18
795	19
796	16
797	7
798	23
799	17
800	34
801	51
802	125
803	309
804	416
805	410
806	283
807	108
808	46
809	19
810	10
811	16
812	19
813	16
814	13
815	11
816	10
817	24
818	20
819	11
820	10
821	17
822	15
823	14
824	15
825	17
826	9
827	13
828	14
829	19
830	14
831	11
832	13
833	13
834	17
835	7
836	13
837	8
838	15
839	17
840	9
841	20
842	35
843	51
844	46
845	48
846	27
847	22
848	13
849	15
850	11
851	13
852	15
853	7
854	11
855	12
856	13
857	7
858	10
859	10
860	7
861	12
862	9
863	11
864	8
865	12
866	16
867	33
868	77
869	85
870	63
871	36
872	29
873	16
874	12
875	9
876	17
877	12
878	10
879	11
880	11
881	16
882	7
883	14
884	18
885	16
886	9
887	11
888	14
889	14
890	10
891	14
892	18
893	10
894	20
895	9
896	7
897	11
898	8
899	13
900	13
901	7
902	12
903	9
904	9
905	5
906	9
907	14
908	11
909	16
910	8
911	13
912	7
913	4
914	9
915	13
916	14
917	11
918	6
919	17
920	12
921	11
922	8
923	8
924	18
925	19
926	13
927	7
928	8
929	15
930	13
931	10
932	15
933	13
934	9
935	9
936	15
937	4
938	12
939	8
940	11
941	11
942	18
943	3
944	11
945	18
946	9
947	14
948	22
949	76
950	157
951	255
952	267
953	198
954	87
955	35
956	11
957	14
958	16
959	16
960	11
961	7
962	6
963	9
964	10
965	12
966	9
967	11
968	9
969	5
970	7
971	9
972	4
973	9
974	9
975	9
976	8
977	14
978	10
979	7
980	11
981	8
982	9
983	9
984	7
985	13
986	19
987	16
988	29
989	21
990	20
991	9
992	11
993	14
994	6
995	10
996	12
997	5
998	9
999	5
1000	8
1001	8
1002	8
1003	9
1004	11
1005	8
1006	8
1007	7
1008	11
1009	11
1010	8
1011	6
1012	7
1013	7
1014	2
1015	5
1016	11
1017	7
1018	10
1019	7
1020	6
1021	10
1022	10
1023	8
1024	5
1025	8
1026	14
1027	11
1028	13
1029	9
1030	8
1031	9
1032	10
1033	4
1034	6
1035	8
1036	10
1037	8
1038	6
1039	7
1040	7
1041	7
1042	8
1043	6
1044	8
1045	3
1046	7
1047	3
1048	9
1049	8
1050	8
1051	12
1052	16
1053	19
1054	14
1055	12
1056	11
1057	8
1058	6
1059	5
1060	3
1061	7
1062	5
1063	10
1064	7
1065	12
1066	11
1067	4
1068	7
1069	10
1070	4
1071	8
1072	10
1073	11
1074	8
1075	15
1076	8
1077	3
1078	6
1079	14
1080	7
1081	6
1082	12
1083	9
1084	8
1085	19
1086	8
1087	12
1088	10
1089	13
1090	9
1091	6
1092	5
1093	9
1094	6
1095	9
1096	6
1097	7
1098	2
1099	5
1100	8
1101	7
1102	6
1103	5
1104	7
1105	5
1106	6
1107	11
1108	13
1109	6
1110	6
1111	3
1112	6
1113	7
1114	8
1115	12
1116	8
1117	8
1118	5
1119	8
1120	5
1121	8
1122	7
1123	5
1124	7
1125	5
1126	8
1127	11
1128	9
1129	9
1130	4
1131	6
1132	11
1133	5
1134	5
1135	6
1136	7
1137	14
1138	9
1139	11
1140	8
1141	10
1142	6
1143	9
1144	7
1145	6
1146	10
1147	1
1148	6
1149	5
1150	7
1151	5
1152	5
1153	6
1154	6
1155	3
1156	5
1157	9
1158	9
1159	9
1160	6
1161	2
1162	11
1163	4
1164	9
1165	2
1166	6
1167	4
1168	4
1169	6
1170	5
1171	7
1172	4
1173	6
1174	7
1175	5
1176	9
1177	10
1178	6
1179	8
1180	6
1181	10
1182	7
1183	7
1184	16
1185	6
1186	8
1187	5
1188	6
1189	8
1190	14
1191	22
1192	32
1193	34
1194	28
1195	19
1196	12
1197	11
1198	8
1199	4
1200	5
1201	9
1202	6
1203	5
1204	6
1205	5
1206	14
1207	8
1208	19
1209	17
1210	18
1211	9
1212	6
1213	6
1214	9
1215	8
1216	3
1217	7
1218	3
1219	5
1220	3
1221	5
1222	2
1223	7
1224	5
1225	7
1226	9
1227	6
1228	5
1229	7
1230	7
1231	8
1232	9
1233	8
1234	5
1235	8
1236	10
1237	8
1238	9
1239	6
1240	4
1241	7
1242	5
1243	7
1244	2
1245	6
1246	5
1247	12
1248	7
1249	9
1250	5
1251	9
1252	5
1253	10
1254	4
1255	4
1256	3
1257	6
1258	9
1259	8
1260	7
1261	8
1262	6
1263	8
1264	7
1265	6
1266	4
1267	9
1268	7
1269	7
1270	6
1271	8
1272	11
1273	6
1274	3
1275	8
1276	1
1277	12
1278	6
1279	4
1280	12
1281	4
1282	4
1283	6
1284	4
1285	3
1286	10
1287	10
1288	5
1289	5
1290	5
1291	2
1292	5
1293	3
1294	2
1295	4
1296	5
1297	11
1298	4
1299	11
1300	6
1301	6
1302	13
1303	2
1304	5
1305	10
1306	4
1307	9
1308	5
1309	9
1310	8
1311	7
1312	10
1313	5
1314	8
1315	5
1316	11
1317	4
1318	7
1319	8
1320	9
1321	6
1322	5
1323	2
1324	7
1325	5
1326	6
1327	7
1328	5
1329	7
1330	8
1331	6
1332	12
1333	5
1334	5
1335	6
1336	6
1337	5
1338	9
1339	3
1340	6
1341	7
1342	10
1343	5
1344	3
1345	3
1346	10
1347	6
1348	8
1349	5
1350	7
1351	5
1352	5
1353	6
1354	7
1355	5
1356	5
1357	3
1358	5
1359	7
1360	3
1361	4
1362	5
1363	7
1364	6
1365	11
1366	5
1367	7
1368	6
1369	8
1370	7
1371	6
1372	9
1373	3
1374	4
1375	5
1376	8
1377	9
1378	3
1379	7
1380	11
1381	5
1382	1
1383	6
1384	5
1385	7
1386	14
1387	8
1388	8
1389	6
1390	7
1391	4
1392	3
1393	5
1394	9
1395	5
1396	3
1397	12
1398	7
1399	4
1400	5
1401	4
1402	6
1403	8
1404	2
1405	5
1406	7
1407	4
1408	10
1409	5
1410	5
1411	5
1412	9
1413	3
1414	4
1415	6
1416	10
1417	7
1418	7
1419	8
1420	7
1421	9
1422	2
1423	3
1424	8
1425	8
1426	5
1427	2
1428	6
1429	7
1430	2
1431	6
1432	7
1433	8
1434	7
1435	6
1436	4
1437	4
1438	2
1439	4
1440	3
1441	10
1442	7
1443	8
1444	3
1445	1
1446	4
1447	4
1448	4
1449	6
1450	6
1451	3
1452	9
1453	8
1454	5
1455	7
1456	10
1457	9
1458	4
1459	7
1460	5
1461	7
1462	1
1463	4
1464	8
1465	11
1466	6
1467	7
1468	8
1469	9
1470	5
1471	8
1472	6
1473	10
1474	4
1475	7
1476	5
1477	9
1478	10
1479	5
1480	7
1481	3
1482	8
1483	3
1484	3
1485	3
1486	4
1487	4
1488	5
1489	9
1490	7
1491	8
1492	2
1493	9
1494	3
1495	8
1496	3
1497	5
1498	3
1499	7
1500	6
1501	4
1502	7
1503	9
1504	6
1505	5
1506	10
1507	5
1508	7
1509	4
1510	4
1511	3
1512	4
1513	3
1514	5
1515	4
1516	4
1517	4
1518	7
1519	10
1520	2
1521	14
1522	6
1523	5
1524	3
1525	11
1526	3
1527	7
1528	9
1529	6
1530	5
1531	5
1532	8
1533	4
1534	5
1535	6
1536	7
1537	4
1538	3
1539	2
1540	2
1541	4
1542	6
1543	8
1544	16
1545	5
1546	4
1547	4
1548	4
1549	6
1550	5
1551	8
1552	3
1553	6
1554	6
1555	7
1556	5
1557	6
1558	3
1559	5
1560	6
1561	5
1562	4
1563	6
1564	8
1565	4
1566	3
1567	6
1568	5
1569	6
1570	7
1571	6
1572	2
1573	5
1574	5
1575	1
1576	7
1577	3
1578	8
1579	1
1580	8
1581	7
1582	3
1583	9
1584	7
1585	2
1586	7
1587	9
1588	9
1589	6
1590	15
1591	2
1592	5
1593	5
1594	4
1595	11
1596	3
1597	7
1598	2
1599	1
1600	4
1601	7
1602	11
1603	3
1604	4
1605	5
1606	11
1607	2
1608	6
1609	5
1610	3
1611	7
1612	13
1613	20
1614	24
1615	24
1616	10
1617	14
1618	4
1619	8
1620	7
1621	4
1622	5
1623	5
1624	6
1625	1
1626	6
1627	4
1628	6
1629	8
1630	9
1631	2
1632	5
1633	9
1634	5
1635	4
1636	3
1637	7
1638	4
1639	4
1640	6
1641	5
1642	3
1643	9
1644	5
1645	5
1646	4
1647	5
1648	3
1649	6
1650	5
1651	4
1652	7
1653	3
1654	3
1655	1
1656	5
1657	11
1658	7
1659	7
1660	8
1661	6
1662	4
1663	9
1664	4
1665	6
1666	11
1667	5
1668	9
1669	5
1670	14
1671	14
1672	11
1673	15
1674	14
1675	7
1676	5
1677	5
1678	4
1679	9
1680	3
1681	9
1682	8
1683	3
1684	7
1685	6
1686	1
1687	8
1688	1
1689	7
1690	5
1691	8
1692	2
1693	9
1694	4
1695	5
1696	7
1697	9
1698	5
1699	2
1700	1
1701	7
1702	3
1703	2
1704	3
1705	5
1706	8
1707	6
1708	0
1709	5
1710	6
1711	5
1712	7
1713	7
1714	4
1715	4
1716	4
1717	4
1718	4
1719	4
1720	6
1721	4
1722	2
1723	1
1724	0
1725	6
1726	8
1727	3
1728	5
1729	5
1730	4
1731	3
1732	6
1733	4
1734	4
1735	3
1736	3
1737	2
1738	7
1739	11
1740	6
1741	7
1742	10
1743	4
1744	6
1745	5
1746	2
1747	6
1748	3
1749	9
1750	6
1751	7
1752	4
1753	5
1754	4
1755	10
1756	14
1757	18
1758	30
1759	35
1760	44
1761	14
1762	18
1763	14
1764	11
1765	7
1766	3
1767	2
1768	6
1769	4
1770	3
1771	5
1772	3
1773	7
1774	5
1775	6
1776	10
1777	9
1778	3
1779	4
1780	6
1781	5
1782	1
1783	4
1784	1
1785	8
1786	3
1787	14
1788	18
1789	28
1790	60
1791	48
1792	64
1793	36
1794	12
1795	18
1796	11
1797	4
1798	1
1799	6
1800	3
1801	5
1802	4
1803	7
1804	10
1805	3
1806	5
1807	5
1808	4
1809	9
1810	4
1811	8
1812	5
1813	9
1814	2
1815	7
1816	7
1817	5
1818	5
1819	9
1820	5
1821	7
1822	3
1823	4
1824	7
1825	7
1826	3
1827	4
1828	11
1829	6
1830	6
1831	9
1832	6
1833	5
1834	4
1835	4
1836	8
1837	6
1838	7
1839	8
1840	4
1841	6
1842	6
1843	3
1844	8
1845	7
1846	7
1847	12
1848	3
1849	12
1850	7
1851	9
1852	8
1853	4
1854	4
1855	11
1856	12
1857	10
1858	3
1859	3
1860	6
1861	6
1862	4
1863	3
1864	3
1865	8
1866	8
1867	5
1868	11
1869	7
1870	7
1871	4
1872	1
1873	5
1874	7
1875	5
1876	7
1877	3
1878	4
1879	8
1880	3
1881	6
1882	4
1883	4
1884	5
1885	2
1886	8
1887	6
1888	4
1889	5
1890	6
1891	9
1892	9
1893	4
1894	6
1895	1
1896	5
1897	7
1898	7
1899	9
1900	8
1901	7
1902	7
1903	8
1904	7
1905	8
1906	8
1907	4
1908	7
1909	7
1910	7
1911	1
1912	6
1913	7
1914	13
1915	5
1916	7
1917	6
1918	9
1919	7
1920	6
1921	9
1922	5
1923	4
1924	7
1925	9
1926	8
1927	6
1928	11
1929	9
1930	7
1931	5
1932	6
1933	5
1934	3
1935	3
1936	3
1937	3
1938	5
1939	7
1940	11
1941	4
1942	3
1943	9
1944	3
1945	9
1946	8
1947	13
1948	8
1949	9
1950	11
1951	6
1952	4
1953	7
1954	5
1955	6
1956	7
1957	2
1958	8
1959	9
1960	5
1961	7
1962	5
1963	6
1964	7
1965	9
1966	7
1967	6
1968	3
1969	5
1970	12
1971	7
1972	8
1973	9
1974	4
1975	10
1976	6
1977	7
1978	3
1979	6
1980	7
1981	7
1982	12
1983	5
1984	5
1985	5
1986	7
1987	5
1988	4
1989	4
1990	9
1991	5
1992	8
1993	7
1994	9
1995	17
1996	11
1997	10
1998	12
1999	14
2000	4
2001	8
2002	8
2003	4
2004	5
2005	14
2006	9
2007	10
2008	5
2009	4
2010	11
2011	9
2012	6
2013	1
2014	4
2015	7
2016	8
2017	8
2018	6
2019	10
2020	9
2021	6
2022	6
2023	2
2024	4
2025	8
2026	10
2027	8
2028	7
2029	8
2030	12
2031	6
2032	6
2033	15
2034	6
2035	5
2036	2
2037	4
2038	8
2039	3
2040	9
2041	5
2042	7
2043	10
2044	5
2045	10
2046	3
2047	8
2048	6
2049	13
2050	9
2051	5
2052	15
2053	6
2054	14
2055	8
2056	7
2057	4
2058	6
2059	6
2060	6
2061	10
2062	7
2063	4
2064	6
2065	6
2066	9
2067	4
2068	8
2069	8
2070	7
2071	12
2072	8
2073	5
2074	6
2075	9
2076	6
2077	4
2078	5
2079	5
2080	9
2081	18
2082	3
2083	9
2084	7
2085	4
2086	7
2087	11
2088	10
2089	7
2090	8
2091	9
2092	6
2093	7
2094	8
2095	10
2096	5
2097	7
2098	9
2099	5
2100	4
2101	12
2102	5
2103	5
2104	11
2105	10
2106	12
2107	6
2108	10
2109	6
2110	6
2111	6
2112	3
2113	9
2114	8
2115	9
2116	13
2117	12
2118	5
2119	4
2120	7
2121	6
2122	13
2123	9
2124	6
2125	5
2126	6
2127	8
2128	9
2129	5
2130	8
2131	5
2132	17
2133	9
2134	4
2135	10
2136	7
2137	7
2138	8
2139	4
2140	5
2141	9
2142	6
2143	4
2144	4
2145	7
2146	6
2147	7
2148	6
2149	6
2150	8
2151	2
2152	5
2153	3
2154	13
2155	6
2156	5
2157	5
2158	10
2159	8
2160	10
2161	7
2162	4
2163	6
2164	8
2165	2
2166	9
2167	12
2168	11
2169	10
2170	6
2171	8
2172	7
2173	9
2174	9
2175	9
2176	11
2177	7
2178	7
2179	4
2180	5
2181	3
2182	8
2183	15
2184	12
2185	7
2186	8
2187	6
2188	10
2189	12
2190	4
2191	5
2192	6
2193	11
2194	6
2195	4
2196	10
2197	11
2198	5
2199	15
2200	6
2201	9
2202	4
2203	8
2204	3
2205	10
2206	5
2207	9
2208	9
2209	7
2210	11
2211	9
2212	7
2213	7
2214	9
2215	5
2216	7
2217	8
2218	6
2219	11
2220	7
2221	10
2222	7
2223	3
2224	8
2225	9
2226	8
2227	7
2228	7
2229	9
2230	14
2231	6
2232	12
2233	8
2234	4
2235	6
2236	12
2237	16
2238	6
2239	10
2240	3
2241	8
2242	3
2243	5
2244	11
2245	11
2246	12
2247	8
2248	10
2249	7
2250	12
2251	12
2252	4
2253	4
2254	4
2255	8
2256	5
2257	7
2258	5
2259	6
2260	11
2261	10
2262	12
2263	12
2264	7
2265	6
2266	7
2267	5
2268	13
2269	9
2270	10
2271	12
2272	9
2273	8
2274	7
2275	10
2276	9
2277	6
2278	4
2279	9
2280	9
2281	6
2282	12
2283	9
2284	9
2285	11
2286	12
2287	9
2288	5
2289	9
2290	7
2291	7
2292	9
2293	13
2294	14
2295	8
2296	7
2297	7
2298	12
2299	14
2300	9
2301	10
2302	6
2303	6
2304	8
2305	9
2306	15
2307	5
2308	7
2309	4
2310	6
2311	7
2312	9
2313	9
2314	13
2315	11
2316	4
2317	11
2318	13
2319	20
2320	20
2321	35
2322	53
2323	80
2324	69
2325	97
2326	57
2327	34
2328	40
2329	18
2330	14
2331	19
2332	15
2333	11
2334	7
2335	7
2336	3
2337	8
2338	4
2339	8
2340	13
2341	10
2342	5
2343	11
2344	10
2345	13
2346	9
2347	11
2348	10
2349	18
2350	13
2351	7
2352	14
2353	5
2354	15
2355	3
2356	4
2357	12
2358	5
2359	6
2360	10
2361	13
2362	12
2363	10
2364	7
2365	12
2366	9
2367	10
2368	10
2369	5
2370	9
2371	10
2372	16
2373	12
2374	5
2375	11
2376	12
2377	16
2378	9
2379	12
2380	7
2381	11
2382	12
2383	13
2384	9
2385	14
2386	6
2387	16
2388	12
2389	20
2390	6
2391	11
2392	7
2393	13
2394	16
2395	11
2396	9
2397	9
2398	13
2399	13
2400	8
2401	8
2402	10
2403	6
2404	11
2405	11
2406	15
2407	14
2408	10
2409	9
2410	8
2411	10
2412	10
2413	17
2414	17
2415	9
2416	9
2417	17
2418	5
2419	5
2420	6
2421	12
2422	16
2423	14
2424	12
2425	11
2426	11
2427	9
2428	16
2429	5
2430	7
2431	13
2432	10
2433	10
2434	16
2435	14
2436	11
2437	14
2438	10
2439	14
2440	13
2441	14
2442	10
2443	11
2444	11
2445	13
2446	10
2447	12
2448	9
2449	12
2450	9
2451	13
2452	16
2453	8
2454	10
2455	10
2456	16
2457	8
2458	7
2459	23
2460	14
2461	10
2462	11
2463	15
2464	11
2465	11
2466	14
2467	10
2468	10
2469	11
2470	15
2471	13
2472	9
2473	10
2474	8
2475	16
2476	6
2477	16
2478	13
2479	17
2480	12
2481	13
2482	17
2483	11
2484	9
2485	9
2486	16
2487	15
2488	18
2489	15
2490	6
2491	15
2492	13
2493	18
2494	16
2495	15
2496	17
2497	14
2498	14
2499	19
2500	17
2501	16
2502	8
2503	16
2504	17
2505	13
2506	13
2507	19
2508	18
2509	15
2510	13
2511	12
2512	10
2513	18
2514	13
2515	10
2516	17
2517	13
2518	13
2519	12
2520	19
2521	14
2522	9
2523	14
2524	15
2525	14
2526	12
2527	10
2528	16
2529	14
2530	12
2531	12
2532	18
2533	13
2534	13
2535	12
2536	17
2537	18
2538	20
2539	17
2540	13
2541	14
2542	14
2543	6
2544	17
2545	16
2546	12
2547	19
2548	17
2549	11
2550	19
2551	13
2552	12
2553	23
2554	12
2555	22
2556	18
2557	28
2558	10
2559	20
2560	21
2561	23
2562	13
2563	12
2564	12
2565	14
2566	8
2567	16
2568	20
2569	12
2570	15
2571	18
2572	20
2573	23
2574	15
2575	13
2576	15
2577	22
2578	22
2579	16
2580	16
2581	17
2582	15
2583	17
2584	16
2585	8
2586	29
2587	17
2588	20
2589	15
2590	18
2591	10
2592	16
2593	17
2594	24
2595	19
2596	17
2597	15
2598	19
2599	15
2600	18
2601	25
2602	20
2603	24
2604	17
2605	20
2606	16
2607	13
2608	17
2609	19
2610	15
2611	19
2612	26
2613	21
2614	21
2615	15
2616	17
2617	18
2618	19
2619	18
2620	19
2621	12
2622	13
2623	17
2624	10
2625	12
2626	19
2627	13
2628	18
2629	16
2630	16
2631	18
2632	20
2633	21
2634	13
2635	10
2636	16
2637	23
2638	15
2639	16
2640	11
2641	11
2642	15
2643	13
2644	10
2645	12
2646	13
2647	16
2648	18
2649	12
2650	22
2651	17
2652	11
2653	15
2654	16
2655	16
2656	7
2657	12
2658	10
2659	9
2660	9
2661	19
2662	8
2663	13
2664	9
2665	14
2666	10
2667	14
2668	8
2669	8
2670	13
2671	7
2672	9
2673	12
2674	8
2675	9
2676	17
2677	11
2678	7
2679	17
2680	10
2681	12
2682	8
2683	12
2684	6
2685	12
2686	7
2687	8
2688	9
2689	12
2690	17
2691	11
2692	10
2693	15
2694	17
2695	4
2696	5
2697	8
2698	8
2699	5
2700	13
2701	9
2702	11
2703	9
2704	10
2705	5
2706	10
2707	9
2708	10
2709	9
2710	3
2711	8
2712	11
2713	8
2714	5
2715	8
2716	6
2717	6
2718	8
2719	5
2720	8
2721	7
2722	7
2723	11
2724	12
2725	10
2726	7
2727	11
2728	8
2729	7
2730	7
2731	9
2732	10
2733	4
2734	4
2735	5
2736	5
2737	10
2738	11
2739	9
2740	4
2741	6
2742	5
2743	4
2744	4
2745	7
2746	6
2747	5
2748	3
2749	7
2750	12
2751	5
2752	6
2753	4
2754	5
2755	0
2756	7
2757	3
2758	5
2759	3
2760	5
2761	6
2762	5
2763	0
2764	4
2765	4
2766	2
2767	2
2768	3
2769	2
2770	2
2771	3
2772	6
2773	0
2774	1
2775	2
2776	2
2777	3
2778	4
2779	1
2780	0
2781	0
2782	5
2783	1
2784	3
2785	7
2786	1
2787	2
2788	3
2789	2
2790	1
2791	2
2792	2
2793	2
2794	0
2795	3
2796	3
2797	0
2798	1
2799	0
2800	2
2801	1
2802	1
2803	2
2804	0
2805	7
2806	5
2807	1
2808	0
2809	1
2810	2
2811	4
2812	3
2813	0
2814	4
2815	0
2816	0
2817	3
2818	1
2819	1
2820	1
2821	2
2822	1
2823	3
2824	1
2825	3
2826	4
2827	2
2828	1
2829	2
2830	1
2831	4
2832	1
2833	2
2834	0
2835	2
2836	3
2837	1
2838	1
2839	1
2840	2
2841	0
2842	1
2843	4
2844	2
2845	1
2846	2
2847	0
2848	1
2849	1
2850	0
2851	0
2852	1
2853	0
2854	2
2855	3
2856	3
2857	2
2858	2
2859	2
2860	0
2861	2
2862	0
2863	1
2864	1
2865	0
2866	2
2867	1
2868	4
2869	3
2870	0
2871	1
2872	2
2873	2
2874	2
2875	2
2876	3
2877	1
2878	1
2879	3
2880	3
2881	2
2882	8
2883	32
2884	70
2885	179
2886	342
2887	545
2888	721
2889	762
2890	631
2891	481
2892	266
2893	130
2894	43
2895	15
2896	2
2897	3
2898	0
2899	1
2900	0
2901	2
2902	0
2903	1
2904	2
2905	0
2906	2
2907	1
2908	2
2909	2
2910	0
2911	2
2912	1
2913	0
2914	0
2915	1
2916	1
2917	0
2918	0
2919	1
2920	1
2921	1
2922	1
2923	0
2924	1
2925	1
2926	0
2927	0
2928	2
2929	0
2930	0
2931	0
2932	0
2933	1
2934	0
2935	0
2936	0
2937	0
2938	0
2939	0
2940	1
2941	0
2942	0
2943	1
2944	1
2945	1
2946	0
2947	0
2948	0
2949	0
2950	0
2951	0
2952	0
2953	1
2954	0
2955	0
2956	0
2957	0
2958	2
2959	1
2960	0
2961	0
2962	0
2963	0
2964	1
2965	2
2966	0
2967	1
2968	1
2969	0
2970	0
2971	1
2972	0
2973	0
2974	0
2975	0
2976	2
2977	1
2978	0
2979	0
2980	0
2981	0
2982	0
2983	0
2984	1
2985	0
2986	1
2987	0
2988	0
2989	1
2990	0
2991	0
2992	0
2993	1
2994	0
2995	0
2996	0
2997	0
2998	0
2999	1
3000	0
3001	0
3002	0
3003	0
3004	0
3005	1
3006	0
3007	0
3008	0
3009	0
3010	0
3011	0
3012	0
3013	0
3014	0
3015	1
3016	0
3017	0
3018	0
3019	0
3020	0
3021	0
3022	0
3023	3
3024	0
3025	0
3026	0
3027	0
3028	0
3029	0
3030	1
3031	1
3032	0
3033	0
3034	0
3035	0
3036	3
3037	0
3038	0
3039	0
3040	0
3041	0
3042	0
3043	0
3044	0
3045	0
3046	0
3047	0
3048	0
3049	0
3050	0
3051	0
3052	0
3053	0
3054	0
3055	1
3056	0
3057	1
3058	0
3059	0
3060	0
3061	0
3062	0
3063	1
3064	0
3065	1
3066	0
3067	1
3068	1
3069	0
3070	0
3071	0
3072	0
3073	0
3074	0
3075	0
3076	0
3077	0
3078	0
3079	0
3080	0
3081	0
3082	0
3083	1
3084	0
3085	1
3086	0
3087	0
3088	1
3089	1
3090	0
3091	0
3092	0
3093	1
3094	0
3095	0
3096	1
3097	0
3098	0
3099	0
3100	2
3101	0
3102	1
3103	2
3104	0
3105	0
3106	0
3107	0
3108	1
3109	0
3110	0
3111	1
3112	0
3113	0
3114	0
3115	0
3116	0
3117	0
3118	0
3119	0
3120	0
3121	0
3122	0
3123	0
3124	0
3125	0
3126	0
3127	0
3128	0
3129	1
3130	0
3131	1
3132	0
3133	0
3134	0
3135	0
3136	0
3137	0
3138	0
3139	0
3140	0
3141	1
3142	2
3143	0
3144	1
3145	0
3146	1
3147	0
3148	0
3149	0
3150	3
3151	1
3152	0
3153	0
3154	0
3155	0
3156	1
3157	1
3158	0
3159	1
3160	0
3161	0
3162	1
3163	1
3164	0
3165	0
3166	0
3167	1
3168	0
3169	1
3170	0
3171	0
3172	0
3173	0
3174	0
3175	0
3176	0
3177	0
3178	0
3179	0
3180	1
3181	0
3182	1
3183	0
3184	0
3185	0
3186	0
3187	0
3188	0
3189	0
3190	0
3191	0
3192	1
3193	1
3194	0
3195	0
3196	1
3197	0
3198	0
3199	0
3200	0
3201	0
3202	0
3203	0
3204	1
3205	0
3206	0
3207	1
3208	0
3209	0
3210	0
3211	0
3212	0
3213	1
3214	0
3215	0
3216	0
3217	0
3218	0
3219	0
3220	0
3221	0
3222	1
3223	0
3224	0
3225	0
3226	0
3227	0
3228	0
3229	0
3230	0
3231	0
3232	0
3233	0
3234	0
3235	0
3236	0
3237	1
3238	0
3239	0
3240	0
3241	0
3242	0
3243	0
3244	0
3245	0
3246	0
3247	0
3248	0
3249	0
3250	0
3251	0
3252	1
3253	0
3254	0
3255	0
3256	0
3257	0
3258	0
3259	0
3260	1
3261	0
3262	0
3263	0
3264	0
3265	0
3266	0
3267	1
3268	0
3269	0
3270	0
3271	0
3272	0
3273	0
3274	0
3275	0
3276	0
3277	0
3278	0
3279	0
3280	0
3281	0
3282	0
3283	0
3284	0
3285	0
3286	0
3287	0
3288	0
3289	0
3290	0
3291	0
3292	0
3293	0
3294	0
3295	0
3296	0
3297	0
3298	0
3299	0
3300	0
3301	1
3302	0
3303	0
3304	0
3305	0
3306	0
3307	0
3308	0
3309	0
3310	0
3311	0
3312	0
3313	0
3314	0
3315	0
3316	0
3317	0
3318	0
3319	0
3320	0
3321	0
3322	0
3323	0
3324	0
3325	0
3326	0
3327	0
3328	0
3329	0
3330	0
3331	0
3332	0
3333	0
3334	0
3335	0
3336	0
3337	0
3338	0
3339	0
3340	0
3341	0
3342	0
3343	0
3344	0
3345	0
3346	0
3347	0
3348	1
3349	0
3350	1
3351	0
3352	0
3353	0
3354	1
3355	0
3356	0
3357	1
3358	0
3359	0
3360	0
3361	0
3362	0
3363	0
3364	0
3365	0
3366	0
3367	0
3368	1
3369	1
3370	0
3371	0
3372	0
3373	0
3374	0
3375	0
3376	0
3377	0
3378	0
3379	0
3380	0
3381	0
3382	0
3383	0
3384	0
3385	0
3386	0
3387	0
3388	0
3389	0
3390	0
3391	0
3392	0
3393	0
3394	0
3395	0
3396	0
3397	0
3398	0
3399	0
3400	0
3401	0
3402	0
3403	0
3404	0
3405	0
3406	0
3407	0
3408	1
3409	0
3410	0
3411	0
3412	0
3413	0
3414	0
3415	0
3416	0
3417	0
3418	0
3419	0
3420	0
3421	0
3422	0
3423	0
3424	0
3425	0
3426	0
3427	0
3428	0
3429	0
3430	0
3431	0
3432	0
3433	1
3434	1
3435	0
3436	0
3437	0
3438	0
3439	0
3440	0
3441	0
3442	0
3443	0
3444	0
3445	0
3446	0
3447	0
3448	1
3449	0
3450	0
3451	0
3452	0
3453	0
3454	0
3455	0
3456	0
3457	1
3458	0
3459	0
3460	0
3461	0
3462	0
3463	0
3464	0
3465	0
3466	0
3467	0
3468	0
3469	0
3470	0
3471	0
3472	0
3473	0
3474	0
3475	0
3476	0
3477	0
3478	0
3479	0
3480	0
3481	0
3482	0
3483	0
3484	0
3485	0
3486	0
3487	0
3488	0
3489	0
3490	0
3491	0
3492	0
3493	0
3494	0
3495	0
3496	0
3497	0
3498	0
3499	0
3500	0
3501	0
3502	0
3503	0
3504	0
3505	0
3506	0
3507	0
3508	0
3509	0
3510	0
3511	0
3512	1
3513	0
3514	0
3515	0
3516	0
3517	0
3518	0
3519	0
3520	0
3521	0
3522	0
3523	0
3524	0
3525	0
3526	0
3527	0
3528	0
3529	0
3530	0
3531	1
3532	0
3533	0
3534	0
3535	1
3536	0
3537	0
3538	0
3539	0
3540	0
3541	0
3542	0
3543	0
3544	0
3545	0
3546	0
3547	0
3548	0
3549	0
3550	0
3551	0
3552	0
3553	0
3554	0
3555	0
3556	0
3557	0
3558	0
3559	0
3560	1
3561	0
3562	0
3563	0
3564	0
3565	0
3566	0
3567	0
3568	0
3569	0
3570	0
3571	0
3572	0
3573	0
3574	0
3575	0
3576	0
3577	0
3578	0
3579	0
3580	0
3581	0
3582	0
3583	0
3584	0
3585	0
3586	0
3587	0
3588	0
3589	0
3590	0
3591	0
3592	0
3593	0
3594	0
3595	0
3596	0
3597	0
3598	0
3599	0
3600	0
3601	0
3602	0
3603	0
3604	0
3605	0
3606	0
3607	0
3608	0
3609	0
3610	0
3611	0
3612	0
3613	0
3614	0
3615	0
3616	0
3617	0
3618	0
3619	0
3620	0
3621	0
3622	0
3623	0
3624	0
3625	0
3626	0
3627	0
3628	0
3629	0
3630	0
3631	0
3632	0
3633	0
3634	0
3635	0
3636	0
3637	0
3638	0
3639	0
3640	0
3641	0
3642	0
3643	0
3644	0
3645	0
3646	0
3647	0
3648	0
3649	0
3650	0
3651	1
3652	0
3653	0
3654	0
3655	0
3656	0
3657	0
3658	0
3659	0
3660	0
3661	0
3662	0
3663	0
3664	0
3665	0
3666	0
3667	0
3668	0
3669	0
3670	0
3671	0
3672	0
3673	0
3674	0
3675	0
3676	0
3677	0
3678	0
3679	0
3680	0
3681	0
3682	0
3683	0
3684	0
3685	0
3686	0
3687	0
3688	0
3689	0
3690	0
3691	0
3692	0
3693	0
3694	0
3695	0
3696	0
3697	0
3698	0
3699	0
3700	0
3701	0
3702	0
3703	0
3704	0
3705	0
3706	0
3707	0
3708	0
3709	0
3710	0
3711	0
3712	0
3713	0
3714	0
3715	0
3716	1
3717	0
3718	0
3719	0
3720	0
3721	0
3722	0
3723	0
3724	0
3725	0
3726	0
3727	0
3728	0
3729	0
3730	0
3731	0
3732	0
3733	0
3734	0
3735	0
3736	0
3737	0
3738	0
3739	0
3740	0
3741	0
3742	0
3743	0
3744	0
3745	0
3746	0
3747	0
3748	0
3749	0
3750	0
3751	0
3752	0
3753	0
3754	0
3755	0
3756	0
3757	0
3758	0
3759	0
3760	0
3761	0
3762	0
3763	0
3764	0
3765	0
3766	0
3767	0
3768	0
3769	0
3770	0
3771	0
3772	0
3773	0
3774	0
3775	0
3776	0
3777	0
3778	0
3779	0
3780	0
3781	0
3782	0
3783	0
3784	0
3785	0
3786	0
3787	0
3788	0
3789	0
3790	0
3791	0
3792	0
3793	0
3794	0
3795	0
3796	0
3797	0
3798	0
3799	0
3800	0
3801	0
3802	0
3803	0
3804	0
3805	0
3806	0
3807	0
3808	0
3809	0
3810	0
3811	0
3812	0
3813	0
3814	0
3815	0
3816	0
3817	0
3818	0
3819	0
3820	0
3821	0
3822	0
3823	0
3824	0
3825	0
3826	0
3827	0
3828	0
3829	0
3830	0
3831	0
3832	0
3833	0
3834	0
3835	0
3836	0
3837	0
3838	0
3839	1
3840	0
3841	0
3842	0
3843	0
3844	0
3845	0
3846	0
3847	0
3848	0
3849	0
3850	0
3851	0
3852	0
3853	0
3854	0
3855	0
3856	0
3857	0
3858	0
3859	0
3860	0
3861	0
3862	0
3863	0
3864	0
3865	1
3866	0
3867	0
3868	0
3869	0
3870	0
3871	0
3872	0
3873	0
3874	0
3875	0
3876	0
3877	0
3878	0
3879	0
3880	0
3881	0
3882	0
3883	0
3884	0
3885	0
3886	0
3887	0
3888	0
3889	0
3890	0
3891	0
3892	0
3893	0
3894	0
3895	0
3896	0
3897	0
3898	0
3899	0
3900	0
3901	0
3902	0
3903	0
3904	0
3905	0
3906	0
3907	0
3908	0
3909	0
3910	0
3911	0
3912	0
3913	0
3914	0
3915	0
3916	0
3917	0
3918	0
3919	0
3920	0
3921	0
3922	0
3923	0
3924	0
3925	0
3926	0
3927	0
3928	0
3929	0
3930	0
3931	0
3932	0
3933	0
3934	0
3935	0
3936	0
3937	0
3938	0
3939	0
3940	0
3941	0
3942	0
3943	0
3944	0
3945	0
3946	0
3947	0
3948	0
3949	0
3950	0
3951	0
3952	0
3953	0
3954	0
3955	0
3956	0
3957	0
3958	0
3959	0
3960	0
3961	0
3962	0
3963	0
3964	0
3965	0
3966	0
3967	0
3968	0
3969	0
3970	0
3971	0
3972	0
3973	0
3974	0
3975	0
3976	0
3977	0
3978	0
3979	0
3980	0
3981	0
3982	0
3983	0
3984	0
3985	0
3986	0
3987	0
3988	0
3989	0
3990	0
3991	0
3992	0
3993	0
3994	0
3995	0
3996	0
3997	0
3998	0
3999	0
4000	0
4001	0
4002	0
4003	0
4004	0
4005	0
4006	0
4007	0
4008	0
4009	0
4010	0
4011	0
4012	0
4013	0
4014	0
4015	0
4016	0
4017	0
4018	0
4019	0
4020	0
4021	0
4022	0
4023	0
4024	0
4025	0
4026	0
4027	0
4028	0
4029	0
4030	0
4031	0
4032	0
4033	0
4034	0
4035	0
4036	0
4037	0
4038	0
4039	0
4040	0
4041	0
4042	0
4043	0
4044	0
4045	0
4046	0
4047	0
4048	0
4049	0
4050	0
4051	0
4052	0
4053	0
4054	0
4055	0
4056	0
4057	0
4058	0
4059	0
4060	0
4061	0
4062	0
4063	0
4064	0
4065	0
4066	0
4067	0
4068	0
4069	0
4070	0
4071	0
4072	0
4073	0
4074	0
4075	0
4076	0
4077	0
4078	0
4079	1
4080	0
4081	0
4082	0
4083	0
4084	0
4085	0
4086	0
4087	0
4088	0
4089	0
4090	0
4091	0
4092	0
4093	0
4094	0
4095	0
4096	0
4097	0
4098	1
4099	0
4100	0
4101	0
4102	0
4103	0
4104	0
4105	0
4106	0
4107	0
4108	0
4109	0
4110	0
4111	0
4112	0
4113	0
4114	0
4115	0
4116	0
4117	0
4118	0
4119	0
4120	0
4121	0
4122	0
4123	0
4124	0
4125	0
4126	0
4127	0
4128	0
4129	0
4130	0
4131	0
4132	0
4133	0
4134	0
4135	0
4136	0
4137	0
4138	0
4139	0
4140	0
4141	0
4142	0
4143	0
4144	0
4145	0
4146	0
4147	0
4148	0
4149	0
4150	0
4151	0
4152	0
4153	0
4154	0
4155	0
4156	0
4157	0
4158	0
4159	1
4160	0
4161	0
4162	0
4163	0
4164	0
4165	0
4166	0
4167	0
4168	0
4169	0
4170	0
4171	0
4172	0
4173	0
4174	0
4175	0
4176	0
4177	0
4178	0
4179	0
4180	0
4181	0
4182	0
4183	0
4184	0
4185	0
4186	0
4187	0
4188	0
4189	0
4190	0
4191	0
4192	0
4193	0
4194	0
4195	0
4196	0
4197	0
4198	0
4199	0
4200	0
4201	0
4202	0
4203	0
4204	0
4205	0
4206	0
4207	0
4208	0
4209	0
4210	0
4211	0
4212	0
4213	0
4214	0
4215	0
4216	0
4217	0
4218	0
4219	0
4220	0
4221	0
4222	0
4223	0
4224	0
4225	0
4226	0
4227	0
4228	0
4229	0
4230	0
4231	0
4232	0
4233	0
4234	0
4235	0
4236	0
4237	0
4238	0
4239	0
4240	0
4241	0
4242	0
4243	0
4244	0
4245	0
4246	0
4247	0
4248	0
4249	0
4250	0
4251	0
4252	0
4253	0
4254	0
4255	0
4256	0
4257	0
4258	0
4259	0
4260	0
4261	0
4262	0
4263	0
4264	0
4265	0
4266	0
4267	0
4268	0
4269	0
4270	0
4271	0
4272	0
4273	0
4274	0
4275	0
4276	0
4277	0
4278	0
4279	0
4280	0
4281	0
4282	0
4283	0
4284	0
4285	0
4286	0
4287	0
4288	0
4289	0
4290	0
4291	0
4292	0
4293	0
4294	0
4295	0
4296	0
4297	0
4298	0
4299	0
4300	0
4301	0
4302	0
4303	0
4304	0
4305	0
4306	0
4307	0
4308	0
4309	0
4310	0
4311	0
4312	0
4313	0
4314	0
4315	0
4316	0
4317	0
4318	0
4319	0
4320	0
4321	0
4322	0
4323	0
4324	0
4325	0
4326	0
4327	0
4328	0
4329	0
4330	0
4331	0
4332	0
4333	0
4334	0
4335	0
4336	0
4337	0
4338	0
4339	0
4340	0
4341	0
4342	0
4343	0
4344	1
4345	0
4346	0
4347	0
4348	0
4349	0
4350	0
4351	0
4352	0
4353	0
4354	0
4355	0
4356	0
4357	0
4358	0
4359	0
4360	0
4361	0
4362	0
4363	0
4364	0
4365	0
4366	0
4367	0
4368	0
4369	0
4370	0
4371	0
4372	0
4373	0
4374	0
4375	0
4376	0
4377	0
4378	0
4379	0
4380	0
4381	0
4382	0
4383	0
4384	0
4385	0
4386	0
4387	0
4388	0
4389	0
4390	0
4391	0
4392	0
4393	0
4394	0
4395	0
4396	0
4397	0
4398	0
4399	0
4400	0
4401	0
4402	0
4403	0
4404	0
4405	0
4406	0
4407	0
4408	0
4409	0
4410	0
4411	0
4412	0
4413	0
4414	0
4415	0
4416	0
4417	0
4418	0
4419	0
4420	0
4421	0
4422	0
4423	0
4424	0
4425	0
4426	0
4427	0
4428	0
4429	0
4430	0
4431	0
4432	0
4433	0
4434	0
4435	0
4436	0
4437	0
4438	0
4439	0
4440	0
4441	0
4442	0
4443	0
4444	0
4445	0
4446	0
4447	0
4448	0
4449	0
4450	0
4451	0
4452	0
4453	0
4454	0
4455	0
4456	0
4457	0
4458	0
4459	0
4460	0
4461	0
4462	0
4463	0
4464	0
4465	0
4466	0
4467	0
4468	0
4469	0
4470	0
4471	0
4472	0
4473	0
4474	0
4475	0
4476	0
4477	0
4478	0
4479	0
4480	0
4481	0
4482	0
4483	0
4484	0
4485	0
4486	0
4487	0
4488	0
4489	0
4490	0
4491	0
4492	0
4493	0
4494	0
4495	0
4496	0
4497	0
4498	0
4499	0
4500	0
4501	0
4502	0
4503	0
4504	0
4505	0
4506	0
4507	0
4508	0
4509	0
4510	0
4511	0
4512	0
4513	0
4514	0
4515	0
4516	1
4517	0
4518	0
4519	0
4520	0
4521	0
4522	0
4523	0
4524	0
4525	0
4526	0
4527	0
4528	0
4529	0
4530	0
4531	0
4532	0
4533	0
4534	0
4535	0
4536	0
4537	0
4538	0
4539	0
4540	0
4541	0
4542	0
4543	0
4544	0
4545	0
4546	0
4547	0
4548	0
4549	0
4550	0
4551	0
4552	0
4553	0
4554	0
4555	0
4556	0
4557	0
4558	0
4559	0
4560	0
4561	0
4562	0
4563	0
4564	0
4565	1
4566	0
4567	0
4568	0
4569	0
4570	0
4571	0
4572	0
4573	0
4574	0
4575	0
4576	0
4577	0
4578	0
4579	0
4580	0
4581	0
4582	0
4583	0
4584	0
4585	0
4586	0
4587	0
4588	0
4589	0
4590	0
4591	0
4592	0
4593	0
4594	0
4595	0
4596	0
4597	0
4598	0
4599	0
4600	0
4601	0
4602	0
4603	0
4604	0
4605	0
4606	0
4607	0
4608	0
4609	0
4610	0
4611	0
4612	0
4613	0
4614	0
4615	0
4616	0
4617	0
4618	0
4619	0
4620	0
4621	0
4622	0
4623	0
4624	0
4625	0
4626	0
4627	0
4628	0
4629	0
4630	0
4631	0
4632	0
4633	0
4634	0
4635	0
4636	0
4637	0
4638	0
4639	0
4640	0
4641	0
4642	0
4643	0
4644	0
4645	0
4646	0
4647	0
4648	0
4649	0
4650	0
4651	0
4652	0
4653	0
4654	0
4655	0
4656	0
4657	0
4658	0
4659	0
4660	0
4661	0
4662	0
4663	0
4664	0
4665	0
4666	0
4667	0
4668	0
4669	0
4670	0
4671	0
4672	0
4673	0
4674	0
4675	0
4676	0
4677	0
4678	0
4679	0
4680	0
4681	0
4682	0
4683	0
4684	0
4685	0
4686	0
4687	0
4688	0
4689	0
4690	0
4691	0
4692	0
4693	0
4694	0
4695	0
4696	0
4697	0
4698	0
4699	0
4700	0
4701	0
4702	0
4703	0
4704	0
4705	0
4706	0
4707	0
4708	0
4709	0
4710	0
4711	0
4712	0
4713	0
4714	0
4715	0
4716	0
4717	0
4718	0
4719	0
4720	0
4721	0
4722	0
4723	0
4724	0
4725	0
4726	0
4727	0
4728	0
4729	0
4730	0
4731	0
4732	0
4733	0
4734	0
4735	0
4736	0
4737	0
4738	0
4739	0
4740	0
4741	0
4742	0
4743	0
4744	0
4745	0
4746	0
4747	0
4748	0
4749	0
4750	0
4751	0
4752	0
4753	0
4754	0
4755	0
4756	0
4757	0
4758	0
4759	0
4760	0
4761	0
4762	0
4763	0
4764	0
4765	0
4766	0
4767	0
4768	0
4769	0
4770	0
4771	0
4772	0
4773	0
4774	0
4775	0
4776	0
4777	0
4778	0
4779	0
4780	0
4781	0
4782	0
4783	0
4784	0
4785	0
4786	0
4787	0
4788	0
4789	0
4790	0
4791	0
4792	0
4793	0
4794	0
4795	0
4796	0
4797	0
4798	0
4799	0
4800	0
4801	0
4802	0
4803	0
4804	0
4805	1
4806	0
4807	0
4808	0
4809	0
4810	0
4811	0
4812	0
4813	0
4814	0
4815	0
4816	0
4817	0
4818	0
4819	0
4820	0
4821	0
4822	0
4823	0
4824	0
4825	0
4826	0
4827	0
4828	0
4829	0
4830	0
4831	0
4832	0
4833	0
4834	0
4835	0
4836	0
4837	0
4838	0
4839	0
4840	0
4841	0
4842	0
4843	0
4844	0
4845	0
4846	0
4847	0
4848	0
4849	0
4850	0
4851	0
4852	0
4853	0
4854	0
4855	0
4856	0
4857	0
4858	0
4859	0
4860	0
4861	0
4862	0
4863	0
4864	0
4865	0
4866	0
4867	0
4868	0
4869	0
4870	0
4871	0
4872	0
4873	0
4874	0
4875	0
4876	0
4877	0
4878	0
4879	0
4880	0
4881	0
4882	0
4883	0
4884	0
4885	0
4886	0
4887	0
4888	0
4889	0
4890	0
4891	0
4892	0
4893	0
4894	0
4895	0
4896	0
4897	0
4898	0
4899	0
4900	0
4901	0
4902	0
4903	0
4904	0
4905	0
4906	0
4907	0
4908	0
4909	0
4910	0
4911	0
4912	0
4913	0
4914	0
4915	0
4916	0
4917	0
4918	0
4919	0
4920	0
4921	0
4922	0
4923	0
4924	0
4925	0
4926	0
4927	0
4928	0
4929	0
4930	0
4931	0
4932	0
4933	0
4934	0
4935	0
4936	0
4937	0
4938	0
4939	0
4940	0
4941	0
4942	0
4943	0
4944	0
4945	0
4946	0
4947	0
4948	0
4949	0
4950	0
4951	0
4952	0
4953	0
4954	0
4955	0
4956	0
4957	0
4958	0
4959	0
4960	0
4961	0
4962	0
4963	0
4964	0
4965	0
4966	0
4967	0
4968	0
4969	0
4970	0
4971	0
4972	0
4973	0
4974	0
4975	0
4976	0
4977	0
4978	0
4979	0
4980	0
4981	0
4982	0
4983	0
4984	0
4985	0
4986	0
4987	0
4988	0
4989	0
4990	0
4991	0
4992	0
4993	0
4994	0
4995	0
4996	0
4997	0
4998	0
4999	0
5000	0
5001	0
5002	0
5003	0
5004	0
5005	0
5006	0
5007	0
5008	0
5009	0
5010	0
5011	0
5012	0
5013	0
5014	0
5015	0
5016	0
5017	0
5018	0
5019	0
5020	0
5021	0
5022	0
5023	0
5024	0
5025	0
5026	0
5027	0
5028	0
5029	0
5030	0
5031	0
5032	0
5033	0
5034	0
5035	0
5036	0
5037	0
5038	0
5039	0
5040	0
5041	0
5042	0
5043	0
5044	0
5045	0
5046	0
5047	0
5048	0
5049	0
5050	0
5051	0
5052	0
5053	0
5054	0
5055	0
5056	0
5057	0
5058	0
5059	0
5060	0
5061	0
5062	0
5063	0
5064	0
5065	0
5066	0
5067	0
5068	0
5069	0
5070	0
5071	0
5072	0
5073	0
5074	0
5075	0
5076	0
5077	0
5078	0
5079	0
5080	0
5081	0
5082	0
5083	0
5084	0
5085	0
5086	0
5087	0
5088	0
5089	0
5090	0
5091	0
5092	0
5093	0
5094	0
5095	0
5096	0
5097	0
5098	0
5099	0
5100	0
5101	0
5102	0
5103	0
5104	0
5105	0
5106	0
5107	0
5108	0
5109	0
5110	0
5111	0
5112	0
5113	0
5114	0
5115	0
5116	0
5117	0
5118	0
5119	0
5120	0
5121	0
5122	0
5123	0
5124	0
5125	0
5126	0
5127	0
5128	0
5129	0
5130	0
5131	0
5132	0
5133	0
5134	0
5135	0
5136	0
5137	0
5138	0
5139	0
5140	0
5141	0
5142	0
5143	0
5144	0
5145	0
5146	0
5147	0
5148	0
5149	0
5150	0
5151	0
5152	0
5153	0
5154	0
5155	0
5156	0
5157	0
5158	0
5159	0
5160	0
5161	0
5162	0
5163	0
5164	0
5165	0
5166	0
5167	0
5168	0
5169	0
5170	0
5171	0
5172	0
5173	0
5174	0
5175	0
5176	0
5177	0
5178	0
5179	0
5180	0
5181	0
5182	0
5183	0
5184	0
5185	0
5186	0
5187	0
5188	0
5189	0
5190	0
5191	0
5192	0
5193	0
5194	0
5195	0
5196	0
5197	0
5198	0
5199	0
5200	0
5201	0
5202	0
5203	0
5204	0
5205	0
5206	0
5207	0
5208	0
5209	0
5210	0
5211	0
5212	0
5213	0
5214	0
5215	0
5216	0
5217	0
5218	0
5219	0
5220	0
5221	0
5222	0
5223	0
5224	0
5225	0
5226	0
5227	0
5228	0
5229	0
5230	0
5231	0
5232	0
5233	0
5234	0
5235	0
5236	0
5237	0
5238	0
5239	0
5240	0
5241	0
5242	0
5243	0
5244	0
5245	0
5246	0
5247	0
5248	0
5249	0
5250	0
5251	0
5252	0
5253	0
5254	0
5255	0
5256	0
5257	0
5258	0
5259	0
5260	0
5261	0
5262	0
5263	0
5264	0
5265	0
5266	0
5267	0
5268	0
5269	0
5270	0
5271	0
5272	0
5273	0
5274	0
5275	0
5276	0
5277	0
5278	0
5279	0
5280	0
5281	0
5282	0
5283	0
5284	0
5285	0
5286	0
5287	0
5288	0
5289	0
5290	0
5291	0
5292	0
5293	0
5294	0
5295	0
5296	0
5297	0
5298	0
5299	0
5300	0
5301	0
5302	0
5303	0
5304	0
5305	0
5306	0
5307	0
5308	0
5309	0
5310	0
5311	0
5312	0
5313	0
5314	0
5315	0
5316	0
5317	0
5318	0
5319	0
5320	0
5321	0
5322	0
5323	0
5324	0
5325	0
5326	0
5327	0
5328	0
5329	0
5330	0
5331	0
5332	0
5333	0
5334	0
5335	0
5336	0
5337	0
5338	0
5339	0
5340	0
5341	0
5342	0
5343	0
5344	0
5345	0
5346	0
5347	0
5348	0
5349	0
5350	0
5351	0
5352	0
5353	0
5354	0
5355	0
5356	0
5357	0
5358	0
5359	0
5360	0
5361	0
5362	0
5363	0
5364	0
5365	0
5366	0
5367	0
5368	0
5369	0
5370	0
5371	0
5372	0
5373	0
5374	0
5375	0
5376	0
5377	0
5378	0
5379	0
5380	0
5381	0
5382	0
5383	0
5384	0
5385	0
5386	0
5387	0
5388	0
5389	0
5390	0
5391	0
5392	0
5393	0
5394	0
5395	0
5396	0
5397	0
5398	0
5399	0
5400	0
5401	0
5402	0
5403	0
5404	0
5405	0
5406	0
5407	0
5408	0
5409	0
5410	0
5411	0
5412	0
5413	0
5414	0
5415	0
5416	0
5417	0
5418	0
5419	0
5420	0
5421	0
5422	0
5423	0
5424	0
5425	0
5426	0
5427	0
5428	0
5429	0
5430	0
5431	0
5432	0
5433	0
5434	0
5435	0
5436	0
5437	0
5438	0
5439	0
5440	0
5441	0
5442	0
5443	0
5444	0
5445	0
5446	0
5447	0
5448	0
5449	0
5450	0
5451	0
5452	0
5453	0
5454	0
5455	0
5456	0
5457	0
5458	0
5459	0
5460	0
5461	0
5462	0
5463	0
5464	0
5465	0
5466	0
5467	0
5468	0
5469	0
5470	0
5471	0
5472	0
5473	0
5474	0
5475	0
5476	0
5477	0
5478	0
5479	0
5480	0
5481	0
5482	0
5483	0
5484	0
5485	0
5486	0
5487	0
5488	0
5489	0
5490	0
5491	0
5492	0
5493	0
5494	0
5495	0
5496	0
5497	0
5498	0
5499	0
5500	0
5501	0
5502	0
5503	0
5504	0
5505	0
5506	0
5507	0
5508	0
5509	0
5510	0
5511	0
5512	0
5513	0
5514	0
5515	0
5516	0
5517	0
5518	0
5519	0
5520	0
5521	0
5522	0
5523	0
5524	0
5525	0
5526	0
5527	0
5528	0
5529	0
5530	0
5531	0
5532	0
5533	0
5534	0
5535	0
5536	0
5537	0
5538	0
5539	0
5540	0
5541	0
5542	0
5543	0
5544	0
5545	0
5546	0
5547	0
5548	0
5549	0
5550	0
5551	0
5552	0
5553	0
5554	0
5555	0
5556	0
5557	0
5558	0
5559	0
5560	0
5561	0
5562	0
5563	0
5564	0
5565	0
5566	0
5567	0
5568	0
5569	0
5570	0
5571	0
5572	0
5573	0
5574	0
5575	0
5576	0
5577	0
5578	0
5579	0
5580	0
5581	0
5582	0
5583	0
5584	0
5585	0
5586	0
5587	0
5588	0
5589	0
5590	0
5591	0
5592	0
5593	0
5594	0
5595	0
5596	0
5597	0
5598	0
5599	0
5600	0
5601	0
5602	0
5603	0
5604	0
5605	0
5606	0
5607	0
5608	0
5609	0
5610	0
5611	0
5612	0
5613	0
5614	0
5615	0
5616	0
5617	0
5618	0
5619	0
5620	0
5621	0
5622	0
5623	0
5624	0
5625	0
5626	0
5627	0
5628	0
5629	0
5630	0
5631	0
5632	0
5633	0
5634	0
5635	0
5636	0
5637	0
5638	0
5639	0
5640	0
5641	0
5642	0
5643	0
5644	0
5645	0
5646	0
5647	0
5648	0
5649	0
5650	0
5651	0
5652	0
5653	0
5654	0
5655	0
5656	0
5657	0
5658	0
5659	0
5660	0
5661	0
5662	0
5663	0
5664	0
5665	0
5666	0
5667	0
5668	0
5669	0
5670	0
5671	0
5672	0
5673	0
5674	0
5675	0
5676	0
5677	0
5678	0
5679	0
5680	0
5681	0
5682	0
5683	0
5684	0
5685	0
5686	0
5687	0
5688	0
5689	0
5690	0
5691	0
5692	0
5693	0
5694	0
5695	0
5696	0
5697	0
5698	0
5699	0
5700	0
5701	0
5702	0
5703	0
5704	0
5705	0
5706	0
5707	0
5708	0
5709	0
5710	0
5711	0
5712	0
5713	0
5714	0
5715	0
5716	0
5717	0
5718	0
5719	0
5720	0
5721	0
5722	0
5723	0
5724	0
5725	0
5726	0
5727	0
5728	0
5729	0
5730	0
5731	0
5732	0
5733	0
5734	0
5735	0
5736	0
5737	0
5738	0
5739	0
5740	0
5741	0
5742	0
5743	0
5744	0
5745	0
5746	0
5747	0
5748	0
5749	0
5750	0
5751	0
5752	0
5753	0
5754	0
5755	0
5756	0
5757	0
5758	0
5759	0
5760	0
5761	0
5762	0
5763	0
5764	0
5765	0
5766	0
5767	0
5768	0
5769	0
5770	0
5771	0
5772	0
5773	0
5774	0
5775	0
5776	0
5777	0
5778	0
5779	0
5780	0
5781	0
5782	0
5783	0
5784	0
5785	0
5786	0
5787	0
5788	0
5789	0
5790	0
5791	0
5792	0
5793	0
5794	0
5795	0
5796	0
5797	0
5798	0
5799	0
5800	0
5801	0
5802	0
5803	0
5804	0
5805	0
5806	0
5807	0
5808	0
5809	0
5810	0
5811	0
5812	0
5813	0
5814	0
5815	0
5816	0
5817	0
5818	0
5819	0
5820	0
5821	0
5822	0
5823	0
5824	0
5825	0
5826	0
5827	0
5828	0
5829	0
5830	0
5831	0
5832	0
5833	0
5834	0
5835	0
5836	0
5837	0
5838	0
5839	0
5840	0
5841	0
5842	0
5843	0
5844	0
5845	0
5846	0
5847	0
5848	0
5849	0
5850	0
5851	0
5852	0
5853	0
5854	0
5855	0
5856	0
5857	0
5858	0
5859	0
5860	0
5861	0
5862	0
5863	0
5864	0
5865	0
5866	0
5867	0
5868	0
5869	0
5870	0
5871	0
5872	0
5873	0
5874	0
5875	0
5876	0
5877	0
5878	0
5879	0
5880	0
5881	0
5882	0
5883	0
5884	0
5885	0
5886	0
5887	0
5888	0
5889	0
5890	0
5891	0
5892	0
5893	0
5894	0
5895	0
5896	0
5897	0
5898	0
5899	0
5900	0
5901	0
5902	0
5903	0
5904	0
5905	0
5906	0
5907	0
5908	0
5909	0
5910	0
5911	0
5912	0
5913	0
5914	0
5915	0
5916	0
5917	0
5918	0
5919	0
5920	0
5921	0
5922	0
5923	0
5924	0
5925	0
5926	0
5927	0
5928	0
5929	0
5930	0
5931	0
5932	0
5933	0
5934	0
5935	0
5936	0
5937	0
5938	0
5939	0
5940	0
5941	0
5942	0
5943	0
5944	0
5945	0
5946	0
5947	0
5948	0
5949	0
5950	0
5951	0
5952	0
5953	0
5954	0
5955	0
5956	0
5957	0
5958	0
5959	0
5960	0
5961	0
5962	0
5963	0
5964	0
5965	0
5966	0
5967	0
5968	0
5969	0
5970	0
5971	0
5972	0
5973	0
5974	0
5975	0
5976	0
5977	0
5978	0
5979	0
5980	0
5981	0
5982	0
5983	0
5984	0
5985	0
5986	0
5987	0
5988	0
5989	0
5990	0
5991	0
5992	0
5993	0
5994	0
5995	0
5996	0
5997	0
5998	0
5999	0
6000	0
6001	0
6002	0
6003	0
6004	0
6005	0
6006	0
6007	0
6008	0
6009	0
6010	0
6011	0
6012	0
6013	0
6014	0
6015	0
6016	0
6017	0
6018	0
6019	0
6020	0
6021	0
6022	0
6023	0
6024	0
6025	0
6026	0
6027	0
6028	0
6029	0
6030	0
6031	0
6032	0
6033	0
6034	0
6035	0
6036	0
6037	0
6038	0
6039	0
6040	0
6041	0
6042	0
6043	0
6044	0
6045	0
6046	0
6047	0
6048	0
6049	0
6050	0
6051	0
6052	0
6053	0
6054	0
6055	0
6056	0
6057	0
6058	0
6059	0
6060	0
6061	0
6062	0
6063	0
6064	0
6065	0
6066	0
6067	0
6068	0
6069	0
6070	0
6071	0
6072	0
6073	0
6074	0
6075	0
6076	0
6077	0
6078	0
6079	0
6080	0
6081	0
6082	0
6083	0
6084	0
6085	0
6086	0
6087	0
6088	0
6089	0
6090	0
6091	0
6092	0
6093	0
6094	0
6095	0
6096	0
6097	0
6098	0
6099	0
6100	0
6101	0
6102	0
6103	0
6104	0
6105	0
6106	0
6107	0
6108	0
6109	0
6110	0
6111	0
6112	0
6113	0
6114	0
6115	0
6116	0
6117	0
6118	0
6119	0
6120	0
6121	0
6122	0
6123	0
6124	0
6125	0
6126	0
6127	0
6128	0
6129	0
6130	0
6131	0
6132	0
6133	0
6134	0
6135	0
6136	0
6137	0
6138	0
6139	0
6140	0
6141	0
6142	0
6143	0
6144	0
6145	0
6146	0
6147	0
6148	0
6149	0
6150	0
6151	0
6152	0
6153	0
6154	0
6155	0
6156	0
6157	0
6158	0
6159	0
6160	0
6161	0
6162	0
6163	0
6164	0
6165	0
6166	0
6167	0
6168	0
6169	0
6170	0
6171	0
6172	0
6173	0
6174	0
6175	0
6176	0
6177	0
6178	0
6179	0
6180	0
6181	0
6182	0
6183	0
6184	0
6185	0
6186	0
6187	0
6188	0
6189	0
6190	0
6191	0
6192	0
6193	0
6194	0
6195	0
6196	0
6197	0
6198	0
6199	0
6200	0
6201	0
6202	0
6203	0
6204	0
6205	0
6206	0
6207	0
6208	0
6209	0
6210	0
6211	0
6212	0
6213	0
6214	0
6215	0
6216	0
6217	0
6218	0
6219	0
6220	0
6221	0
6222	0
6223	0
6224	0
6225	0
6226	0
6227	0
6228	0
6229	0
6230	0
6231	0
6232	0
6233	0
6234	0
6235	0
6236	0
6237	0
6238	0
6239	0
6240	0
6241	0
6242	0
6243	0
6244	0
6245	0
6246	0
6247	0
6248	0
6249	0
6250	0
6251	0
6252	0
6253	0
6254	0
6255	0
6256	0
6257	0
6258	0
6259	0
6260	0
6261	0
6262	0
6263	0
6264	0
6265	0
6266	0
6267	0
6268	0
6269	0
6270	0
6271	0
6272	0
6273	0
6274	0
6275	0
6276	0
6277	0
6278	0
6279	0
6280	0
6281	0
6282	0
6283	0
6284	0
6285	0
6286	0
6287	0
6288	0
6289	0
6290	0
6291	0
6292	0
6293	0
6294	0
6295	0
6296	0
6297	0
6298	0
6299	0
6300	0
6301	0
6302	0
6303	0
6304	0
6305	0
6306	0
6307	0
6308	0
6309	0
6310	0
6311	0
6312	0
6313	0
6314	0
6315	0
6316	0
6317	0
6318	0
6319	0
6320	0
6321	0
6322	0
6323	0
6324	0
6325	0
6326	0
6327	0
6328	0
6329	0
6330	0
6331	0
6332	0
6333	0
6334	0
6335	1
6336	0
6337	0
6338	0
6339	0
6340	0
6341	0
6342	0
6343	0
6344	0
6345	0
6346	0
6347	0
6348	0
6349	0
6350	0
6351	0
6352	0
6353	0
6354	0
6355	0
6356	0
6357	0
6358	0
6359	0
6360	0
6361	0
6362	0
6363	0
6364	0
6365	0
6366	0
6367	0
6368	0
6369	0
6370	0
6371	0
6372	0
6373	0
6374	0
6375	0
6376	0
6377	0
6378	0
6379	0
6380	0
6381	0
6382	0
6383	0
6384	0
6385	0
6386	0
6387	0
6388	0
6389	0
6390	0
6391	0
6392	0
6393	0
6394	0
6395	0
6396	0
6397	0
6398	0
6399	0
6400	0
6401	0
6402	0
6403	0
6404	0
6405	0
6406	0
6407	0
6408	0
6409	0
6410	0
6411	0
6412	0
6413	0
6414	0
6415	0
6416	0
6417	0
6418	0
6419	0
6420	0
6421	0
6422	0
6423	0
6424	0
6425	0
6426	0
6427	0
6428	0
6429	0
6430	0
6431	0
6432	0
6433	0
6434	0
6435	0
6436	0
6437	0
6438	0
6439	0
6440	0
6441	0
6442	0
6443	0
6444	0
6445	0
6446	0
6447	0
6448	0
6449	0
6450	0
6451	0
6452	0
6453	0
6454	0
6455	0
6456	0
6457	0
6458	0
6459	0
6460	0
6461	0
6462	0
6463	0
6464	0
6465	0
6466	0
6467	0
6468	0
6469	0
6470	0
6471	0
6472	0
6473	0
6474	0
6475	0
6476	0
6477	0
6478	0
6479	0
6480	0
6481	0
6482	0
6483	0
6484	0
6485	0
6486	0
6487	0
6488	0
6489	0
6490	0
6491	0
6492	0
6493	0
6494	0
6495	0
6496	0
6497	0
6498	0
6499	0
6500	0
6501	0
6502	0
6503	0
6504	0
6505	0
6506	0
6507	0
6508	0
6509	0
6510	0
6511	0
6512	0
6513	0
6514	0
6515	0
6516	0
6517	0
6518	0
6519	0
6520	0
6521	0
6522	0
6523	0
6524	0
6525	0
6526	0
6527	0
6528	0
6529	0
6530	0
6531	0
6532	0
6533	0
6534	0
6535	0
6536	0
6537	0
6538	0
6539	0
6540	0
6541	0
6542	0
6543	0
6544	0
6545	0
6546	0
6547	0
6548	0
6549	0
6550	0
6551	0
6552	0
6553	0
6554	0
6555	0
6556	0
6557	0
6558	0
6559	0
6560	0
6561	0
6562	0
6563	0
6564	0
6565	0
6566	0
6567	0
6568	0
6569	0
6570	0
6571	0
6572	0
6573	0
6574	0
6575	0
6576	0
6577	0
6578	0
6579	0
6580	0
6581	0
6582	0
6583	0
6584	0
6585	0
6586	0
6587	0
6588	0
6589	0
6590	0
6591	0
6592	0
6593	0
6594	0
6595	0
6596	0
6597	0
6598	0
6599	0
6600	0
6601	0
6602	0
6603	0
6604	0
6605	0
6606	0
6607	0
6608	0
6609	0
6610	0
6611	0
6612	0
6613	0
6614	0
6615	0
6616	0
6617	0
6618	0
6619	0
6620	0
6621	0
6622	0
6623	0
6624	0
6625	0
6626	0
6627	0
6628	0
6629	0
6630	0
6631	0
6632	0
6633	0
6634	0
6635	0
6636	0
6637	0
6638	0
6639	0
6640	0
6641	0
6642	0
6643	0
6644	0
6645	0
6646	0
6647	0
6648	0
6649	0
6650	0
6651	0
6652	0
6653	0
6654	0
6655	0
6656	0
6657	0
6658	0
6659	0
6660	0
6661	0
6662	0
6663	0
6664	0
6665	0
6666	0
6667	0
6668	0
6669	0
6670	0
6671	0
6672	0
6673	0
6674	0
6675	0
6676	0
6677	0
6678	0
6679	0
6680	0
6681	0
6682	0
6683	0
6684	0
6685	0
6686	0
6687	0
6688	0
6689	0
6690	0
6691	0
6692	0
6693	0
6694	0
6695	0
6696	0
6697	0
6698	0
6699	0
6700	0
6701	0
6702	0
6703	0
6704	0
6705	0
6706	0
6707	0
6708	0
6709	0
6710	0
6711	0
6712	0
6713	0
6714	0
6715	0
6716	0
6717	0
6718	0
6719	0
6720	0
6721	0
6722	0
6723	0
6724	0
6725	0
6726	0
6727	1
6728	0
6729	0
6730	0
6731	0
6732	0
6733	0
6734	0
6735	0
6736	0
6737	0
6738	0
6739	0
6740	0
6741	0
6742	0
6743	0
6744	0
6745	0
6746	0
6747	0
6748	0
6749	0
6750	0
6751	0
6752	0
6753	0
6754	0
6755	0
6756	0
6757	0
6758	0
6759	0
6760	0
6761	0
6762	0
6763	0
6764	0
6765	0
6766	0
6767	0
6768	0
6769	0
6770	0
6771	0
6772	0
6773	0
6774	0
6775	0
6776	0
6777	0
6778	0
6779	0
6780	0
6781	0
6782	0
6783	0
6784	0
6785	0
6786	0
6787	0
6788	0
6789	0
6790	0
6791	0
6792	0
6793	0
6794	0
6795	0
6796	0
6797	0
6798	0
6799	0
6800	0
6801	0
6802	0
6803	0
6804	0
6805	0
6806	0
6807	0
6808	0
6809	0
6810	0
6811	0
6812	0
6813	0
6814	0
6815	0
6816	0
6817	0
6818	0
6819	0
6820	0
6821	0
6822	0
6823	0
6824	0
6825	0
6826	0
6827	0
6828	0
6829	0
6830	0
6831	0
6832	0
6833	0
6834	0
6835	0
6836	0
6837	0
6838	0
6839	0
6840	0
6841	0
6842	0
6843	0
6844	0
6845	0
6846	0
6847	0
6848	0
6849	0
6850	0
6851	0
6852	0
6853	0
6854	0
6855	0
6856	0
6857	0
6858	0
6859	0
6860	0
6861	0
6862	0
6863	0
6864	0
6865	0
6866	0
6867	0
6868	0
6869	0
6870	0
6871	0
6872	0
6873	0
6874	0
6875	0
6876	0
6877	0
6878	0
6879	0
6880	0
6881	0
6882	0
6883	0
6884	0
6885	0
6886	0
6887	0
6888	0
6889	0
6890	0
6891	0
6892	0
6893	0
6894	0
6895	0
6896	0
6897	0
6898	0
6899	0
6900	0
6901	0
6902	0
6903	0
6904	0
6905	0
6906	0
6907	0
6908	0
6909	0
6910	0
6911	0
6912	0
6913	0
6914	0
6915	0
6916	0
6917	0
6918	0
6919	1
6920	0
6921	0
6922	0
6923	0
6924	0
6925	0
6926	0
6927	0
6928	0
6929	0
6930	0
6931	0
6932	0
6933	0
6934	0
6935	0
6936	0
6937	0
6938	0
6939	0
6940	0
6941	0
6942	0
6943	0
6944	0
6945	0
6946	0
6947	0
6948	0
6949	0
6950	0
6951	0
6952	0
6953	0
6954	0
6955	0
6956	0
6957	0
6958	0
6959	0
6960	0
6961	0
6962	0
6963	0
6964	0
6965	0
6966	0
6967	0
6968	0
6969	0
6970	0
6971	0
6972	0
6973	0
6974	0
6975	0
6976	0
6977	0
6978	0
6979	0
6980	0
6981	0
6982	0
6983	0
6984	0
6985	0
6986	0
6987	0
6988	0
6989	0
6990	0
6991	0
6992	0
6993	0
6994	0
6995	0
6996	0
6997	0
6998	0
6999	0
7000	0
7001	0
7002	0
7003	0
7004	0
7005	0
7006	0
7007	0
7008	0
7009	0
7010	0
7011	0
7012	0
7013	0
7014	0
7015	0
7016	0
7017	0
7018	0
7019	0
7020	0
7021	0
7022	0
7023	0
7024	0
7025	0
7026	0
7027	0
7028	0
7029	0
7030	0
7031	0
7032	0
7033	0
7034	0
7035	0
7036	0
7037	0
7038	0
7039	0
7040	0
7041	0
7042	0
7043	0
7044	0
7045	0
7046	0
7047	0
7048	0
7049	0
7050	0
7051	0
7052	0
7053	0
7054	0
7055	0
7056	0
7057	0
7058	0
7059	0
7060	0
7061	0
7062	0
7063	0
7064	0
7065	0
7066	0
7067	0
7068	0
7069	0
7070	0
7071	0
7072	0
7073	0
7074	0
7075	0
7076	0
7077	0
7078	0
7079	0
7080	0
7081	0
7082	0
7083	0
7084	0
7085	0
7086	0
7087	0
7088	0
7089	0
7090	0
7091	0
7092	0
7093	0
7094	0
7095	0
7096	0
7097	0
7098	0
7099	0
7100	0
7101	0
7102	0
7103	0
7104	0
7105	0
7106	0
7107	0
7108	0
7109	0
7110	0
7111	0
7112	0
7113	0
7114	0
7115	0
7116	0
7117	0
7118	0
7119	0
7120	0
7121	0
7122	0
7123	0
7124	0
7125	0
7126	0
7127	0
7128	0
7129	0
7130	0
7131	0
7132	0
7133	0
7134	0
7135	0
7136	0
7137	0
7138	0
7139	0
7140	0
7141	0
7142	0
7143	0
7144	0
7145	0
7146	0
7147	0
7148	0
7149	0
7150	0
7151	0
7152	0
7153	0
7154	0
7155	0
7156	0
7157	0
7158	0
7159	0
7160	0
7161	0
7162	0
7163	0
7164	0
7165	0
7166	0
7167	0
7168	0
7169	0
7170	0
7171	0
7172	0
7173	0
7174	0
7175	0
7176	0
7177	0
7178	0
7179	0
7180	0
7181	0
7182	0
7183	0
7184	0
7185	0
7186	0
7187	0
7188	0
7189	0
7190	0
7191	0
7192	0
7193	0
7194	0
7195	0
7196	0
7197	0
7198	0
7199	0
7200	0
7201	0
7202	0
7203	0
7204	0
7205	0
7206	0
7207	0
7208	0
7209	0
7210	0
7211	0
7212	0
7213	0
7214	0
7215	0
7216	0
7217	0
7218	0
7219	0
7220	0
7221	0
7222	0
7223	0
7224	0
7225	0
7226	0
7227	0
7228	0
7229	0
7230	0
7231	0
7232	0
7233	0
7234	0
7235	0
7236	0
7237	0
7238	0
7239	0
7240	0
7241	0
7242	0
7243	0
7244	0
7245	0
7246	0
7247	0
7248	0
7249	0
7250	0
7251	0
7252	0
7253	0
7254	0
7255	0
7256	0
7257	0
7258	0
7259	0
7260	0
7261	0
7262	0
7263	0
7264	0
7265	0
7266	0
7267	0
7268	0
7269	0
7270	0
7271	0
7272	0
7273	0
7274	0
7275	0
7276	0
7277	0
7278	0
7279	0
7280	0
7281	0
7282	0
7283	0
7284	0
7285	0
7286	0
7287	0
7288	0
7289	0
7290	0
7291	0
7292	0
7293	0
7294	0
7295	0
7296	0
7297	0
7298	0
7299	0
7300	0
7301	0
7302	0
7303	0
7304	0
7305	0
7306	0
7307	0
7308	0
7309	0
7310	0
7311	0
7312	0
7313	0
7314	0
7315	0
7316	0
7317	0
7318	0
7319	0
7320	0
7321	0
7322	0
7323	0
7324	0
7325	0
7326	0
7327	0
7328	0
7329	0
7330	0
7331	0
7332	0
7333	0
7334	0
7335	0
7336	0
7337	0
7338	0
7339	0
7340	0
7341	0
7342	0
7343	0
7344	0
7345	0
7346	0
7347	0
7348	0
7349	0
7350	0
7351	0
7352	0
7353	0
7354	0
7355	0
7356	0
7357	0
7358	0
7359	0
7360	0
7361	0
7362	0
7363	0
7364	0
7365	0
7366	0
7367	0
7368	0
7369	0
7370	0
7371	0
7372	0
7373	0
7374	0
7375	0
7376	0
7377	0
7378	0
7379	0
7380	0
7381	0
7382	0
7383	0
7384	0
7385	0
7386	0
7387	0
7388	0
7389	0
7390	0
7391	0
7392	0
7393	0
7394	0
7395	0
7396	0
7397	0
7398	0
7399	0
7400	0
7401	0
7402	0
7403	0
7404	0
7405	0
7406	0
7407	0
7408	0
7409	0
7410	0
7411	0
7412	0
7413	0
7414	0
7415	0
7416	0
7417	0
7418	0
7419	0
7420	0
7421	0
7422	0
7423	0
7424	0
7425	0
7426	0
7427	0
7428	0
7429	0
7430	0
7431	0
7432	0
7433	0
7434	0
7435	0
7436	0
7437	0
7438	0
7439	0
7440	0
7441	0
7442	0
7443	0
7444	0
7445	0
7446	0
7447	0
7448	0
7449	0
7450	0
7451	0
7452	0
7453	0
7454	0
7455	0
7456	0
7457	0
7458	0
7459	0
7460	0
7461	0
7462	0
7463	0
7464	0
7465	0
7466	0
7467	0
7468	0
7469	0
7470	0
7471	0
7472	0
7473	0
7474	0
7475	0
7476	0
7477	0
7478	0
7479	0
7480	0
7481	0
7482	0
7483	0
7484	0
7485	0
7486	0
7487	0
7488	0
7489	0
7490	0
7491	0
7492	0
7493	0
7494	0
7495	0
7496	0
7497	0
7498	0
7499	0
7500	0
7501	0
7502	0
7503	0
7504	0
7505	0
7506	0
7507	0
7508	0
7509	0
7510	0
7511	0
7512	0
7513	0
7514	0
7515	0
7516	0
7517	0
7518	0
7519	0
7520	0
7521	0
7522	0
7523	0
7524	0
7525	0
7526	0
7527	0
7528	0
7529	0
7530	0
7531	0
7532	0
7533	0
7534	0
7535	0
7536	0
7537	0
7538	0
7539	0
7540	0
7541	0
7542	0
7543	0
7544	0
7545	0
7546	0
7547	0
7548	0
7549	0
7550	0
7551	0
7552	0
7553	0
7554	0
7555	0
7556	0
7557	0
7558	0
7559	0
7560	0
7561	0
7562	0
7563	0
7564	0
7565	0
7566	0
7567	0
7568	0
7569	0
7570	0
7571	0
7572	0
7573	0
7574	0
7575	0
7576	0
7577	0
7578	0
7579	0
7580	0
7581	0
7582	0
7583	0
7584	0
7585	0
7586	0
7587	0
7588	0
7589	0
7590	0
7591	0
7592	0
7593	0
7594	0
7595	0
7596	0
7597	0
7598	0
7599	0
7600	0
7601	0
7602	0
7603	0
7604	0
7605	0
7606	0
7607	0
7608	0
7609	0
7610	0
7611	0
7612	0
7613	0
7614	0
7615	0
7616	0
7617	0
7618	0
7619	0
7620	0
7621	0
7622	0
7623	0
7624	0
7625	0
7626	0
7627	0
7628	0
7629	0
7630	0
7631	0
7632	0
7633	0
7634	0
7635	0
7636	0
7637	0
7638	0
7639	0
7640	0
7641	0
7642	0
7643	0
7644	0
7645	0
7646	0
7647	0
7648	0
7649	0
7650	0
7651	0
7652	0
7653	0
7654	0
7655	0
7656	0
7657	0
7658	0
7659	0
7660	0
7661	0
7662	0
7663	0
7664	0
7665	0
7666	0
7667	0
7668	0
7669	0
7670	0
7671	0
7672	0
7673	0
7674	0
7675	0
7676	0
7677	0
7678	0
7679	0
7680	0
7681	0
7682	0
7683	0
7684	0
7685	0
7686	0
7687	0
7688	0
7689	0
7690	0
7691	0
7692	0
7693	0
7694	0
7695	0
7696	0
7697	0
7698	0
7699	0
7700	0
7701	0
7702	0
7703	0
7704	0
7705	0
7706	0
7707	0
7708	0
7709	0
7710	0
7711	0
7712	0
7713	0
7714	0
7715	0
7716	0
7717	0
7718	0
7719	0
7720	0
7721	0
7722	0
7723	0
7724	0
7725	0
7726	0
7727	1
7728	0
7729	0
7730	0
7731	0
7732	0
7733	0
7734	0
7735	0
7736	0
7737	0
7738	0
7739	0
7740	0
7741	0
7742	0
7743	0
7744	0
7745	0
7746	0
7747	0
7748	0
7749	0
7750	0
7751	0
7752	0
7753	0
7754	0
7755	0
7756	0
7757	0
7758	0
7759	0
7760	0
7761	0
7762	0
7763	0
7764	0
7765	0
7766	0
7767	0
7768	0
7769	0
7770	0
7771	0
7772	0
7773	0
7774	0
7775	0
7776	0
7777	0
7778	0
7779	0
7780	0
7781	0
7782	0
7783	0
7784	0
7785	0
7786	0
7787	0
7788	0
7789	0
7790	0
7791	0
7792	0
7793	0
7794	0
7795	0
7796	0
7797	0
7798	0
7799	0
7800	0
7801	0
7802	0
7803	0
7804	0
7805	0
7806	0
7807	0
7808	0
7809	0
7810	0
7811	0
7812	0
7813	0
7814	0
7815	0
7816	0
7817	0
7818	0
7819	0
7820	0
7821	0
7822	0
7823	0
7824	0
7825	0
7826	0
7827	0
7828	0
7829	0
7830	0
7831	0
7832	0
7833	0
7834	0
7835	0
7836	0
7837	0
7838	0
7839	0
7840	0
7841	0
7842	0
7843	0
7844	0
7845	0
7846	0
7847	0
7848	0
7849	0
7850	0
7851	0
7852	0
7853	0
7854	0
7855	0
7856	0
7857	0
7858	0
7859	0
7860	0
7861	0
7862	0
7863	0
7864	0
7865	0
7866	0
7867	0
7868	0
7869	0
7870	0
7871	0
7872	0
7873	0
7874	0
7875	0
7876	0
7877	0
7878	0
7879	0
7880	0
7881	0
7882	0
7883	0
7884	0
7885	0
7886	0
7887	0
7888	0
7889	0
7890	0
7891	0
7892	0
7893	0
7894	0
7895	0
7896	0
7897	0
7898	0
7899	0
7900	0
7901	0
7902	0
7903	0
7904	0
7905	0
7906	0
7907	0
7908	0
7909	0
7910	0
7911	0
7912	0
7913	0
7914	0
7915	0
7916	0
7917	0
7918	0
7919	0
7920	0
7921	0
7922	0
7923	1
7924	0
7925	0
7926	0
7927	0
7928	0
7929	0
7930	0
7931	0
7932	0
7933	0
7934	0
7935	0
7936	0
7937	0
7938	0
7939	0
7940	0
7941	0
7942	0
7943	0
7944	0
7945	0
7946	0
7947	0
7948	0
7949	0
7950	0
7951	0
7952	0
7953	0
7954	0
7955	0
7956	0
7957	0
7958	0
7959	0
7960	0
7961	0
7962	0
7963	0
7964	0
7965	0
7966	0
7967	0
7968	0
7969	0
7970	0
7971	0
7972	0
7973	0
7974	0
7975	0
7976	0
7977	0
7978	0
7979	0
7980	0
7981	0
7982	0
7983	0
7984	0
7985	0
7986	0
7987	0
7988	0
7989	0
7990	0
7991	0
7992	0
7993	0
7994	0
7995	0
7996	0
7997	0
7998	0
7999	0
8000	0
8001	0
8002	0
8003	0
8004	0
8005	0
8006	0
8007	0
8008	0
8009	0
8010	0
8011	0
8012	0
8013	0
8014	0
8015	0
8016	0
8017	0
8018	0
8019	0
8020	0
8021	0
8022	0
8023	0
8024	0
8025	0
8026	0
8027	0
8028	0
8029	0
8030	0
8031	0
8032	0
8033	0
8034	0
8035	0
8036	0
8037	0
8038	0
8039	0
8040	0
8041	0
8042	0
8043	0
8044	0
8045	0
8046	0
8047	0
8048	0
8049	0
8050	0
8051	0
8052	0
8053	0
8054	0
8055	0
8056	0
8057	0
8058	0
8059	0
8060	0
8061	0
8062	0
8063	0
8064	0
8065	0
8066	0
8067	0
8068	0
8069	0
8070	0
8071	0
8072	0
8073	0
8074	0
8075	0
8076	0
8077	0
8078	0
8079	0
8080	0
8081	0
8082	0
8083	0
8084	0
8085	0
8086	0
8087	0
8088	0
8089	0
8090	0
8091	0
8092	0
8093	0
8094	0
8095	0
8096	0
8097	0
8098	0
8099	0
8100	0
8101	0
8102	0
8103	0
8104	0
8105	0
8106	0
8107	0
8108	0
8109	0
8110	0
8111	0
8112	0
8113	0
8114	0
8115	0
8116	0
8117	0
8118	0
8119	0
8120	0
8121	0
8122	0
8123	0
8124	0
8125	0
8126	0
8127	0
8128	0
8129	0
8130	0
8131	0
8132	0
8133	0
8134	0
8135	0
8136	0
8137	0
8138	0
8139	0
8140	0
8141	0
8142	0
8143	0
8144	0
8145	0
8146	0
8147	0
8148	0
8149	0
8150	0
8151	0
8152	0
8153	0
8154	0
8155	0
8156	0
8157	0
8158	0
8159	0
8160	0
8161	0
8162	0
8163	0
8164	0
8165	0
8166	0
8167	0
8168	0
8169	0
8170	0
8171	0
8172	0
8173	0
8174	0
8175	0
8176	0
8177	0
8178	0
8179	0
8180	0
8181	0
8182	0
8183	0
8184	0
8185	0
8186	0
8187	0
8188	0
8189	0
8190	0
8191	0
