-2	20271
-1	20728.78
0	0
1	0
2	0
3	0
4	0
5	0
6	0
7	0
8	0
9	0
10	0
11	0
12	0
13	0
14	0
15	0
16	0
17	0
18	0
19	0
20	0
21	0
22	0
23	0
24	0
25	0
26	0
27	0
28	0
29	0
30	0
31	0
32	0
33	0
34	0
35	0
36	0
37	0
38	0
39	0
40	0
41	0
42	0
43	0
44	0
45	0
46	1
47	0
48	1
49	75
50	320
51	417
52	441
53	500
54	591
55	675
56	599
57	647
58	655
59	686
60	659
61	623
62	622
63	591
64	661
65	692
66	703
67	691
68	567
69	571
70	580
71	612
72	640
73	735
74	741
75	670
76	590
77	535
78	481
79	525
80	468
81	459
82	470
83	470
84	471
85	407
86	476
87	420
88	433
89	421
90	405
91	396
92	387
93	362
94	363
95	389
96	384
97	325
98	369
99	394
100	355
101	365
102	413
103	381
104	394
105	347
106	361
107	351
108	336
109	322
110	349
111	369
112	337
113	343
114	379
115	305
116	370
117	354
118	316
119	399
120	351
121	337
122	374
123	350
124	369
125	364
126	323
127	352
128	380
129	327
130	351
131	365
132	371
133	377
134	334
135	355
136	412
137	361
138	361
139	367
140	369
141	394
142	381
143	389
144	346
145	359
146	341
147	346
148	372
149	339
150	364
151	365
152	362
153	349
154	392
155	413
156	459
157	391
158	420
159	408
160	381
161	402
162	380
163	389
164	340
165	387
166	404
167	378
168	370
169	380
170	382
171	404
172	396
173	393
174	420
175	374
176	357
177	430
178	431
179	386
180	382
181	397
182	368
183	344
184	406
185	403
186	378
187	403
188	394
189	392
190	412
191	380
192	413
193	433
194	440
195	403
196	456
197	405
198	421
199	432
200	421
201	391
202	417
203	411
204	366
205	413
206	406
207	387
208	429
209	401
210	400
211	408
212	384
213	408
214	406
215	405
216	388
217	396
218	409
219	422
220	468
221	517
222	414
223	405
224	403
225	379
226	411
227	381
228	399
229	403
230	479
231	430
232	455
233	399
234	398
235	388
236	375
237	396
238	371
239	387
240	375
241	359
242	406
243	382
244	379
245	380
246	363
247	371
248	371
249	356
250	395
251	372
252	343
253	375
254	393
255	394
256	383
257	383
258	363
259	380
260	380
261	389
262	386
263	378
264	368
265	362
266	359
267	389
268	367
269	376
270	391
271	361
272	357
273	366
274	366
275	345
276	351
277	349
278	403
279	366
280	398
281	410
282	395
283	375
284	333
285	348
286	334
287	388
288	327
289	315
290	340
291	378
292	376
293	371
294	348
295	330
296	338
297	349
298	403
299	376
300	385
301	387
302	354
303	337
304	354
305	354
306	357
307	324
308	355
309	349
310	354
311	358
312	376
313	342
314	358
315	359
316	329
317	342
318	343
319	374
320	361
321	326
322	340
323	341
324	400
325	395
326	343
327	357
328	366
329	366
330	371
331	360
332	397
333	405
334	401
335	346
336	366
337	355
338	330
339	357
340	359
341	394
342	384
343	364
344	442
345	665
346	720
347	698
348	520
349	438
350	351
351	318
352	348
353	346
354	345
355	335
356	450
357	525
358	600
359	496
360	418
361	388
362	384
363	351
364	313
365	325
366	376
367	463
368	613
369	682
370	757
371	1072
372	1255
373	1127
374	700
375	454
376	362
377	357
378	342
379	363
380	325
381	251
382	309
383	273
384	298
385	324
386	257
387	322
388	302
389	344
390	326
391	313
392	284
393	301
394	298
395	285
396	315
397	314
398	310
399	302
400	280
401	277
402	277
403	260
404	323
405	324
406	356
407	528
408	698
409	889
410	784
411	576
412	417
413	334
414	302
415	315
416	396
417	595
418	625
419	488
420	343
421	297
422	283
423	291
424	297
425	329
426	328
427	337
428	298
429	301
430	261
431	290
432	247
433	272
434	300
435	266
436	246
437	277
438	239
439	256
440	251
441	280
442	265
443	277
444	221
445	268
446	266
447	247
448	256
449	234
450	256
451	261
452	223
453	260
454	259
455	232
456	224
457	269
458	267
459	266
460	263
461	300
462	281
463	311
464	344
465	313
466	323
467	271
468	282
469	250
470	244
471	285
472	301
473	312
474	287
475	259
476	256
477	243
478	223
479	255
480	240
481	240
482	254
483	250
484	207
485	232
486	248
487	252
488	259
489	232
490	275
491	235
492	261
493	239
494	241
495	226
496	247
497	198
498	238
499	246
500	253
501	228
502	243
503	257
504	255
505	260
506	251
507	243
508	241
509	243
510	236
511	235
512	231
513	221
514	231
515	233
516	277
517	236
518	244
519	249
520	237
521	239
522	248
523	229
524	265
525	221
526	199
527	227
528	193
529	242
530	226
531	201
532	240
533	245
534	229
535	217
536	197
537	222
538	226
539	200
540	204
541	235
542	220
543	217
544	235
545	228
546	211
547	191
548	205
549	221
550	208
551	232
552	193
553	246
554	221
555	196
556	184
557	215
558	196
559	231
560	225
561	283
562	356
563	607
564	1052
565	1746
566	2217
567	2201
568	1765
569	1340
570	819
571	477
572	313
573	283
574	234
575	225
576	229
577	232
578	215
579	222
580	187
581	170
582	190
583	184
584	200
585	198
586	203
587	183
588	180
589	203
590	176
591	173
592	178
593	176
594	175
595	176
596	177
597	162
598	171
599	159
600	162
601	157
602	175
603	180
604	172
605	160
606	166
607	155
608	166
609	155
610	161
611	132
612	169
613	161
614	163
615	158
616	165
617	164
618	148
619	148
620	141
621	155
622	147
623	173
624	165
625	183
626	193
627	178
628	205
629	196
630	178
631	163
632	193
633	194
634	165
635	181
636	151
637	165
638	173
639	165
640	174
641	136
642	167
643	155
644	177
645	189
646	196
647	164
648	169
649	173
650	168
651	169
652	170
653	162
654	185
655	153
656	164
657	161
658	172
659	197
660	180
661	226
662	248
663	338
664	295
665	269
666	279
667	295
668	266
669	249
670	228
671	254
672	230
673	253
674	269
675	323
676	256
677	270
678	253
679	261
680	269
681	278
682	271
683	273
684	336
685	412
686	433
687	427
688	352
689	236
690	208
691	237
692	183
693	204
694	185
695	194
696	189
697	197
698	204
699	190
700	214
701	212
702	190
703	232
704	163
705	179
706	176
707	202
708	171
709	183
710	193
711	228
712	223
713	178
714	168
715	181
716	176
717	153
718	147
719	173
720	178
721	165
722	232
723	308
724	316
725	249
726	169
727	160
728	177
729	151
730	186
731	279
732	649
733	1313
734	1687
735	1447
736	769
737	329
738	171
739	146
740	156
741	169
742	154
743	148
744	144
745	155
746	146
747	116
748	161
749	135
750	139
751	137
752	146
753	145
754	153
755	135
756	139
757	129
758	133
759	139
760	137
761	191
762	223
763	282
764	228
765	207
766	176
767	150
768	168
769	180
770	208
771	224
772	187
773	189
774	169
775	191
776	182
777	181
778	188
779	133
780	190
781	173
782	162
783	176
784	168
785	198
786	162
787	177
788	169
789	174
790	160
791	146
792	158
793	145
794	178
795	153
796	163
797	217
798	435
799	760
800	862
801	798
802	490
803	258
804	147
805	111
806	118
807	123
808	136
809	143
810	119
811	120
812	133
813	131
814	114
815	156
816	156
817	221
818	230
819	200
820	181
821	157
822	120
823	141
824	116
825	108
826	108
827	97
828	97
829	112
830	119
831	117
832	112
833	100
834	149
835	133
836	105
837	143
838	162
839	134
840	121
841	116
842	109
843	126
844	111
845	109
846	101
847	135
848	116
849	136
850	132
851	141
852	135
853	154
854	147
855	138
856	137
857	114
858	102
859	100
860	103
861	103
862	129
863	95
864	99
865	91
866	108
867	106
868	115
869	122
870	123
871	115
872	131
873	115
874	105
875	107
876	112
877	140
878	143
879	131
880	112
881	121
882	97
883	90
884	93
885	115
886	94
887	95
888	106
889	96
890	104
891	100
892	103
893	89
894	98
895	99
896	107
897	96
898	96
899	105
900	109
901	93
902	87
903	101
904	103
905	78
906	94
907	102
908	80
909	94
910	108
911	67
912	97
913	94
914	96
915	103
916	110
917	89
918	110
919	105
920	99
921	107
922	102
923	122
924	124
925	110
926	143
927	140
928	130
929	141
930	141
931	145
932	118
933	138
934	163
935	175
936	175
937	168
938	201
939	153
940	139
941	116
942	148
943	150
944	116
945	158
946	125
947	117
948	135
949	118
950	104
951	136
952	142
953	107
954	115
955	134
956	125
957	135
958	129
959	130
960	113
961	112
962	107
963	118
964	132
965	109
966	118
967	126
968	109
969	128
970	91
971	107
972	123
973	137
974	114
975	111
976	101
977	114
978	95
979	121
980	102
981	110
982	127
983	98
984	125
985	114
986	102
987	106
988	94
989	121
990	113
991	140
992	148
993	120
994	110
995	113
996	105
997	106
998	116
999	110
1000	117
1001	126
1002	123
1003	109
1004	100
1005	102
1006	106
1007	111
1008	117
1009	109
1010	111
1011	122
1012	111
1013	111
1014	106
1015	95
1016	88
1017	100
1018	92
1019	106
1020	111
1021	99
1022	95
1023	106
1024	92
1025	88
1026	101
1027	91
1028	91
1029	102
1030	107
1031	96
1032	103
1033	97
1034	98
1035	104
1036	93
1037	97
1038	88
1039	93
1040	93
1041	83
1042	77
1043	91
1044	91
1045	105
1046	95
1047	103
1048	90
1049	97
1050	82
1051	81
1052	74
1053	87
1054	90
1055	75
1056	59
1057	87
1058	86
1059	87
1060	108
1061	63
1062	93
1063	97
1064	127
1065	164
1066	145
1067	127
1068	113
1069	116
1070	100
1071	79
1072	98
1073	95
1074	87
1075	73
1076	93
1077	89
1078	82
1079	65
1080	61
1081	78
1082	86
1083	87
1084	79
1085	82
1086	82
1087	91
1088	84
1089	74
1090	96
1091	72
1092	83
1093	82
1094	89
1095	61
1096	78
1097	76
1098	86
1099	95
1100	78
1101	68
1102	82
1103	88
1104	82
1105	67
1106	80
1107	96
1108	88
1109	88
1110	88
1111	83
1112	82
1113	91
1114	77
1115	75
1116	77
1117	66
1118	66
1119	92
1120	90
1121	86
1122	99
1123	122
1124	113
1125	97
1126	99
1127	85
1128	75
1129	84
1130	85
1131	92
1132	90
1133	80
1134	86
1135	81
1136	78
1137	85
1138	74
1139	75
1140	95
1141	76
1142	83
1143	79
1144	82
1145	77
1146	79
1147	92
1148	80
1149	81
1150	79
1151	77
1152	95
1153	93
1154	106
1155	88
1156	106
1157	80
1158	108
1159	91
1160	89
1161	97
1162	112
1163	103
1164	105
1165	87
1166	105
1167	98
1168	87
1169	105
1170	97
1171	83
1172	91
1173	88
1174	91
1175	90
1176	85
1177	86
1178	98
1179	79
1180	96
1181	92
1182	78
1183	75
1184	101
1185	85
1186	84
1187	66
1188	95
1189	89
1190	78
1191	99
1192	104
1193	82
1194	87
1195	98
1196	74
1197	76
1198	87
1199	82
1200	61
1201	83
1202	91
1203	78
1204	80
1205	66
1206	89
1207	71
1208	72
1209	77
1210	97
1211	75
1212	80
1213	82
1214	70
1215	78
1216	81
1217	89
1218	69
1219	86
1220	77
1221	73
1222	71
1223	77
1224	68
1225	79
1226	69
1227	76
1228	87
1229	85
1230	83
1231	97
1232	87
1233	81
1234	100
1235	112
1236	109
1237	112
1238	96
1239	94
1240	117
1241	114
1242	109
1243	117
1244	92
1245	84
1246	92
1247	79
1248	83
1249	73
1250	84
1251	90
1252	91
1253	85
1254	85
1255	98
1256	72
1257	77
1258	73
1259	63
1260	54
1261	73
1262	63
1263	84
1264	100
1265	81
1266	63
1267	68
1268	75
1269	80
1270	75
1271	71
1272	71
1273	71
1274	65
1275	80
1276	74
1277	66
1278	65
1279	85
1280	67
1281	85
1282	79
1283	82
1284	79
1285	56
1286	83
1287	76
1288	62
1289	73
1290	75
1291	65
1292	71
1293	91
1294	68
1295	74
1296	61
1297	77
1298	89
1299	83
1300	73
1301	85
1302	66
1303	61
1304	69
1305	60
1306	78
1307	71
1308	76
1309	68
1310	63
1311	60
1312	76
1313	66
1314	79
1315	69
1316	65
1317	101
1318	58
1319	75
1320	64
1321	52
1322	73
1323	83
1324	71
1325	68
1326	67
1327	62
1328	63
1329	75
1330	74
1331	56
1332	81
1333	89
1334	72
1335	57
1336	72
1337	72
1338	75
1339	69
1340	94
1341	70
1342	80
1343	89
1344	87
1345	75
1346	96
1347	81
1348	81
1349	87
1350	78
1351	91
1352	101
1353	85
1354	85
1355	89
1356	84
1357	79
1358	70
1359	78
1360	85
1361	73
1362	81
1363	100
1364	89
1365	80
1366	70
1367	61
1368	78
1369	83
1370	96
1371	94
1372	88
1373	78
1374	80
1375	70
1376	83
1377	73
1378	76
1379	67
1380	87
1381	77
1382	84
1383	71
1384	70
1385	62
1386	86
1387	70
1388	59
1389	55
1390	78
1391	75
1392	69
1393	75
1394	78
1395	72
1396	68
1397	78
1398	58
1399	65
1400	57
1401	61
1402	61
1403	58
1404	78
1405	68
1406	65
1407	65
1408	69
1409	72
1410	81
1411	56
1412	73
1413	70
1414	60
1415	66
1416	66
1417	57
1418	75
1419	67
1420	56
1421	57
1422	52
1423	75
1424	74
1425	59
1426	52
1427	70
1428	60
1429	68
1430	63
1431	61
1432	73
1433	63
1434	72
1435	85
1436	66
1437	74
1438	54
1439	60
1440	68
1441	52
1442	67
1443	64
1444	72
1445	55
1446	73
1447	61
1448	54
1449	66
1450	53
1451	61
1452	56
1453	66
1454	71
1455	66
1456	61
1457	50
1458	45
1459	69
1460	55
1461	56
1462	48
1463	58
1464	60
1465	58
1466	69
1467	63
1468	90
1469	89
1470	87
1471	96
1472	71
1473	52
1474	81
1475	73
1476	63
1477	65
1478	63
1479	58
1480	72
1481	64
1482	73
1483	57
1484	60
1485	55
1486	68
1487	51
1488	72
1489	55
1490	63
1491	71
1492	64
1493	47
1494	58
1495	57
1496	74
1497	55
1498	61
1499	51
1500	54
1501	62
1502	76
1503	55
1504	69
1505	52
1506	63
1507	56
1508	60
1509	56
1510	55
1511	48
1512	51
1513	40
1514	48
1515	57
1516	64
1517	54
1518	60
1519	55
1520	55
1521	47
1522	69
1523	61
1524	57
1525	62
1526	70
1527	50
1528	51
1529	60
1530	58
1531	53
1532	61
1533	55
1534	43
1535	45
1536	67
1537	52
1538	67
1539	51
1540	62
1541	59
1542	56
1543	61
1544	54
1545	62
1546	49
1547	63
1548	63
1549	57
1550	51
1551	44
1552	55
1553	55
1554	67
1555	56
1556	55
1557	45
1558	56
1559	60
1560	57
1561	54
1562	66
1563	60
1564	62
1565	60
1566	55
1567	56
1568	44
1569	67
1570	55
1571	51
1572	64
1573	46
1574	60
1575	54
1576	64
1577	54
1578	52
1579	50
1580	49
1581	52
1582	54
1583	52
1584	50
1585	59
1586	59
1587	55
1588	67
1589	57
1590	62
1591	58
1592	59
1593	74
1594	56
1595	70
1596	79
1597	49
1598	60
1599	53
1600	57
1601	52
1602	50
1603	51
1604	58
1605	50
1606	50
1607	57
1608	58
1609	61
1610	60
1611	63
1612	70
1613	62
1614	82
1615	151
1616	195
1617	279
1618	236
1619	163
1620	115
1621	69
1622	60
1623	47
1624	62
1625	58
1626	56
1627	51
1628	72
1629	56
1630	53
1631	79
1632	64
1633	55
1634	55
1635	49
1636	56
1637	69
1638	63
1639	65
1640	70
1641	80
1642	62
1643	84
1644	58
1645	55
1646	52
1647	56
1648	51
1649	56
1650	48
1651	68
1652	59
1653	64
1654	72
1655	49
1656	49
1657	58
1658	58
1659	60
1660	66
1661	46
1662	42
1663	62
1664	56
1665	61
1666	63
1667	51
1668	71
1669	62
1670	70
1671	49
1672	52
1673	60
1674	56
1675	62
1676	61
1677	54
1678	60
1679	48
1680	44
1681	47
1682	35
1683	67
1684	54
1685	50
1686	48
1687	59
1688	50
1689	61
1690	47
1691	48
1692	61
1693	67
1694	63
1695	47
1696	69
1697	66
1698	57
1699	50
1700	46
1701	49
1702	57
1703	56
1704	54
1705	42
1706	55
1707	54
1708	68
1709	52
1710	50
1711	55
1712	61
1713	56
1714	57
1715	62
1716	50
1717	52
1718	40
1719	51
1720	61
1721	62
1722	46
1723	43
1724	56
1725	44
1726	47
1727	42
1728	51
1729	50
1730	44
1731	53
1732	58
1733	56
1734	49
1735	46
1736	55
1737	39
1738	47
1739	59
1740	55
1741	42
1742	50
1743	37
1744	44
1745	38
1746	54
1747	61
1748	41
1749	50
1750	55
1751	48
1752	57
1753	48
1754	33
1755	29
1756	54
1757	62
1758	45
1759	59
1760	46
1761	40
1762	42
1763	47
1764	52
1765	52
1766	51
1767	43
1768	51
1769	51
1770	48
1771	48
1772	59
1773	43
1774	38
1775	43
1776	40
1777	31
1778	30
1779	42
1780	40
1781	59
1782	50
1783	53
1784	58
1785	41
1786	48
1787	42
1788	39
1789	42
1790	54
1791	48
1792	39
1793	37
1794	46
1795	54
1796	40
1797	42
1798	56
1799	51
1800	42
1801	45
1802	47
1803	56
1804	44
1805	36
1806	47
1807	48
1808	45
1809	57
1810	44
1811	43
1812	33
1813	44
1814	46
1815	39
1816	57
1817	59
1818	44
1819	58
1820	38
1821	38
1822	52
1823	47
1824	43
1825	51
1826	32
1827	66
1828	44
1829	34
1830	43
1831	53
1832	43
1833	48
1834	44
1835	38
1836	59
1837	36
1838	41
1839	43
1840	49
1841	45
1842	47
1843	41
1844	53
1845	38
1846	50
1847	46
1848	43
1849	49
1850	46
1851	49
1852	45
1853	38
1854	29
1855	30
1856	44
1857	44
1858	44
1859	42
1860	48
1861	43
1862	45
1863	51
1864	52
1865	40
1866	46
1867	52
1868	46
1869	45
1870	42
1871	50
1872	33
1873	47
1874	40
1875	46
1876	47
1877	38
1878	22
1879	41
1880	37
1881	39
1882	39
1883	45
1884	34
1885	38
1886	47
1887	42
1888	42
1889	43
1890	38
1891	52
1892	34
1893	34
1894	48
1895	40
1896	50
1897	46
1898	43
1899	40
1900	42
1901	52
1902	45
1903	54
1904	52
1905	53
1906	47
1907	44
1908	55
1909	56
1910	57
1911	44
1912	43
1913	56
1914	46
1915	62
1916	58
1917	47
1918	46
1919	47
1920	52
1921	56
1922	43
1923	56
1924	37
1925	43
1926	51
1927	49
1928	38
1929	39
1930	56
1931	41
1932	46
1933	42
1934	47
1935	47
1936	65
1937	57
1938	57
1939	49
1940	67
1941	48
1942	41
1943	46
1944	67
1945	42
1946	43
1947	48
1948	43
1949	41
1950	51
1951	59
1952	46
1953	74
1954	67
1955	68
1956	59
1957	36
1958	55
1959	43
1960	33
1961	40
1962	42
1963	49
1964	55
1965	42
1966	45
1967	51
1968	50
1969	34
1970	41
1971	52
1972	40
1973	51
1974	46
1975	37
1976	37
1977	48
1978	37
1979	46
1980	38
1981	50
1982	53
1983	36
1984	30
1985	42
1986	43
1987	51
1988	44
1989	43
1990	36
1991	60
1992	39
1993	43
1994	44
1995	34
1996	45
1997	52
1998	37
1999	34
2000	48
2001	40
2002	44
2003	33
2004	34
2005	48
2006	46
2007	37
2008	44
2009	35
2010	43
2011	33
2012	44
2013	53
2014	40
2015	39
2016	33
2017	46
2018	47
2019	39
2020	38
2021	39
2022	41
2023	34
2024	44
2025	43
2026	41
2027	42
2028	20
2029	32
2030	41
2031	45
2032	39
2033	35
2034	50
2035	39
2036	37
2037	39
2038	43
2039	46
2040	35
2041	52
2042	51
2043	34
2044	39
2045	51
2046	33
2047	52
2048	38
2049	53
2050	38
2051	40
2052	44
2053	30
2054	32
2055	38
2056	39
2057	49
2058	52
2059	35
2060	48
2061	46
2062	52
2063	34
2064	46
2065	38
2066	47
2067	41
2068	44
2069	37
2070	32
2071	42
2072	45
2073	38
2074	33
2075	44
2076	39
2077	42
2078	43
2079	48
2080	33
2081	48
2082	30
2083	40
2084	37
2085	39
2086	36
2087	40
2088	43
2089	50
2090	35
2091	39
2092	41
2093	46
2094	45
2095	47
2096	39
2097	43
2098	37
2099	39
2100	38
2101	33
2102	38
2103	37
2104	52
2105	42
2106	33
2107	38
2108	40
2109	38
2110	39
2111	41
2112	34
2113	27
2114	36
2115	44
2116	33
2117	48
2118	48
2119	41
2120	37
2121	37
2122	34
2123	26
2124	30
2125	41
2126	39
2127	42
2128	37
2129	41
2130	44
2131	50
2132	51
2133	44
2134	49
2135	38
2136	35
2137	41
2138	45
2139	37
2140	48
2141	47
2142	44
2143	38
2144	40
2145	35
2146	53
2147	34
2148	40
2149	38
2150	53
2151	53
2152	58
2153	31
2154	37
2155	36
2156	39
2157	39
2158	37
2159	33
2160	53
2161	41
2162	47
2163	37
2164	39
2165	42
2166	44
2167	39
2168	28
2169	40
2170	37
2171	23
2172	36
2173	33
2174	46
2175	46
2176	43
2177	32
2178	34
2179	47
2180	34
2181	43
2182	44
2183	40
2184	35
2185	42
2186	33
2187	44
2188	35
2189	51
2190	41
2191	38
2192	38
2193	45
2194	37
2195	44
2196	42
2197	44
2198	30
2199	34
2200	35
2201	58
2202	38
2203	44
2204	43
2205	38
2206	42
2207	39
2208	46
2209	44
2210	49
2211	40
2212	33
2213	34
2214	37
2215	31
2216	33
2217	30
2218	22
2219	44
2220	37
2221	30
2222	52
2223	41
2224	36
2225	43
2226	39
2227	35
2228	46
2229	25
2230	30
2231	31
2232	33
2233	43
2234	38
2235	41
2236	37
2237	35
2238	33
2239	27
2240	47
2241	26
2242	40
2243	46
2244	41
2245	27
2246	36
2247	44
2248	36
2249	47
2250	37
2251	38
2252	45
2253	50
2254	29
2255	29
2256	40
2257	38
2258	36
2259	44
2260	38
2261	39
2262	42
2263	34
2264	37
2265	48
2266	37
2267	31
2268	44
2269	39
2270	34
2271	47
2272	34
2273	36
2274	37
2275	24
2276	29
2277	36
2278	35
2279	34
2280	35
2281	34
2282	41
2283	42
2284	28
2285	35
2286	50
2287	38
2288	41
2289	40
2290	34
2291	25
2292	37
2293	52
2294	32
2295	44
2296	45
2297	33
2298	45
2299	40
2300	29
2301	39
2302	38
2303	39
2304	38
2305	51
2306	30
2307	41
2308	30
2309	36
2310	34
2311	43
2312	28
2313	29
2314	38
2315	44
2316	45
2317	49
2318	47
2319	40
2320	36
2321	40
2322	52
2323	45
2324	42
2325	31
2326	43
2327	42
2328	50
2329	49
2330	16
2331	38
2332	40
2333	31
2334	26
2335	34
2336	45
2337	34
2338	39
2339	34
2340	46
2341	32
2342	44
2343	29
2344	37
2345	29
2346	33
2347	34
2348	40
2349	39
2350	30
2351	31
2352	33
2353	38
2354	29
2355	39
2356	34
2357	40
2358	30
2359	32
2360	47
2361	32
2362	40
2363	39
2364	26
2365	33
2366	42
2367	36
2368	36
2369	33
2370	31
2371	39
2372	35
2373	45
2374	35
2375	43
2376	37
2377	39
2378	34
2379	36
2380	40
2381	36
2382	31
2383	34
2384	43
2385	23
2386	39
2387	30
2388	26
2389	43
2390	35
2391	36
2392	33
2393	38
2394	47
2395	32
2396	38
2397	46
2398	37
2399	29
2400	45
2401	45
2402	25
2403	43
2404	34
2405	41
2406	34
2407	40
2408	40
2409	40
2410	48
2411	32
2412	31
2413	36
2414	39
2415	35
2416	37
2417	40
2418	27
2419	38
2420	34
2421	25
2422	33
2423	45
2424	26
2425	37
2426	39
2427	31
2428	44
2429	30
2430	36
2431	45
2432	35
2433	35
2434	31
2435	42
2436	38
2437	45
2438	49
2439	49
2440	34
2441	38
2442	42
2443	44
2444	39
2445	40
2446	34
2447	45
2448	44
2449	45
2450	36
2451	43
2452	43
2453	57
2454	41
2455	33
2456	45
2457	31
2458	29
2459	44
2460	35
2461	34
2462	31
2463	45
2464	31
2465	30
2466	29
2467	41
2468	38
2469	39
2470	38
2471	34
2472	43
2473	30
2474	33
2475	31
2476	39
2477	31
2478	39
2479	29
2480	44
2481	44
2482	47
2483	26
2484	29
2485	41
2486	33
2487	39
2488	32
2489	43
2490	33
2491	42
2492	39
2493	38
2494	35
2495	40
2496	48
2497	34
2498	39
2499	32
2500	31
2501	27
2502	44
2503	42
2504	37
2505	33
2506	41
2507	42
2508	35
2509	34
2510	34
2511	43
2512	42
2513	39
2514	32
2515	29
2516	29
2517	41
2518	34
2519	37
2520	44
2521	40
2522	35
2523	30
2524	40
2525	35
2526	16
2527	34
2528	38
2529	38
2530	28
2531	32
2532	45
2533	28
2534	30
2535	34
2536	30
2537	36
2538	34
2539	32
2540	42
2541	32
2542	34
2543	32
2544	41
2545	35
2546	38
2547	29
2548	28
2549	33
2550	40
2551	27
2552	41
2553	27
2554	33
2555	30
2556	31
2557	28
2558	39
2559	32
2560	41
2561	30
2562	49
2563	28
2564	36
2565	25
2566	23
2567	33
2568	34
2569	34
2570	40
2571	37
2572	40
2573	33
2574	29
2575	26
2576	31
2577	39
2578	18
2579	32
2580	40
2581	38
2582	22
2583	33
2584	43
2585	32
2586	37
2587	38
2588	30
2589	38
2590	32
2591	37
2592	35
2593	36
2594	27
2595	29
2596	28
2597	31
2598	33
2599	30
2600	33
2601	42
2602	35
2603	34
2604	34
2605	47
2606	41
2607	39
2608	31
2609	30
2610	27
2611	29
2612	40
2613	34
2614	27
2615	38
2616	31
2617	38
2618	31
2619	39
2620	29
2621	40
2622	34
2623	40
2624	38
2625	33
2626	28
2627	36
2628	30
2629	47
2630	36
2631	40
2632	32
2633	29
2634	39
2635	37
2636	27
2637	41
2638	35
2639	32
2640	26
2641	28
2642	21
2643	41
2644	38
2645	27
2646	35
2647	42
2648	24
2649	31
2650	36
2651	45
2652	32
2653	29
2654	24
2655	33
2656	42
2657	24
2658	31
2659	36
2660	33
2661	33
2662	34
2663	35
2664	20
2665	31
2666	21
2667	31
2668	31
2669	32
2670	23
2671	38
2672	29
2673	24
2674	36
2675	30
2676	25
2677	36
2678	34
2679	35
2680	35
2681	35
2682	35
2683	29
2684	35
2685	26
2686	36
2687	41
2688	26
2689	36
2690	43
2691	38
2692	31
2693	27
2694	28
2695	21
2696	33
2697	31
2698	30
2699	36
2700	36
2701	31
2702	30
2703	36
2704	32
2705	31
2706	37
2707	40
2708	35
2709	42
2710	26
2711	29
2712	42
2713	39
2714	35
2715	32
2716	27
2717	29
2718	35
2719	29
2720	26
2721	35
2722	24
2723	38
2724	26
2725	30
2726	24
2727	27
2728	33
2729	46
2730	30
2731	42
2732	37
2733	40
2734	26
2735	31
2736	31
2737	34
2738	22
2739	27
2740	27
2741	40
2742	29
2743	28
2744	25
2745	34
2746	26
2747	31
2748	26
2749	38
2750	34
2751	27
2752	24
2753	26
2754	33
2755	34
2756	28
2757	24
2758	31
2759	30
2760	35
2761	31
2762	32
2763	27
2764	31
2765	34
2766	20
2767	37
2768	28
2769	28
2770	36
2771	34
2772	41
2773	29
2774	32
2775	33
2776	33
2777	27
2778	40
2779	37
2780	42
2781	37
2782	23
2783	29
2784	25
2785	37
2786	27
2787	33
2788	40
2789	33
2790	32
2791	36
2792	30
2793	46
2794	25
2795	33
2796	30
2797	32
2798	33
2799	35
2800	36
2801	34
2802	39
2803	29
2804	18
2805	21
2806	23
2807	28
2808	32
2809	48
2810	30
2811	25
2812	33
2813	46
2814	36
2815	26
2816	25
2817	38
2818	37
2819	25
2820	37
2821	35
2822	29
2823	42
2824	54
2825	29
2826	38
2827	23
2828	32
2829	29
2830	21
2831	33
2832	32
2833	20
2834	34
2835	42
2836	28
2837	29
2838	26
2839	22
2840	36
2841	36
2842	27
2843	37
2844	36
2845	31
2846	28
2847	32
2848	22
2849	24
2850	24
2851	31
2852	27
2853	27
2854	24
2855	32
2856	38
2857	32
2858	21
2859	27
2860	37
2861	41
2862	39
2863	27
2864	35
2865	26
2866	42
2867	41
2868	47
2869	35
2870	27
2871	34
2872	42
2873	34
2874	28
2875	29
2876	22
2877	22
2878	30
2879	45
2880	35
2881	28
2882	38
2883	25
2884	30
2885	25
2886	32
2887	29
2888	30
2889	41
2890	47
2891	64
2892	74
2893	90
2894	84
2895	66
2896	74
2897	43
2898	32
2899	31
2900	35
2901	25
2902	43
2903	23
2904	30
2905	36
2906	29
2907	39
2908	35
2909	25
2910	37
2911	34
2912	27
2913	39
2914	31
2915	22
2916	18
2917	27
2918	31
2919	35
2920	28
2921	27
2922	28
2923	29
2924	32
2925	35
2926	34
2927	29
2928	39
2929	21
2930	33
2931	31
2932	37
2933	21
2934	20
2935	45
2936	38
2937	38
2938	38
2939	20
2940	27
2941	27
2942	24
2943	29
2944	32
2945	31
2946	21
2947	38
2948	26
2949	28
2950	30
2951	31
2952	27
2953	24
2954	24
2955	30
2956	25
2957	25
2958	22
2959	36
2960	31
2961	28
2962	26
2963	23
2964	31
2965	29
2966	21
2967	28
2968	34
2969	30
2970	27
2971	32
2972	25
2973	28
2974	27
2975	28
2976	38
2977	32
2978	39
2979	25
2980	28
2981	33
2982	28
2983	25
2984	31
2985	25
2986	30
2987	28
2988	44
2989	27
2990	24
2991	46
2992	30
2993	26
2994	21
2995	34
2996	22
2997	25
2998	23
2999	31
3000	28
3001	24
3002	25
3003	28
3004	32
3005	35
3006	22
3007	27
3008	28
3009	24
3010	24
3011	31
3012	26
3013	30
3014	32
3015	26
3016	19
3017	25
3018	14
3019	32
3020	19
3021	28
3022	26
3023	30
3024	29
3025	27
3026	26
3027	22
3028	40
3029	36
3030	33
3031	28
3032	20
3033	37
3034	29
3035	25
3036	37
3037	26
3038	31
3039	35
3040	22
3041	29
3042	34
3043	31
3044	20
3045	33
3046	30
3047	23
3048	39
3049	35
3050	33
3051	33
3052	25
3053	33
3054	22
3055	37
3056	29
3057	23
3058	29
3059	19
3060	24
3061	25
3062	30
3063	23
3064	26
3065	17
3066	26
3067	21
3068	31
3069	18
3070	32
3071	33
3072	33
3073	43
3074	28
3075	33
3076	30
3077	25
3078	24
3079	26
3080	26
3081	30
3082	30
3083	19
3084	31
3085	39
3086	28
3087	38
3088	27
3089	23
3090	36
3091	31
3092	22
3093	25
3094	26
3095	28
3096	26
3097	39
3098	27
3099	32
3100	32
3101	32
3102	37
3103	7
3104	27
3105	26
3106	32
3107	33
3108	29
3109	29
3110	30
3111	37
3112	25
3113	37
3114	31
3115	29
3116	20
3117	30
3118	39
3119	31
3120	25
3121	17
3122	37
3123	26
3124	21
3125	23
3126	20
3127	31
3128	27
3129	30
3130	29
3131	31
3132	30
3133	22
3134	24
3135	29
3136	24
3137	19
3138	21
3139	32
3140	28
3141	22
3142	36
3143	32
3144	32
3145	28
3146	27
3147	26
3148	42
3149	24
3150	25
3151	31
3152	25
3153	38
3154	27
3155	27
3156	24
3157	28
3158	32
3159	29
3160	33
3161	30
3162	31
3163	34
3164	28
3165	26
3166	29
3167	27
3168	30
3169	39
3170	24
3171	29
3172	36
3173	22
3174	32
3175	40
3176	30
3177	26
3178	18
3179	25
3180	22
3181	32
3182	33
3183	36
3184	23
3185	19
3186	35
3187	31
3188	31
3189	30
3190	22
3191	24
3192	33
3193	26
3194	33
3195	25
3196	27
3197	30
3198	17
3199	26
3200	30
3201	22
3202	25
3203	28
3204	44
3205	38
3206	29
3207	20
3208	40
3209	25
3210	28
3211	27
3212	28
3213	28
3214	22
3215	29
3216	29
3217	18
3218	23
3219	24
3220	29
3221	30
3222	28
3223	24
3224	26
3225	25
3226	18
3227	18
3228	28
3229	23
3230	27
3231	27
3232	23
3233	10
3234	17
3235	25
3236	29
3237	24
3238	29
3239	24
3240	29
3241	24
3242	27
3243	20
3244	18
3245	28
3246	36
3247	24
3248	31
3249	19
3250	29
3251	24
3252	26
3253	29
3254	23
3255	28
3256	25
3257	23
3258	32
3259	33
3260	20
3261	25
3262	26
3263	27
3264	26
3265	30
3266	29
3267	26
3268	20
3269	27
3270	35
3271	28
3272	27
3273	23
3274	19
3275	21
3276	33
3277	31
3278	26
3279	32
3280	30
3281	35
3282	20
3283	30
3284	31
3285	29
3286	20
3287	23
3288	39
3289	25
3290	29
3291	25
3292	24
3293	22
3294	25
3295	27
3296	37
3297	27
3298	26
3299	24
3300	24
3301	30
3302	16
3303	26
3304	21
3305	35
3306	26
3307	31
3308	27
3309	32
3310	35
3311	36
3312	29
3313	25
3314	27
3315	38
3316	23
3317	34
3318	27
3319	30
3320	36
3321	31
3322	27
3323	33
3324	31
3325	31
3326	25
3327	37
3328	28
3329	11
3330	25
3331	27
3332	32
3333	34
3334	34
3335	37
3336	26
3337	24
3338	26
3339	31
3340	21
3341	30
3342	23
3343	24
3344	26
3345	28
3346	37
3347	41
3348	23
3349	34
3350	29
3351	25
3352	20
3353	30
3354	23
3355	27
3356	28
3357	26
3358	22
3359	21
3360	27
3361	22
3362	21
3363	37
3364	24
3365	31
3366	31
3367	37
3368	31
3369	27
3370	27
3371	32
3372	25
3373	27
3374	23
3375	33
3376	29
3377	21
3378	34
3379	27
3380	24
3381	21
3382	26
3383	31
3384	27
3385	26
3386	35
3387	29
3388	30
3389	26
3390	27
3391	23
3392	35
3393	29
3394	43
3395	19
3396	40
3397	28
3398	30
3399	28
3400	30
3401	27
3402	27
3403	34
3404	24
3405	26
3406	22
3407	23
3408	24
3409	35
3410	25
3411	29
3412	28
3413	26
3414	25
3415	33
3416	34
3417	30
3418	24
3419	31
3420	25
3421	28
3422	28
3423	37
3424	19
3425	27
3426	29
3427	20
3428	26
3429	31
3430	33
3431	29
3432	26
3433	34
3434	26
3435	35
3436	23
3437	24
3438	34
3439	30
3440	19
3441	23
3442	27
3443	22
3444	23
3445	24
3446	27
3447	26
3448	22
3449	30
3450	29
3451	19
3452	24
3453	31
3454	38
3455	37
3456	25
3457	24
3458	30
3459	25
3460	27
3461	28
3462	27
3463	24
3464	36
3465	25
3466	18
3467	35
3468	16
3469	25
3470	28
3471	27
3472	16
3473	28
3474	25
3475	32
3476	34
3477	25
3478	24
3479	29
3480	32
3481	38
3482	30
3483	22
3484	27
3485	44
3486	29
3487	30
3488	26
3489	31
3490	31
3491	31
3492	35
3493	23
3494	23
3495	28
3496	27
3497	28
3498	27
3499	14
3500	25
3501	35
3502	22
3503	23
3504	37
3505	38
3506	34
3507	32
3508	22
3509	36
3510	33
3511	31
3512	19
3513	28
3514	18
3515	25
3516	28
3517	23
3518	37
3519	30
3520	26
3521	36
3522	26
3523	32
3524	22
3525	19
3526	25
3527	35
3528	32
3529	29
3530	22
3531	27
3532	28
3533	30
3534	29
3535	23
3536	33
3537	24
3538	29
3539	37
3540	28
3541	31
3542	17
3543	22
3544	17
3545	36
3546	28
3547	23
3548	34
3549	31
3550	30
3551	29
3552	16
3553	36
3554	30
3555	26
3556	45
3557	26
3558	22
3559	27
3560	27
3561	25
3562	31
3563	25
3564	33
3565	18
3566	17
3567	15
3568	28
3569	42
3570	24
3571	29
3572	34
3573	19
3574	29
3575	19
3576	27
3577	28
3578	33
3579	26
3580	32
3581	27
3582	25
3583	33
3584	23
3585	30
3586	32
3587	20
3588	25
3589	27
3590	30
3591	25
3592	30
3593	28
3594	27
3595	31
3596	25
3597	25
3598	26
3599	31
3600	20
3601	27
3602	31
3603	18
3604	22
3605	33
3606	30
3607	25
3608	30
3609	33
3610	27
3611	22
3612	34
3613	18
3614	24
3615	30
3616	28
3617	26
3618	25
3619	23
3620	27
3621	23
3622	21
3623	22
3624	23
3625	36
3626	30
3627	30
3628	32
3629	26
3630	25
3631	26
3632	34
3633	22
3634	29
3635	25
3636	23
3637	22
3638	33
3639	22
3640	25
3641	26
3642	30
3643	27
3644	20
3645	21
3646	27
3647	30
3648	37
3649	22
3650	31
3651	22
3652	34
3653	21
3654	29
3655	29
3656	23
3657	25
3658	24
3659	19
3660	22
3661	17
3662	25
3663	24
3664	34
3665	24
3666	20
3667	17
3668	22
3669	29
3670	28
3671	29
3672	31
3673	32
3674	23
3675	25
3676	30
3677	32
3678	19
3679	26
3680	25
3681	26
3682	23
3683	31
3684	23
3685	27
3686	25
3687	27
3688	40
3689	36
3690	29
3691	45
3692	18
3693	23
3694	43
3695	24
3696	30
3697	28
3698	28
3699	32
3700	25
3701	22
3702	32
3703	34
3704	33
3705	38
3706	46
3707	36
3708	38
3709	29
3710	32
3711	19
3712	43
3713	30
3714	27
3715	24
3716	30
3717	43
3718	37
3719	38
3720	31
3721	29
3722	33
3723	23
3724	35
3725	26
3726	31
3727	31
3728	40
3729	32
3730	28
3731	30
3732	33
3733	29
3734	33
3735	33
3736	42
3737	35
3738	32
3739	28
3740	29
3741	38
3742	34
3743	38
3744	40
3745	31
3746	49
3747	35
3748	39
3749	40
3750	34
3751	41
3752	38
3753	53
3754	52
3755	41
3756	36
3757	45
3758	30
3759	40
3760	48
3761	37
3762	37
3763	47
3764	37
3765	42
3766	31
3767	42
3768	36
3769	37
3770	33
3771	38
3772	32
3773	41
3774	43
3775	46
3776	29
3777	37
3778	57
3779	39
3780	49
3781	37
3782	39
3783	40
3784	41
3785	56
3786	32
3787	38
3788	40
3789	58
3790	39
3791	37
3792	26
3793	39
3794	43
3795	42
3796	37
3797	45
3798	45
3799	36
3800	45
3801	46
3802	41
3803	30
3804	53
3805	45
3806	52
3807	45
3808	37
3809	32
3810	38
3811	43
3812	27
3813	41
3814	39
3815	40
3816	41
3817	38
3818	39
3819	54
3820	41
3821	43
3822	39
3823	35
3824	44
3825	52
3826	36
3827	39
3828	29
3829	43
3830	47
3831	42
3832	38
3833	29
3834	41
3835	38
3836	35
3837	38
3838	37
3839	30
3840	32
3841	35
3842	38
3843	46
3844	47
3845	40
3846	35
3847	38
3848	29
3849	34
3850	30
3851	45
3852	41
3853	31
3854	38
3855	34
3856	31
3857	45
3858	34
3859	34
3860	38
3861	47
3862	39
3863	45
3864	35
3865	42
3866	31
3867	42
3868	38
3869	29
3870	31
3871	38
3872	37
3873	37
3874	52
3875	46
3876	42
3877	44
3878	39
3879	39
3880	41
3881	43
3882	35
3883	34
3884	26
3885	33
3886	45
3887	36
3888	32
3889	25
3890	34
3891	37
3892	41
3893	35
3894	31
3895	36
3896	34
3897	37
3898	38
3899	42
3900	38
3901	38
3902	40
3903	30
3904	34
3905	28
3906	45
3907	39
3908	36
3909	35
3910	30
3911	41
3912	34
3913	24
3914	38
3915	40
3916	47
3917	41
3918	50
3919	33
3920	34
3921	48
3922	35
3923	39
3924	34
3925	39
3926	40
3927	35
3928	25
3929	34
3930	42
3931	32
3932	53
3933	29
3934	29
3935	34
3936	38
3937	36
3938	39
3939	40
3940	51
3941	45
3942	42
3943	40
3944	41
3945	45
3946	36
3947	37
3948	32
3949	41
3950	29
3951	38
3952	24
3953	33
3954	38
3955	44
3956	34
3957	36
3958	44
3959	37
3960	38
3961	32
3962	42
3963	34
3964	31
3965	33
3966	47
3967	33
3968	44
3969	42
3970	47
3971	44
3972	40
3973	40
3974	35
3975	42
3976	30
3977	36
3978	39
3979	28
3980	34
3981	45
3982	34
3983	48
3984	27
3985	44
3986	38
3987	40
3988	43
3989	42
3990	30
3991	30
3992	38
3993	44
3994	54
3995	32
3996	52
3997	42
3998	29
3999	38
4000	38
4001	47
4002	31
4003	37
4004	34
4005	28
4006	43
4007	30
4008	34
4009	31
4010	36
4011	33
4012	41
4013	45
4014	51
4015	41
4016	39
4017	37
4018	41
4019	37
4020	30
4021	43
4022	49
4023	42
4024	44
4025	47
4026	36
4027	54
4028	31
4029	38
4030	42
4031	36
4032	47
4033	35
4034	44
4035	37
4036	36
4037	38
4038	38
4039	44
4040	46
4041	50
4042	38
4043	30
4044	42
4045	37
4046	50
4047	40
4048	37
4049	35
4050	40
4051	47
4052	44
4053	46
4054	34
4055	36
4056	41
4057	42
4058	40
4059	46
4060	52
4061	51
4062	39
4063	43
4064	53
4065	33
4066	39
4067	42
4068	39
4069	35
4070	54
4071	38
4072	42
4073	45
4074	38
4075	38
4076	42
4077	51
4078	58
4079	44
4080	33
4081	42
4082	27
4083	51
4084	40
4085	47
4086	45
4087	39
4088	51
4089	40
4090	40
4091	39
4092	48
4093	44
4094	53
4095	40
4096	46
4097	38
4098	47
4099	43
4100	36
4101	53
4102	38
4103	46
4104	45
4105	40
4106	31
4107	47
4108	32
4109	37
4110	43
4111	48
4112	40
4113	49
4114	53
4115	35
4116	47
4117	41
4118	32
4119	31
4120	50
4121	42
4122	41
4123	49
4124	42
4125	37
4126	35
4127	44
4128	39
4129	42
4130	42
4131	35
4132	40
4133	39
4134	47
4135	51
4136	42
4137	34
4138	39
4139	39
4140	42
4141	47
4142	33
4143	56
4144	52
4145	54
4146	41
4147	58
4148	40
4149	49
4150	57
4151	34
4152	48
4153	32
4154	47
4155	46
4156	30
4157	49
4158	46
4159	36
4160	49
4161	31
4162	45
4163	44
4164	50
4165	47
4166	41
4167	46
4168	46
4169	41
4170	37
4171	44
4172	37
4173	30
4174	45
4175	40
4176	41
4177	46
4178	38
4179	25
4180	32
4181	31
4182	39
4183	40
4184	30
4185	59
4186	41
4187	38
4188	42
4189	34
4190	31
4191	42
4192	37
4193	38
4194	34
4195	38
4196	39
4197	37
4198	46
4199	45
4200	54
4201	44
4202	34
4203	36
4204	36
4205	36
4206	44
4207	41
4208	35
4209	41
4210	27
4211	41
4212	34
4213	31
4214	46
4215	43
4216	29
4217	36
4218	36
4219	36
4220	40
4221	46
4222	29
4223	40
4224	37
4225	24
4226	32
4227	39
4228	36
4229	36
4230	36
4231	37
4232	26
4233	47
4234	37
4235	37
4236	32
4237	30
4238	35
4239	40
4240	39
4241	37
4242	32
4243	48
4244	36
4245	32
4246	39
4247	47
4248	36
4249	47
4250	38
4251	38
4252	43
4253	36
4254	21
4255	43
4256	35
4257	41
4258	31
4259	35
4260	39
4261	50
4262	51
4263	42
4264	39
4265	35
4266	39
4267	41
4268	41
4269	41
4270	47
4271	39
4272	46
4273	37
4274	47
4275	34
4276	44
4277	45
4278	38
4279	48
4280	51
4281	45
4282	47
4283	48
4284	47
4285	51
4286	69
4287	48
4288	59
4289	39
4290	54
4291	51
4292	52
4293	52
4294	70
4295	55
4296	74
4297	65
4298	76
4299	55
4300	51
4301	54
4302	59
4303	59
4304	66
4305	63
4306	66
4307	64
4308	76
4309	63
4310	67
4311	67
4312	77
4313	81
4314	58
4315	70
4316	77
4317	64
4318	87
4319	73
4320	61
4321	79
4322	86
4323	58
4324	82
4325	81
4326	70
4327	69
4328	71
4329	69
4330	72
4331	76
4332	82
4333	72
4334	70
4335	77
4336	91
4337	86
4338	88
4339	79
4340	102
4341	68
4342	82
4343	83
4344	63
4345	75
4346	72
4347	91
4348	76
4349	69
4350	79
4351	76
4352	66
4353	77
4354	84
4355	66
4356	79
4357	74
4358	64
4359	63
4360	62
4361	75
4362	71
4363	71
4364	82
4365	72
4366	70
4367	84
4368	85
4369	55
4370	62
4371	85
4372	85
4373	75
4374	65
4375	81
4376	87
4377	70
4378	69
4379	75
4380	72
4381	64
4382	69
4383	58
4384	53
4385	66
4386	65
4387	67
4388	61
4389	72
4390	62
4391	60
4392	71
4393	66
4394	43
4395	75
4396	52
4397	79
4398	67
4399	54
4400	72
4401	47
4402	73
4403	61
4404	71
4405	62
4406	57
4407	66
4408	52
4409	53
4410	60
4411	69
4412	63
4413	78
4414	55
4415	60
4416	52
4417	51
4418	50
4419	55
4420	54
4421	61
4422	48
4423	63
4424	47
4425	49
4426	54
4427	70
4428	47
4429	61
4430	47
4431	66
4432	50
4433	45
4434	52
4435	44
4436	52
4437	63
4438	61
4439	52
4440	45
4441	35
4442	49
4443	47
4444	49
4445	38
4446	41
4447	59
4448	49
4449	43
4450	54
4451	41
4452	57
4453	33
4454	44
4455	58
4456	42
4457	40
4458	42
4459	64
4460	33
4461	43
4462	50
4463	33
4464	54
4465	36
4466	37
4467	48
4468	48
4469	43
4470	52
4471	42
4472	42
4473	40
4474	36
4475	52
4476	38
4477	50
4478	49
4479	52
4480	40
4481	38
4482	49
4483	47
4484	51
4485	45
4486	58
4487	38
4488	49
4489	25
4490	33
4491	50
4492	55
4493	32
4494	56
4495	52
4496	38
4497	48
4498	39
4499	42
4500	48
4501	47
4502	48
4503	50
4504	37
4505	49
4506	45
4507	54
4508	44
4509	46
4510	39
4511	58
4512	43
4513	49
4514	42
4515	50
4516	42
4517	49
4518	47
4519	52
4520	47
4521	48
4522	73
4523	45
4524	49
4525	58
4526	54
4527	33
4528	46
4529	38
4530	50
4531	38
4532	47
4533	45
4534	57
4535	38
4536	58
4537	58
4538	47
4539	42
4540	39
4541	54
4542	49
4543	70
4544	47
4545	60
4546	50
4547	34
4548	37
4549	43
4550	55
4551	60
4552	65
4553	43
4554	45
4555	72
4556	39
4557	50
4558	59
4559	57
4560	57
4561	47
4562	43
4563	59
4564	48
4565	51
4566	53
4567	52
4568	51
4569	41
4570	36
4571	58
4572	67
4573	55
4574	53
4575	46
4576	57
4577	48
4578	45
4579	46
4580	47
4581	53
4582	54
4583	50
4584	51
4585	55
4586	63
4587	47
4588	49
4589	44
4590	46
4591	35
4592	52
4593	45
4594	57
4595	59
4596	50
4597	61
4598	41
4599	50
4600	46
4601	46
4602	60
4603	54
4604	53
4605	35
4606	60
4607	50
4608	73
4609	49
4610	48
4611	55
4612	51
4613	51
4614	50
4615	53
4616	58
4617	42
4618	62
4619	40
4620	77
4621	47
4622	47
4623	75
4624	59
4625	48
4626	45
4627	64
4628	48
4629	64
4630	55
4631	49
4632	57
4633	51
4634	50
4635	45
4636	56
4637	52
4638	54
4639	47
4640	51
4641	44
4642	47
4643	40
4644	56
4645	47
4646	39
4647	42
4648	40
4649	49
4650	43
4651	48
4652	46
4653	60
4654	46
4655	52
4656	58
4657	48
4658	34
4659	57
4660	34
4661	50
4662	45
4663	48
4664	43
4665	38
4666	41
4667	39
4668	45
4669	43
4670	53
4671	41
4672	39
4673	48
4674	54
4675	38
4676	44
4677	40
4678	38
4679	44
4680	50
4681	45
4682	43
4683	58
4684	43
4685	46
4686	40
4687	46
4688	41
4689	35
4690	61
4691	47
4692	39
4693	41
4694	51
4695	51
4696	47
4697	38
4698	40
4699	52
4700	47
4701	33
4702	24
4703	47
4704	42
4705	37
4706	36
4707	41
4708	38
4709	42
4710	45
4711	48
4712	39
4713	36
4714	44
4715	41
4716	41
4717	31
4718	36
4719	33
4720	30
4721	39
4722	41
4723	42
4724	31
4725	39
4726	43
4727	29
4728	38
4729	48
4730	41
4731	37
4732	41
4733	34
4734	39
4735	31
4736	34
4737	39
4738	30
4739	38
4740	24
4741	27
4742	35
4743	16
4744	27
4745	24
4746	33
4747	29
4748	25
4749	25
4750	31
4751	30
4752	24
4753	36
4754	26
4755	29
4756	20
4757	35
4758	40
4759	27
4760	18
4761	19
4762	24
4763	14
4764	23
4765	32
4766	34
4767	19
4768	22
4769	22
4770	34
4771	25
4772	28
4773	24
4774	20
4775	21
4776	25
4777	25
4778	25
4779	27
4780	9
4781	20
4782	20
4783	19
4784	27
4785	30
4786	24
4787	12
4788	28
4789	18
4790	19
4791	17
4792	20
4793	16
4794	19
4795	20
4796	17
4797	29
4798	24
4799	21
4800	26
4801	17
4802	19
4803	28
4804	24
4805	21
4806	16
4807	15
4808	19
4809	25
4810	14
4811	19
4812	22
4813	31
4814	27
4815	22
4816	25
4817	18
4818	18
4819	13
4820	27
4821	15
4822	29
4823	22
4824	27
4825	31
4826	33
4827	20
4828	24
4829	32
4830	27
4831	34
4832	34
4833	33
4834	34
4835	31
4836	25
4837	40
4838	37
4839	49
4840	44
4841	38
4842	33
4843	35
4844	29
4845	42
4846	33
4847	46
4848	51
4849	52
4850	44
4851	54
4852	50
4853	58
4854	56
4855	48
4856	43
4857	45
4858	49
4859	59
4860	50
4861	62
4862	72
4863	65
4864	73
4865	54
4866	87
4867	85
4868	76
4869	91
4870	80
4871	74
4872	96
4873	101
4874	95
4875	88
4876	98
4877	90
4878	97
4879	90
4880	119
4881	101
4882	91
4883	112
4884	94
4885	112
4886	108
4887	112
4888	103
4889	112
4890	106
4891	100
4892	106
4893	83
4894	101
4895	97
4896	98
4897	113
4898	108
4899	102
4900	107
4901	107
4902	109
4903	99
4904	121
4905	103
4906	100
4907	102
4908	103
4909	103
4910	112
4911	99
4912	90
4913	80
4914	87
4915	113
4916	109
4917	109
4918	98
4919	95
4920	113
4921	113
4922	92
4923	99
4924	96
4925	108
4926	86
4927	77
4928	98
4929	94
4930	100
4931	84
4932	88
4933	99
4934	119
4935	89
4936	99
4937	101
4938	83
4939	83
4940	99
4941	85
4942	78
4943	79
4944	77
4945	91
4946	103
4947	100
4948	85
4949	90
4950	76
4951	82
4952	67
4953	78
4954	72
4955	89
4956	60
4957	79
4958	64
4959	67
4960	72
4961	55
4962	64
4963	63
4964	51
4965	55
4966	67
4967	57
4968	57
4969	61
4970	46
4971	50
4972	51
4973	47
4974	54
4975	55
4976	46
4977	42
4978	36
4979	51
4980	36
4981	42
4982	45
4983	44
4984	28
4985	31
4986	42
4987	39
4988	28
4989	34
4990	45
4991	36
4992	26
4993	30
4994	14
4995	32
4996	25
4997	26
4998	16
4999	29
5000	20
5001	26
5002	20
5003	20
5004	14
5005	20
5006	21
5007	17
5008	16
5009	17
5010	12
5011	15
5012	10
5013	20
5014	15
5015	13
5016	12
5017	16
5018	15
5019	14
5020	12
5021	12
5022	9
5023	15
5024	7
5025	7
5026	8
5027	7
5028	7
5029	1
5030	10
5031	14
5032	12
5033	4
5034	7
5035	7
5036	10
5037	9
5038	3
5039	9
5040	5
5041	5
5042	11
5043	15
5044	6
5045	7
5046	11
5047	12
5048	12
5049	10
5050	7
5051	6
5052	6
5053	10
5054	6
5055	11
5056	13
5057	2
5058	9
5059	11
5060	9
5061	4
5062	9
5063	10
5064	9
5065	12
5066	4
5067	9
5068	7
5069	8
5070	5
5071	5
5072	8
5073	5
5074	9
5075	6
5076	3
5077	5
5078	6
5079	7
5080	7
5081	13
5082	13
5083	10
5084	8
5085	14
5086	7
5087	9
5088	9
5089	4
5090	2
5091	16
5092	3
5093	7
5094	10
5095	7
5096	7
5097	6
5098	6
5099	9
5100	12
5101	7
5102	6
5103	11
5104	15
5105	11
5106	12
5107	6
5108	6
5109	9
5110	10
5111	7
5112	9
5113	8
5114	10
5115	6
5116	6
5117	7
5118	8
5119	8
5120	7
5121	12
5122	11
5123	7
5124	11
5125	4
5126	10
5127	7
5128	12
5129	6
5130	6
5131	8
5132	4
5133	12
5134	11
5135	8
5136	6
5137	6
5138	10
5139	10
5140	9
5141	7
5142	4
5143	6
5144	2
5145	9
5146	7
5147	11
5148	9
5149	14
5150	7
5151	12
5152	7
5153	7
5154	5
5155	10
5156	6
5157	4
5158	11
5159	8
5160	5
5161	6
5162	4
5163	3
5164	10
5165	7
5166	8
5167	5
5168	10
5169	10
5170	7
5171	9
5172	8
5173	11
5174	7
5175	6
5176	6
5177	7
5178	8
5179	7
5180	16
5181	7
5182	8
5183	3
5184	5
5185	7
5186	9
5187	8
5188	12
5189	14
5190	8
5191	7
5192	4
5193	5
5194	5
5195	1
5196	7
5197	10
5198	5
5199	15
5200	6
5201	5
5202	5
5203	10
5204	9
5205	2
5206	6
5207	9
5208	5
5209	8
5210	1
5211	3
5212	10
5213	6
5214	4
5215	6
5216	9
5217	7
5218	8
5219	10
5220	6
5221	8
5222	6
5223	4
5224	7
5225	8
5226	7
5227	9
5228	7
5229	6
5230	9
5231	10
5232	7
5233	7
5234	10
5235	9
5236	5
5237	5
5238	4
5239	5
5240	9
5241	6
5242	8
5243	3
5244	11
5245	8
5246	8
5247	4
5248	9
5249	8
5250	5
5251	9
5252	4
5253	18
5254	7
5255	9
5256	3
5257	8
5258	10
5259	13
5260	3
5261	8
5262	9
5263	10
5264	10
5265	8
5266	7
5267	8
5268	2
5269	11
5270	6
5271	6
5272	6
5273	8
5274	11
5275	10
5276	9
5277	4
5278	3
5279	8
5280	6
5281	8
5282	12
5283	7
5284	7
5285	11
5286	8
5287	7
5288	10
5289	11
5290	5
5291	5
5292	4
5293	4
5294	12
5295	10
5296	3
5297	6
5298	4
5299	8
5300	9
5301	11
5302	2
5303	5
5304	4
5305	6
5306	7
5307	4
5308	6
5309	12
5310	6
5311	6
5312	2
5313	6
5314	3
5315	5
5316	6
5317	6
5318	8
5319	9
5320	7
5321	9
5322	10
5323	4
5324	6
5325	7
5326	5
5327	1
5328	5
5329	5
5330	5
5331	3
5332	4
5333	5
5334	4
5335	7
5336	6
5337	6
5338	7
5339	8
5340	8
5341	6
5342	7
5343	7
5344	8
5345	4
5346	8
5347	6
5348	12
5349	5
5350	6
5351	5
5352	6
5353	8
5354	13
5355	11
5356	5
5357	4
5358	5
5359	5
5360	6
5361	6
5362	5
5363	4
5364	6
5365	6
5366	8
5367	10
5368	4
5369	3
5370	4
5371	8
5372	6
5373	4
5374	6
5375	6
5376	5
5377	3
5378	6
5379	5
5380	5
5381	3
5382	7
5383	11
5384	6
5385	5
5386	11
5387	12
5388	8
5389	9
5390	4
5391	4
5392	6
5393	4
5394	4
5395	8
5396	6
5397	3
5398	5
5399	7
5400	11
5401	5
5402	8
5403	7
5404	6
5405	9
5406	9
5407	9
5408	6
5409	3
5410	7
5411	10
5412	12
5413	4
5414	5
5415	9
5416	4
5417	11
5418	7
5419	6
5420	7
5421	5
5422	4
5423	7
5424	9
5425	6
5426	6
5427	4
5428	4
5429	6
5430	5
5431	5
5432	5
5433	3
5434	5
5435	9
5436	8
5437	4
5438	7
5439	8
5440	7
5441	3
5442	8
5443	3
5444	5
5445	6
5446	4
5447	9
5448	2
5449	4
5450	6
5451	11
5452	8
5453	5
5454	6
5455	5
5456	8
5457	4
5458	6
5459	2
5460	6
5461	7
5462	4
5463	6
5464	8
5465	6
5466	6
5467	7
5468	4
5469	5
5470	6
5471	12
5472	5
5473	7
5474	8
5475	5
5476	5
5477	5
5478	8
5479	5
5480	5
5481	8
5482	2
5483	6
5484	5
5485	2
5486	5
5487	4
5488	2
5489	5
5490	6
5491	3
5492	6
5493	4
5494	6
5495	6
5496	6
5497	5
5498	6
5499	7
5500	7
5501	4
5502	9
5503	2
5504	9
5505	3
5506	8
5507	5
5508	4
5509	12
5510	10
5511	2
5512	9
5513	6
5514	3
5515	3
5516	1
5517	6
5518	5
5519	6
5520	3
5521	1
5522	4
5523	9
5524	5
5525	12
5526	4
5527	4
5528	3
5529	5
5530	5
5531	4
5532	8
5533	5
5534	6
5535	6
5536	5
5537	6
5538	4
5539	11
5540	6
5541	4
5542	4
5543	2
5544	7
5545	5
5546	5
5547	6
5548	5
5549	4
5550	6
5551	5
5552	7
5553	8
5554	2
5555	4
5556	5
5557	2
5558	3
5559	3
5560	12
5561	5
5562	7
5563	5
5564	2
5565	5
5566	11
5567	7
5568	11
5569	6
5570	6
5571	6
5572	6
5573	6
5574	6
5575	9
5576	5
5577	3
5578	4
5579	6
5580	3
5581	5
5582	8
5583	8
5584	3
5585	3
5586	7
5587	4
5588	8
5589	2
5590	2
5591	7
5592	8
5593	5
5594	8
5595	6
5596	8
5597	7
5598	3
5599	6
5600	4
5601	5
5602	5
5603	5
5604	8
5605	6
5606	6
5607	6
5608	5
5609	2
5610	4
5611	7
5612	2
5613	7
5614	3
5615	3
5616	2
5617	4
5618	8
5619	4
5620	5
5621	7
5622	7
5623	6
5624	7
5625	5
5626	5
5627	5
5628	7
5629	3
5630	7
5631	2
5632	1
5633	4
5634	4
5635	1
5636	3
5637	2
5638	3
5639	7
5640	5
5641	8
5642	2
5643	4
5644	7
5645	6
5646	4
5647	7
5648	11
5649	7
5650	3
5651	5
5652	6
5653	11
5654	7
5655	5
5656	6
5657	6
5658	6
5659	6
5660	3
5661	4
5662	9
5663	2
5664	3
5665	5
5666	5
5667	7
5668	8
5669	6
5670	5
5671	2
5672	10
5673	6
5674	6
5675	7
5676	4
5677	2
5678	7
5679	3
5680	5
5681	7
5682	3
5683	3
5684	8
5685	3
5686	0
5687	6
5688	2
5689	4
5690	4
5691	1
5692	5
5693	3
5694	5
5695	3
5696	9
5697	6
5698	1
5699	6
5700	3
5701	6
5702	5
5703	4
5704	8
5705	7
5706	4
5707	7
5708	6
5709	2
5710	5
5711	2
5712	5
5713	3
5714	6
5715	10
5716	5
5717	9
5718	4
5719	4
5720	1
5721	5
5722	6
5723	6
5724	7
5725	2
5726	6
5727	2
5728	5
5729	10
5730	2
5731	6
5732	1
5733	2
5734	7
5735	7
5736	4
5737	1
5738	8
5739	4
5740	5
5741	4
5742	7
5743	5
5744	9
5745	8
5746	8
5747	5
5748	6
5749	7
5750	1
5751	6
5752	2
5753	1
5754	3
5755	5
5756	2
5757	5
5758	6
5759	3
5760	8
5761	4
5762	7
5763	5
5764	2
5765	4
5766	8
5767	4
5768	2
5769	3
5770	9
5771	0
5772	7
5773	5
5774	4
5775	1
5776	5
5777	5
5778	5
5779	6
5780	5
5781	5
5782	6
5783	4
5784	7
5785	3
5786	3
5787	4
5788	4
5789	4
5790	3
5791	2
5792	4
5793	4
5794	8
5795	4
5796	3
5797	8
5798	2
5799	8
5800	4
5801	5
5802	2
5803	8
5804	4
5805	8
5806	3
5807	5
5808	1
5809	4
5810	5
5811	5
5812	8
5813	2
5814	5
5815	3
5816	2
5817	2
5818	3
5819	6
5820	4
5821	1
5822	3
5823	7
5824	3
5825	3
5826	5
5827	6
5828	11
5829	3
5830	3
5831	4
5832	3
5833	3
5834	7
5835	6
5836	5
5837	4
5838	6
5839	7
5840	5
5841	1
5842	1
5843	5
5844	6
5845	3
5846	8
5847	5
5848	3
5849	4
5850	6
5851	4
5852	4
5853	5
5854	5
5855	5
5856	7
5857	5
5858	4
5859	5
5860	3
5861	6
5862	4
5863	3
5864	4
5865	5
5866	3
5867	5
5868	4
5869	6
5870	3
5871	5
5872	2
5873	2
5874	3
5875	8
5876	2
5877	3
5878	9
5879	2
5880	5
5881	4
5882	3
5883	5
5884	3
5885	8
5886	3
5887	6
5888	5
5889	5
5890	2
5891	4
5892	3
5893	5
5894	6
5895	5
5896	3
5897	8
5898	5
5899	5
5900	8
5901	5
5902	2
5903	5
5904	8
5905	2
5906	8
5907	5
5908	8
5909	4
5910	9
5911	4
5912	6
5913	6
5914	3
5915	3
5916	0
5917	1
5918	6
5919	2
5920	6
5921	5
5922	6
5923	5
5924	1
5925	7
5926	2
5927	4
5928	4
5929	3
5930	0
5931	4
5932	1
5933	5
5934	2
5935	3
5936	4
5937	5
5938	3
5939	3
5940	8
5941	5
5942	3
5943	3
5944	2
5945	2
5946	6
5947	2
5948	2
5949	6
5950	10
5951	5
5952	4
5953	5
5954	4
5955	3
5956	6
5957	3
5958	4
5959	6
5960	3
5961	3
5962	6
5963	2
5964	5
5965	5
5966	1
5967	4
5968	4
5969	8
5970	6
5971	6
5972	1
5973	4
5974	6
5975	6
5976	5
5977	4
5978	4
5979	4
5980	7
5981	6
5982	5
5983	5
5984	5
5985	4
5986	2
5987	4
5988	5
5989	1
5990	3
5991	6
5992	5
5993	1
5994	4
5995	3
5996	5
5997	4
5998	5
5999	7
6000	2
6001	1
6002	3
6003	3
6004	8
6005	5
6006	1
6007	10
6008	3
6009	5
6010	1
6011	5
6012	6
6013	5
6014	3
6015	3
6016	1
6017	1
6018	0
6019	3
6020	2
6021	6
6022	4
6023	4
6024	2
6025	7
6026	2
6027	8
6028	7
6029	2
6030	2
6031	7
6032	2
6033	3
6034	7
6035	5
6036	4
6037	2
6038	0
6039	3
6040	3
6041	2
6042	7
6043	5
6044	5
6045	2
6046	4
6047	5
6048	6
6049	3
6050	4
6051	3
6052	4
6053	1
6054	4
6055	2
6056	1
6057	3
6058	2
6059	2
6060	6
6061	4
6062	6
6063	6
6064	0
6065	9
6066	4
6067	3
6068	0
6069	3
6070	2
6071	5
6072	2
6073	0
6074	1
6075	2
6076	6
6077	4
6078	10
6079	8
6080	7
6081	5
6082	1
6083	4
6084	0
6085	4
6086	4
6087	1
6088	3
6089	6
6090	5
6091	4
6092	4
6093	1
6094	4
6095	0
6096	3
6097	1
6098	2
6099	3
6100	3
6101	2
6102	3
6103	4
6104	3
6105	4
6106	5
6107	6
6108	1
6109	6
6110	2
6111	1
6112	6
6113	2
6114	6
6115	3
6116	3
6117	1
6118	2
6119	4
6120	5
6121	7
6122	4
6123	3
6124	3
6125	4
6126	2
6127	2
6128	4
6129	7
6130	5
6131	2
6132	5
6133	3
6134	3
6135	4
6136	5
6137	4
6138	3
6139	3
6140	5
6141	1
6142	3
6143	4
6144	6
6145	3
6146	3
6147	4
6148	7
6149	2
6150	2
6151	1
6152	7
6153	3
6154	4
6155	6
6156	0
6157	2
6158	3
6159	1
6160	3
6161	3
6162	6
6163	0
6164	4
6165	1
6166	4
6167	4
6168	3
6169	1
6170	3
6171	4
6172	2
6173	4
6174	3
6175	3
6176	7
6177	5
6178	5
6179	3
6180	5
6181	2
6182	2
6183	1
6184	4
6185	2
6186	1
6187	4
6188	5
6189	3
6190	2
6191	5
6192	2
6193	6
6194	3
6195	1
6196	4
6197	4
6198	0
6199	4
6200	5
6201	1
6202	2
6203	2
6204	0
6205	1
6206	6
6207	1
6208	2
6209	2
6210	3
6211	2
6212	7
6213	5
6214	1
6215	3
6216	4
6217	2
6218	3
6219	5
6220	3
6221	4
6222	2
6223	2
6224	2
6225	6
6226	5
6227	5
6228	3
6229	3
6230	2
6231	1
6232	5
6233	4
6234	4
6235	4
6236	3
6237	6
6238	3
6239	6
6240	6
6241	3
6242	2
6243	3
6244	5
6245	5
6246	2
6247	2
6248	5
6249	1
6250	1
6251	2
6252	6
6253	1
6254	4
6255	5
6256	2
6257	3
6258	2
6259	2
6260	1
6261	4
6262	9
6263	1
6264	3
6265	1
6266	2
6267	3
6268	2
6269	8
6270	2
6271	4
6272	2
6273	5
6274	5
6275	2
6276	3
6277	0
6278	5
6279	0
6280	3
6281	5
6282	4
6283	3
6284	3
6285	0
6286	5
6287	5
6288	7
6289	6
6290	1
6291	2
6292	3
6293	0
6294	0
6295	1
6296	4
6297	1
6298	3
6299	3
6300	3
6301	4
6302	6
6303	6
6304	0
6305	1
6306	2
6307	4
6308	4
6309	4
6310	3
6311	3
6312	1
6313	5
6314	3
6315	5
6316	1
6317	3
6318	1
6319	3
6320	5
6321	4
6322	2
6323	3
6324	1
6325	3
6326	2
6327	2
6328	5
6329	1
6330	1
6331	3
6332	5
6333	3
6334	3
6335	3
6336	2
6337	1
6338	3
6339	2
6340	4
6341	2
6342	4
6343	3
6344	5
6345	4
6346	3
6347	3
6348	2
6349	2
6350	4
6351	3
6352	4
6353	2
6354	2
6355	3
6356	1
6357	0
6358	3
6359	4
6360	3
6361	1
6362	4
6363	1
6364	1
6365	2
6366	2
6367	4
6368	2
6369	3
6370	2
6371	4
6372	2
6373	3
6374	3
6375	4
6376	0
6377	3
6378	3
6379	2
6380	1
6381	2
6382	0
6383	3
6384	3
6385	2
6386	3
6387	2
6388	2
6389	4
6390	4
6391	3
6392	0
6393	6
6394	3
6395	2
6396	3
6397	6
6398	7
6399	2
6400	3
6401	2
6402	1
6403	2
6404	5
6405	5
6406	3
6407	3
6408	3
6409	4
6410	1
6411	2
6412	2
6413	6
6414	3
6415	1
6416	3
6417	2
6418	3
6419	2
6420	0
6421	2
6422	2
6423	1
6424	1
6425	3
6426	2
6427	2
6428	4
6429	0
6430	3
6431	3
6432	1
6433	1
6434	1
6435	3
6436	3
6437	4
6438	4
6439	2
6440	6
6441	1
6442	2
6443	3
6444	3
6445	2
6446	1
6447	2
6448	6
6449	2
6450	4
6451	2
6452	2
6453	1
6454	2
6455	2
6456	5
6457	1
6458	5
6459	2
6460	2
6461	4
6462	4
6463	1
6464	3
6465	4
6466	1
6467	3
6468	4
6469	2
6470	6
6471	3
6472	2
6473	2
6474	0
6475	4
6476	5
6477	2
6478	0
6479	3
6480	0
6481	2
6482	1
6483	3
6484	0
6485	2
6486	1
6487	4
6488	2
6489	4
6490	3
6491	1
6492	2
6493	1
6494	3
6495	3
6496	1
6497	2
6498	7
6499	8
6500	2
6501	3
6502	1
6503	6
6504	6
6505	1
6506	1
6507	3
6508	4
6509	4
6510	3
6511	2
6512	2
6513	4
6514	2
6515	1
6516	2
6517	1
6518	2
6519	2
6520	5
6521	3
6522	2
6523	2
6524	1
6525	2
6526	1
6527	3
6528	1
6529	7
6530	2
6531	5
6532	1
6533	2
6534	2
6535	3
6536	3
6537	1
6538	1
6539	2
6540	2
6541	4
6542	2
6543	3
6544	3
6545	3
6546	4
6547	6
6548	2
6549	4
6550	3
6551	6
6552	2
6553	5
6554	1
6555	2
6556	4
6557	2
6558	1
6559	5
6560	1
6561	4
6562	5
6563	5
6564	3
6565	4
6566	5
6567	2
6568	2
6569	2
6570	2
6571	4
6572	1
6573	3
6574	1
6575	6
6576	3
6577	2
6578	0
6579	2
6580	2
6581	6
6582	3
6583	4
6584	3
6585	0
6586	2
6587	4
6588	2
6589	3
6590	2
6591	2
6592	5
6593	4
6594	3
6595	1
6596	4
6597	2
6598	2
6599	3
6600	3
6601	0
6602	2
6603	3
6604	4
6605	2
6606	4
6607	2
6608	4
6609	5
6610	4
6611	6
6612	2
6613	0
6614	4
6615	2
6616	2
6617	3
6618	4
6619	5
6620	0
6621	1
6622	0
6623	3
6624	0
6625	3
6626	3
6627	1
6628	4
6629	4
6630	3
6631	3
6632	1
6633	2
6634	3
6635	5
6636	1
6637	0
6638	1
6639	3
6640	1
6641	1
6642	4
6643	1
6644	1
6645	3
6646	2
6647	1
6648	4
6649	6
6650	3
6651	3
6652	2
6653	4
6654	4
6655	0
6656	1
6657	3
6658	1
6659	1
6660	1
6661	0
6662	3
6663	4
6664	4
6665	3
6666	3
6667	2
6668	3
6669	2
6670	3
6671	1
6672	3
6673	3
6674	2
6675	3
6676	2
6677	2
6678	2
6679	1
6680	2
6681	1
6682	4
6683	1
6684	1
6685	2
6686	1
6687	5
6688	1
6689	4
6690	6
6691	1
6692	2
6693	1
6694	3
6695	3
6696	2
6697	4
6698	4
6699	1
6700	2
6701	3
6702	2
6703	3
6704	2
6705	0
6706	5
6707	1
6708	0
6709	0
6710	1
6711	1
6712	3
6713	5
6714	2
6715	4
6716	1
6717	3
6718	0
6719	1
6720	4
6721	2
6722	2
6723	4
6724	4
6725	2
6726	2
6727	1
6728	2
6729	1
6730	1
6731	4
6732	0
6733	4
6734	2
6735	1
6736	0
6737	2
6738	4
6739	2
6740	3
6741	2
6742	0
6743	4
6744	1
6745	1
6746	2
6747	3
6748	4
6749	2
6750	1
6751	0
6752	3
6753	1
6754	2
6755	1
6756	4
6757	3
6758	4
6759	2
6760	2
6761	3
6762	0
6763	4
6764	1
6765	3
6766	3
6767	2
6768	2
6769	2
6770	4
6771	0
6772	4
6773	1
6774	1
6775	3
6776	1
6777	3
6778	2
6779	2
6780	2
6781	3
6782	4
6783	3
6784	1
6785	4
6786	4
6787	4
6788	3
6789	5
6790	2
6791	3
6792	1
6793	1
6794	2
6795	3
6796	0
6797	0
6798	4
6799	3
6800	2
6801	1
6802	5
6803	6
6804	3
6805	2
6806	1
6807	1
6808	0
6809	2
6810	2
6811	4
6812	2
6813	0
6814	3
6815	0
6816	1
6817	3
6818	4
6819	3
6820	0
6821	2
6822	2
6823	3
6824	1
6825	0
6826	1
6827	0
6828	5
6829	1
6830	2
6831	2
6832	0
6833	3
6834	2
6835	2
6836	0
6837	0
6838	3
6839	7
6840	4
6841	1
6842	2
6843	3
6844	2
6845	1
6846	3
6847	2
6848	2
6849	1
6850	2
6851	3
6852	0
6853	1
6854	0
6855	2
6856	1
6857	2
6858	5
6859	0
6860	2
6861	5
6862	1
6863	1
6864	3
6865	2
6866	2
6867	3
6868	5
6869	2
6870	3
6871	1
6872	2
6873	1
6874	0
6875	3
6876	3
6877	3
6878	0
6879	1
6880	1
6881	3
6882	3
6883	1
6884	0
6885	3
6886	2
6887	4
6888	1
6889	2
6890	0
6891	1
6892	2
6893	4
6894	1
6895	3
6896	4
6897	4
6898	3
6899	1
6900	3
6901	1
6902	2
6903	2
6904	3
6905	3
6906	2
6907	1
6908	1
6909	1
6910	3
6911	3
6912	3
6913	2
6914	2
6915	2
6916	1
6917	0
6918	2
6919	3
6920	2
6921	2
6922	5
6923	4
6924	0
6925	1
6926	4
6927	2
6928	2
6929	0
6930	2
6931	4
6932	2
6933	1
6934	2
6935	0
6936	1
6937	0
6938	0
6939	2
6940	4
6941	3
6942	3
6943	4
6944	5
6945	2
6946	3
6947	2
6948	2
6949	1
6950	0
6951	3
6952	3
6953	1
6954	0
6955	3
6956	1
6957	0
6958	3
6959	2
6960	0
6961	0
6962	1
6963	1
6964	0
6965	3
6966	3
6967	0
6968	3
6969	2
6970	1
6971	1
6972	1
6973	1
6974	0
6975	2
6976	2
6977	1
6978	1
6979	0
6980	1
6981	1
6982	4
6983	2
6984	4
6985	1
6986	1
6987	3
6988	1
6989	1
6990	1
6991	6
6992	1
6993	6
6994	2
6995	4
6996	3
6997	1
6998	0
6999	1
7000	1
7001	1
7002	1
7003	4
7004	3
7005	1
7006	1
7007	3
7008	3
7009	0
7010	0
7011	2
7012	0
7013	5
7014	0
7015	1
7016	2
7017	5
7018	1
7019	0
7020	2
7021	1
7022	1
7023	2
7024	2
7025	1
7026	1
7027	4
7028	0
7029	1
7030	2
7031	3
7032	1
7033	2
7034	6
7035	1
7036	1
7037	2
7038	0
7039	1
7040	2
7041	2
7042	0
7043	0
7044	3
7045	3
7046	2
7047	3
7048	1
7049	2
7050	4
7051	1
7052	1
7053	2
7054	0
7055	3
7056	0
7057	5
7058	0
7059	1
7060	2
7061	1
7062	1
7063	2
7064	2
7065	4
7066	3
7067	2
7068	3
7069	0
7070	0
7071	5
7072	2
7073	5
7074	3
7075	1
7076	1
7077	2
7078	5
7079	3
7080	0
7081	2
7082	1
7083	2
7084	3
7085	2
7086	1
7087	2
7088	1
7089	3
7090	0
7091	1
7092	0
7093	1
7094	1
7095	1
7096	2
7097	1
7098	1
7099	3
7100	1
7101	1
7102	0
7103	1
7104	2
7105	4
7106	3
7107	2
7108	5
7109	3
7110	2
7111	1
7112	0
7113	4
7114	1
7115	0
7116	2
7117	1
7118	1
7119	0
7120	3
7121	2
7122	1
7123	3
7124	3
7125	1
7126	1
7127	1
7128	4
7129	1
7130	1
7131	1
7132	4
7133	1
7134	1
7135	2
7136	0
7137	3
7138	3
7139	1
7140	2
7141	2
7142	0
7143	0
7144	3
7145	1
7146	1
7147	2
7148	3
7149	2
7150	0
7151	2
7152	1
7153	1
7154	2
7155	1
7156	1
7157	2
7158	1
7159	1
7160	1
7161	3
7162	2
7163	2
7164	2
7165	3
7166	2
7167	2
7168	2
7169	1
7170	1
7171	2
7172	4
7173	1
7174	1
7175	1
7176	2
7177	3
7178	1
7179	0
7180	3
7181	0
7182	2
7183	3
7184	3
7185	5
7186	1
7187	1
7188	5
7189	1
7190	2
7191	0
7192	3
7193	0
7194	2
7195	3
7196	2
7197	0
7198	1
7199	2
7200	3
7201	3
7202	2
7203	0
7204	1
7205	0
7206	3
7207	1
7208	1
7209	0
7210	1
7211	1
7212	0
7213	1
7214	0
7215	1
7216	2
7217	2
7218	1
7219	4
7220	1
7221	1
7222	2
7223	1
7224	2
7225	0
7226	1
7227	5
7228	2
7229	1
7230	0
7231	1
7232	2
7233	1
7234	1
7235	4
7236	1
7237	3
7238	0
7239	0
7240	1
7241	0
7242	2
7243	1
7244	0
7245	2
7246	2
7247	3
7248	1
7249	2
7250	0
7251	2
7252	3
7253	1
7254	2
7255	2
7256	0
7257	1
7258	0
7259	3
7260	2
7261	2
7262	1
7263	3
7264	1
7265	3
7266	1
7267	0
7268	1
7269	0
7270	2
7271	2
7272	2
7273	1
7274	0
7275	1
7276	3
7277	0
7278	1
7279	2
7280	1
7281	3
7282	4
7283	3
7284	1
7285	2
7286	2
7287	4
7288	2
7289	0
7290	1
7291	2
7292	5
7293	2
7294	1
7295	1
7296	2
7297	1
7298	3
7299	2
7300	1
7301	0
7302	2
7303	1
7304	2
7305	1
7306	1
7307	1
7308	2
7309	1
7310	2
7311	2
7312	1
7313	1
7314	2
7315	3
7316	0
7317	1
7318	1
7319	0
7320	1
7321	1
7322	2
7323	3
7324	4
7325	1
7326	0
7327	0
7328	0
7329	2
7330	2
7331	0
7332	1
7333	1
7334	3
7335	1
7336	0
7337	2
7338	2
7339	2
7340	1
7341	2
7342	0
7343	0
7344	2
7345	0
7346	3
7347	1
7348	0
7349	1
7350	3
7351	0
7352	1
7353	1
7354	1
7355	1
7356	2
7357	1
7358	0
7359	0
7360	3
7361	2
7362	1
7363	2
7364	1
7365	1
7366	4
7367	0
7368	0
7369	0
7370	1
7371	0
7372	3
7373	1
7374	2
7375	1
7376	3
7377	3
7378	2
7379	0
7380	1
7381	0
7382	2
7383	3
7384	0
7385	0
7386	0
7387	1
7388	2
7389	1
7390	2
7391	1
7392	3
7393	2
7394	2
7395	1
7396	3
7397	2
7398	3
7399	2
7400	0
7401	3
7402	1
7403	1
7404	2
7405	5
7406	1
7407	2
7408	4
7409	1
7410	0
7411	0
7412	2
7413	1
7414	0
7415	1
7416	1
7417	2
7418	0
7419	3
7420	1
7421	1
7422	0
7423	3
7424	0
7425	4
7426	1
7427	1
7428	0
7429	1
7430	1
7431	2
7432	1
7433	1
7434	0
7435	1
7436	0
7437	1
7438	1
7439	0
7440	4
7441	0
7442	1
7443	0
7444	0
7445	1
7446	1
7447	2
7448	2
7449	2
7450	0
7451	3
7452	2
7453	0
7454	1
7455	0
7456	2
7457	0
7458	0
7459	3
7460	1
7461	2
7462	0
7463	1
7464	2
7465	1
7466	1
7467	2
7468	2
7469	3
7470	1
7471	1
7472	2
7473	2
7474	4
7475	2
7476	0
7477	1
7478	0
7479	6
7480	1
7481	0
7482	1
7483	2
7484	2
7485	2
7486	3
7487	3
7488	1
7489	1
7490	3
7491	0
7492	1
7493	1
7494	2
7495	3
7496	0
7497	2
7498	2
7499	1
7500	1
7501	4
7502	2
7503	0
7504	4
7505	0
7506	0
7507	2
7508	1
7509	3
7510	2
7511	3
7512	2
7513	1
7514	1
7515	0
7516	1
7517	1
7518	1
7519	1
7520	0
7521	0
7522	3
7523	2
7524	0
7525	0
7526	1
7527	3
7528	1
7529	1
7530	0
7531	2
7532	2
7533	1
7534	0
7535	4
7536	1
7537	2
7538	0
7539	2
7540	0
7541	1
7542	3
7543	1
7544	1
7545	2
7546	1
7547	1
7548	0
7549	1
7550	2
7551	1
7552	2
7553	0
7554	1
7555	1
7556	3
7557	0
7558	2
7559	1
7560	0
7561	1
7562	1
7563	1
7564	2
7565	0
7566	1
7567	0
7568	3
7569	0
7570	0
7571	2
7572	0
7573	1
7574	0
7575	1
7576	0
7577	1
7578	0
7579	2
7580	1
7581	2
7582	1
7583	1
7584	2
7585	0
7586	0
7587	1
7588	2
7589	2
7590	3
7591	1
7592	0
7593	1
7594	0
7595	1
7596	0
7597	1
7598	1
7599	2
7600	0
7601	2
7602	0
7603	1
7604	0
7605	3
7606	3
7607	0
7608	2
7609	0
7610	1
7611	0
7612	3
7613	0
7614	1
7615	1
7616	2
7617	2
7618	1
7619	1
7620	2
7621	1
7622	1
7623	0
7624	2
7625	3
7626	2
7627	1
7628	2
7629	2
7630	0
7631	0
7632	1
7633	0
7634	2
7635	3
7636	3
7637	0
7638	3
7639	2
7640	2
7641	1
7642	1
7643	0
7644	3
7645	1
7646	1
7647	1
7648	0
7649	3
7650	1
7651	0
7652	2
7653	1
7654	2
7655	0
7656	2
7657	0
7658	0
7659	1
7660	2
7661	2
7662	0
7663	1
7664	1
7665	2
7666	1
7667	1
7668	0
7669	1
7670	0
7671	0
7672	0
7673	1
7674	3
7675	3
7676	0
7677	3
7678	1
7679	2
7680	0
7681	1
7682	0
7683	0
7684	1
7685	0
7686	1
7687	1
7688	2
7689	1
7690	0
7691	2
7692	1
7693	2
7694	0
7695	1
7696	0
7697	2
7698	1
7699	1
7700	0
7701	0
7702	4
7703	0
7704	0
7705	0
7706	1
7707	2
7708	3
7709	1
7710	2
7711	1
7712	1
7713	0
7714	1
7715	0
7716	1
7717	1
7718	0
7719	2
7720	2
7721	2
7722	1
7723	0
7724	1
7725	0
7726	0
7727	1
7728	1
7729	2
7730	1
7731	1
7732	2
7733	1
7734	2
7735	2
7736	2
7737	1
7738	0
7739	1
7740	3
7741	2
7742	1
7743	1
7744	0
7745	0
7746	1
7747	1
7748	0
7749	2
7750	1
7751	4
7752	1
7753	1
7754	1
7755	2
7756	1
7757	1
7758	2
7759	0
7760	0
7761	0
7762	1
7763	0
7764	0
7765	1
7766	0
7767	1
7768	0
7769	1
7770	2
7771	1
7772	1
7773	1
7774	3
7775	0
7776	0
7777	0
7778	0
7779	0
7780	0
7781	1
7782	1
7783	0
7784	0
7785	3
7786	2
7787	2
7788	1
7789	1
7790	1
7791	1
7792	0
7793	1
7794	1
7795	1
7796	0
7797	0
7798	1
7799	0
7800	2
7801	0
7802	0
7803	1
7804	1
7805	0
7806	1
7807	0
7808	0
7809	0
7810	1
7811	2
7812	4
7813	0
7814	1
7815	2
7816	1
7817	1
7818	0
7819	1
7820	1
7821	0
7822	0
7823	0
7824	0
7825	0
7826	2
7827	1
7828	1
7829	0
7830	2
7831	0
7832	0
7833	2
7834	1
7835	1
7836	2
7837	1
7838	1
7839	1
7840	0
7841	1
7842	5
7843	0
7844	3
7845	1
7846	1
7847	0
7848	0
7849	1
7850	0
7851	0
7852	0
7853	0
7854	1
7855	3
7856	1
7857	0
7858	1
7859	0
7860	0
7861	1
7862	1
7863	2
7864	1
7865	2
7866	2
7867	2
7868	0
7869	1
7870	0
7871	3
7872	1
7873	0
7874	1
7875	0
7876	0
7877	0
7878	1
7879	1
7880	1
7881	1
7882	2
7883	1
7884	0
7885	0
7886	0
7887	0
7888	0
7889	0
7890	2
7891	1
7892	0
7893	0
7894	0
7895	1
7896	1
7897	0
7898	0
7899	0
7900	1
7901	1
7902	0
7903	0
7904	2
7905	0
7906	0
7907	0
7908	2
7909	0
7910	2
7911	3
7912	1
7913	1
7914	4
7915	0
7916	2
7917	0
7918	2
7919	0
7920	0
7921	2
7922	0
7923	1
7924	2
7925	0
7926	0
7927	0
7928	0
7929	2
7930	0
7931	1
7932	0
7933	1
7934	0
7935	1
7936	1
7937	0
7938	0
7939	1
7940	2
7941	1
7942	0
7943	0
7944	2
7945	1
7946	0
7947	1
7948	1
7949	1
7950	0
7951	2
7952	2
7953	0
7954	3
7955	2
7956	1
7957	1
7958	0
7959	3
7960	0
7961	0
7962	2
7963	1
7964	2
7965	2
7966	0
7967	2
7968	0
7969	0
7970	0
7971	2
7972	1
7973	1
7974	0
7975	0
7976	0
7977	1
7978	1
7979	0
7980	0
7981	0
7982	2
7983	1
7984	0
7985	1
7986	0
7987	1
7988	1
7989	0
7990	1
7991	1
7992	0
7993	1
7994	0
7995	1
7996	1
7997	0
7998	0
7999	0
8000	3
8001	0
8002	3
8003	1
8004	1
8005	1
8006	0
8007	2
8008	1
8009	1
8010	0
8011	0
8012	1
8013	3
8014	0
8015	2
8016	0
8017	0
8018	1
8019	1
8020	0
8021	0
8022	0
8023	0
8024	0
8025	2
8026	3
8027	0
8028	0
8029	1
8030	0
8031	0
8032	1
8033	0
8034	0
8035	1
8036	3
8037	1
8038	1
8039	0
8040	0
8041	0
8042	0
8043	3
8044	1
8045	0
8046	0
8047	1
8048	2
8049	0
8050	0
8051	1
8052	0
8053	2
8054	2
8055	0
8056	1
8057	2
8058	1
8059	0
8060	0
8061	2
8062	1
8063	1
8064	0
8065	0
8066	0
8067	0
8068	0
8069	0
8070	0
8071	0
8072	0
8073	0
8074	0
8075	0
8076	0
8077	0
8078	0
8079	0
8080	0
8081	0
8082	0
8083	0
8084	0
8085	0
8086	0
8087	0
8088	0
8089	0
8090	0
8091	0
8092	0
8093	0
8094	0
8095	0
8096	0
8097	0
8098	0
8099	0
8100	0
8101	0
8102	0
8103	0
8104	0
8105	0
8106	0
8107	0
8108	0
8109	0
8110	0
8111	0
8112	0
8113	0
8114	0
8115	0
8116	0
8117	0
8118	0
8119	0
8120	0
8121	0
8122	0
8123	0
8124	0
8125	0
8126	0
8127	0
8128	0
8129	0
8130	0
8131	0
8132	0
8133	0
8134	0
8135	0
8136	0
8137	0
8138	0
8139	0
8140	0
8141	0
8142	0
8143	0
8144	0
8145	0
8146	0
8147	0
8148	0
8149	0
8150	0
8151	0
8152	0
8153	0
8154	0
8155	0
8156	0
8157	0
8158	0
8159	0
8160	0
8161	0
8162	0
8163	0
8164	0
8165	0
8166	0
8167	0
8168	0
8169	0
8170	0
8171	0
8172	0
8173	0
8174	0
8175	0
8176	0
8177	0
8178	0
8179	0
8180	0
8181	0
8182	0
8183	0
8184	0
8185	0
8186	0
8187	0
8188	0
8189	0
8190	0
8191	0
