-2	17901.76
-1	18326.26
0	0
1	0
2	0
3	0
4	0
5	0
6	0
7	0
8	0
9	0
10	0
11	0
12	0
13	0
14	0
15	0
16	0
17	0
18	0
19	0
20	0
21	0
22	0
23	0
24	0
25	0
26	0
27	0
28	0
29	0
30	0
31	0
32	0
33	0
34	0
35	0
36	0
37	0
38	0
39	0
40	0
41	0
42	0
43	0
44	0
45	1
46	0
47	0
48	0
49	43
50	149
51	226
52	282
53	304
54	324
55	344
56	425
57	392
58	380
59	395
60	340
61	359
62	336
63	356
64	358
65	349
66	346
67	363
68	321
69	353
70	353
71	353
72	378
73	404
74	410
75	371
76	322
77	334
78	274
79	313
80	280
81	283
82	306
83	269
84	265
85	272
86	283
87	290
88	245
89	227
90	237
91	226
92	214
93	222
94	216
95	191
96	223
97	239
98	221
99	203
100	212
101	215
102	221
103	193
104	180
105	230
106	227
107	186
108	225
109	198
110	213
111	239
112	204
113	178
114	211
115	200
116	228
117	203
118	204
119	222
120	192
121	243
122	210
123	178
124	163
125	196
126	210
127	176
128	191
129	204
130	209
131	226
132	224
133	199
134	209
135	187
136	229
137	228
138	226
139	206
140	205
141	191
142	197
143	239
144	206
145	204
146	214
147	230
148	202
149	224
150	224
151	216
152	230
153	221
154	277
155	264
156	264
157	223
158	240
159	227
160	246
161	232
162	252
163	234
164	206
165	233
166	223
167	233
168	252
169	226
170	233
171	224
172	222
173	260
174	226
175	239
176	204
177	222
178	236
179	225
180	207
181	226
182	233
183	216
184	232
185	240
186	226
187	205
188	247
189	237
190	252
191	248
192	231
193	225
194	227
195	254
196	235
197	247
198	237
199	224
200	244
201	277
202	233
203	244
204	231
205	253
206	277
207	223
208	263
209	266
210	239
211	266
212	227
213	224
214	252
215	214
216	226
217	249
218	272
219	247
220	276
221	245
222	259
223	232
224	209
225	258
226	212
227	219
228	247
229	210
230	218
231	221
232	203
233	228
234	218
235	199
236	225
237	243
238	231
239	221
240	218
241	225
242	241
243	205
244	213
245	250
246	213
247	216
248	202
249	211
250	200
251	241
252	203
253	210
254	223
255	202
256	195
257	212
258	235
259	198
260	230
261	223
262	210
263	190
264	194
265	240
266	227
267	196
268	229
269	227
270	218
271	212
272	224
273	177
274	193
275	221
276	203
277	198
278	196
279	198
280	210
281	201
282	203
283	203
284	191
285	196
286	212
287	170
288	202
289	188
290	204
291	175
292	187
293	200
294	181
295	202
296	169
297	196
298	187
299	209
300	179
301	202
302	176
303	209
304	228
305	179
306	195
307	196
308	181
309	171
310	188
311	164
312	198
313	174
314	161
315	161
316	188
317	188
318	163
319	178
320	175
321	193
322	172
323	177
324	172
325	188
326	224
327	188
328	175
329	211
330	188
331	160
332	185
333	174
334	181
335	158
336	168
337	205
338	189
339	160
340	152
341	152
342	180
343	183
344	194
345	169
346	197
347	187
348	191
349	161
350	181
351	205
352	166
353	168
354	166
355	201
356	160
357	177
358	197
359	176
360	159
361	181
362	187
363	180
364	175
365	196
366	171
367	181
368	176
369	175
370	198
371	198
372	195
373	205
374	175
375	182
376	169
377	161
378	148
379	180
380	167
381	150
382	132
383	138
384	152
385	163
386	156
387	179
388	184
389	215
390	231
391	221
392	156
393	161
394	146
395	158
396	142
397	134
398	133
399	136
400	159
401	160
402	160
403	161
404	179
405	145
406	152
407	165
408	174
409	181
410	183
411	168
412	153
413	154
414	154
415	150
416	167
417	171
418	168
419	157
420	142
421	138
422	133
423	168
424	167
425	148
426	158
427	138
428	142
429	146
430	157
431	138
432	133
433	128
434	153
435	137
436	138
437	145
438	148
439	151
440	131
441	152
442	139
443	147
444	145
445	135
446	134
447	159
448	130
449	156
450	135
451	147
452	141
453	144
454	136
455	147
456	137
457	140
458	156
459	128
460	141
461	134
462	160
463	134
464	140
465	167
466	142
467	133
468	125
469	132
470	143
471	133
472	135
473	124
474	133
475	137
476	118
477	135
478	119
479	134
480	130
481	130
482	151
483	128
484	154
485	143
486	140
487	123
488	142
489	119
490	120
491	143
492	117
493	136
494	132
495	121
496	132
497	125
498	125
499	149
500	126
501	136
502	146
503	126
504	127
505	137
506	116
507	153
508	115
509	122
510	120
511	112
512	134
513	112
514	144
515	129
516	124
517	123
518	132
519	151
520	138
521	114
522	124
523	125
524	122
525	110
526	112
527	116
528	134
529	127
530	114
531	132
532	114
533	123
534	136
535	114
536	113
537	112
538	121
539	124
540	129
541	117
542	134
543	143
544	114
545	130
546	100
547	100
548	110
549	121
550	139
551	130
552	147
553	128
554	133
555	123
556	119
557	124
558	131
559	124
560	140
561	175
562	305
563	464
564	711
565	901
566	897
567	755
568	523
569	359
570	178
571	134
572	122
573	122
574	93
575	121
576	116
577	120
578	94
579	94
580	108
581	99
582	92
583	108
584	104
585	107
586	118
587	93
588	106
589	108
590	121
591	103
592	99
593	102
594	100
595	95
596	95
597	101
598	103
599	97
600	85
601	114
602	108
603	117
604	100
605	107
606	99
607	87
608	91
609	109
610	87
611	95
612	111
613	93
614	101
615	88
616	96
617	106
618	112
619	88
620	93
621	114
622	103
623	96
624	101
625	106
626	101
627	117
628	114
629	127
630	116
631	125
632	120
633	109
634	126
635	106
636	108
637	109
638	102
639	98
640	112
641	106
642	116
643	106
644	120
645	102
646	106
647	104
648	101
649	99
650	102
651	100
652	116
653	85
654	109
655	114
656	99
657	98
658	117
659	110
660	121
661	159
662	173
663	189
664	181
665	180
666	187
667	177
668	163
669	142
670	170
671	183
672	159
673	213
674	221
675	199
676	211
677	159
678	175
679	152
680	174
681	176
682	165
683	174
684	169
685	168
686	179
687	143
688	156
689	130
690	145
691	144
692	129
693	145
694	122
695	127
696	114
697	122
698	132
699	108
700	116
701	109
702	117
703	128
704	113
705	114
706	111
707	118
708	113
709	123
710	140
711	131
712	111
713	118
714	122
715	108
716	122
717	95
718	90
719	103
720	101
721	113
722	127
723	144
724	109
725	109
726	91
727	104
728	104
729	111
730	143
731	215
732	352
733	402
734	294
735	200
736	123
737	101
738	97
739	98
740	133
741	125
742	130
743	127
744	92
745	102
746	93
747	102
748	107
749	100
750	94
751	80
752	92
753	113
754	100
755	97
756	91
757	79
758	80
759	99
760	96
761	115
762	119
763	128
764	93
765	104
766	120
767	131
768	125
769	145
770	123
771	135
772	122
773	129
774	104
775	111
776	116
777	107
778	113
779	93
780	123
781	102
782	105
783	106
784	110
785	109
786	110
787	102
788	105
789	116
790	108
791	94
792	102
793	85
794	122
795	88
796	123
797	188
798	233
799	254
800	205
801	136
802	95
803	82
804	92
805	98
806	94
807	95
808	84
809	85
810	68
811	81
812	70
813	89
814	93
815	89
816	107
817	108
818	145
819	103
820	113
821	89
822	76
823	105
824	97
825	84
826	76
827	85
828	72
829	83
830	75
831	70
832	63
833	70
834	83
835	95
836	81
837	94
838	88
839	78
840	61
841	54
842	78
843	69
844	71
845	79
846	87
847	90
848	73
849	73
850	95
851	92
852	99
853	100
854	97
855	78
856	84
857	74
858	52
859	65
860	72
861	64
862	90
863	76
864	79
865	65
866	77
867	64
868	81
869	69
870	62
871	71
872	72
873	85
874	65
875	78
876	77
877	79
878	85
879	74
880	71
881	79
882	71
883	72
884	60
885	74
886	75
887	72
888	79
889	70
890	49
891	61
892	59
893	53
894	61
895	67
896	70
897	72
898	56
899	75
900	63
901	65
902	61
903	51
904	61
905	65
906	61
907	68
908	49
909	75
910	83
911	54
912	79
913	60
914	81
915	57
916	59
917	75
918	55
919	75
920	66
921	73
922	72
923	71
924	93
925	88
926	87
927	96
928	93
929	93
930	78
931	98
932	79
933	124
934	106
935	106
936	86
937	106
938	105
939	81
940	91
941	83
942	75
943	82
944	76
945	86
946	69
947	75
948	79
949	81
950	93
951	86
952	84
953	82
954	94
955	78
956	78
957	52
958	88
959	102
960	81
961	74
962	89
963	89
964	93
965	67
966	59
967	55
968	73
969	80
970	68
971	74
972	64
973	75
974	85
975	74
976	81
977	65
978	93
979	90
980	67
981	67
982	75
983	62
984	80
985	57
986	83
987	77
988	59
989	89
990	83
991	89
992	87
993	68
994	71
995	68
996	70
997	90
998	74
999	93
1000	81
1001	92
1002	81
1003	71
1004	73
1005	71
1006	60
1007	73
1008	67
1009	62
1010	72
1011	65
1012	80
1013	67
1014	69
1015	58
1016	55
1017	71
1018	61
1019	70
1020	61
1021	67
1022	68
1023	61
1024	66
1025	55
1026	57
1027	56
1028	66
1029	66
1030	62
1031	72
1032	75
1033	64
1034	72
1035	75
1036	60
1037	76
1038	50
1039	60
1040	57
1041	61
1042	52
1043	59
1044	56
1045	58
1046	66
1047	72
1048	59
1049	51
1050	58
1051	60
1052	49
1053	64
1054	51
1055	55
1056	69
1057	56
1058	58
1059	55
1060	53
1061	69
1062	83
1063	119
1064	108
1065	88
1066	82
1067	56
1068	71
1069	63
1070	58
1071	57
1072	64
1073	52
1074	70
1075	56
1076	59
1077	60
1078	50
1079	52
1080	50
1081	60
1082	56
1083	48
1084	69
1085	59
1086	51
1087	52
1088	54
1089	53
1090	52
1091	59
1092	61
1093	56
1094	54
1095	68
1096	51
1097	48
1098	58
1099	48
1100	50
1101	54
1102	47
1103	47
1104	65
1105	60
1106	63
1107	58
1108	55
1109	57
1110	62
1111	60
1112	46
1113	63
1114	56
1115	40
1116	66
1117	61
1118	55
1119	55
1120	54
1121	71
1122	69
1123	75
1124	46
1125	53
1126	61
1127	60
1128	64
1129	54
1130	51
1131	55
1132	54
1133	57
1134	46
1135	65
1136	59
1137	64
1138	44
1139	41
1140	49
1141	62
1142	52
1143	53
1144	53
1145	42
1146	50
1147	56
1148	55
1149	54
1150	59
1151	61
1152	45
1153	51
1154	62
1155	69
1156	62
1157	52
1158	64
1159	65
1160	63
1161	63
1162	79
1163	72
1164	66
1165	61
1166	51
1167	67
1168	74
1169	79
1170	74
1171	66
1172	54
1173	43
1174	58
1175	53
1176	67
1177	62
1178	50
1179	80
1180	51
1181	50
1182	69
1183	39
1184	67
1185	55
1186	53
1187	64
1188	54
1189	47
1190	53
1191	58
1192	43
1193	39
1194	50
1195	59
1196	53
1197	47
1198	51
1199	59
1200	52
1201	61
1202	52
1203	53
1204	53
1205	53
1206	61
1207	39
1208	46
1209	50
1210	40
1211	60
1212	46
1213	57
1214	63
1215	55
1216	55
1217	58
1218	53
1219	49
1220	47
1221	54
1222	46
1223	50
1224	61
1225	44
1226	45
1227	53
1228	59
1229	58
1230	62
1231	64
1232	70
1233	65
1234	71
1235	75
1236	61
1237	62
1238	97
1239	82
1240	85
1241	73
1242	76
1243	58
1244	48
1245	56
1246	42
1247	45
1248	50
1249	70
1250	68
1251	55
1252	55
1253	50
1254	52
1255	53
1256	43
1257	56
1258	37
1259	59
1260	54
1261	51
1262	53
1263	46
1264	43
1265	51
1266	54
1267	50
1268	45
1269	50
1270	54
1271	53
1272	39
1273	47
1274	37
1275	47
1276	52
1277	46
1278	57
1279	35
1280	55
1281	54
1282	51
1283	48
1284	46
1285	60
1286	45
1287	47
1288	35
1289	44
1290	52
1291	37
1292	37
1293	56
1294	56
1295	42
1296	52
1297	68
1298	51
1299	61
1300	47
1301	47
1302	54
1303	50
1304	42
1305	48
1306	52
1307	45
1308	51
1309	55
1310	59
1311	44
1312	42
1313	41
1314	59
1315	53
1316	39
1317	46
1318	50
1319	37
1320	43
1321	49
1322	41
1323	50
1324	56
1325	33
1326	38
1327	44
1328	49
1329	41
1330	54
1331	44
1332	42
1333	46
1334	58
1335	52
1336	69
1337	53
1338	54
1339	51
1340	51
1341	49
1342	66
1343	62
1344	58
1345	46
1346	53
1347	54
1348	55
1349	66
1350	60
1351	63
1352	64
1353	68
1354	40
1355	53
1356	49
1357	46
1358	47
1359	46
1360	57
1361	49
1362	58
1363	49
1364	47
1365	52
1366	45
1367	52
1368	58
1369	60
1370	68
1371	44
1372	43
1373	53
1374	56
1375	44
1376	48
1377	38
1378	45
1379	58
1380	46
1381	46
1382	36
1383	41
1384	42
1385	47
1386	49
1387	38
1388	41
1389	67
1390	40
1391	47
1392	59
1393	52
1394	39
1395	44
1396	46
1397	51
1398	29
1399	37
1400	43
1401	40
1402	41
1403	42
1404	38
1405	38
1406	33
1407	52
1408	45
1409	44
1410	42
1411	47
1412	44
1413	44
1414	44
1415	38
1416	39
1417	40
1418	40
1419	39
1420	39
1421	43
1422	43
1423	41
1424	33
1425	46
1426	43
1427	43
1428	48
1429	32
1430	46
1431	55
1432	38
1433	34
1434	48
1435	44
1436	36
1437	37
1438	40
1439	42
1440	43
1441	38
1442	43
1443	38
1444	42
1445	40
1446	42
1447	44
1448	40
1449	32
1450	37
1451	41
1452	35
1453	37
1454	31
1455	32
1456	44
1457	30
1458	45
1459	42
1460	37
1461	50
1462	35
1463	43
1464	31
1465	74
1466	47
1467	72
1468	54
1469	59
1470	42
1471	46
1472	41
1473	56
1474	44
1475	37
1476	29
1477	49
1478	36
1479	30
1480	36
1481	36
1482	31
1483	38
1484	47
1485	37
1486	51
1487	35
1488	32
1489	40
1490	40
1491	37
1492	50
1493	38
1494	35
1495	38
1496	38
1497	42
1498	34
1499	31
1500	45
1501	33
1502	33
1503	26
1504	37
1505	39
1506	37
1507	32
1508	40
1509	36
1510	41
1511	45
1512	32
1513	35
1514	27
1515	41
1516	35
1517	35
1518	30
1519	32
1520	37
1521	30
1522	39
1523	52
1524	45
1525	48
1526	33
1527	34
1528	35
1529	29
1530	39
1531	33
1532	36
1533	45
1534	38
1535	43
1536	45
1537	39
1538	37
1539	28
1540	37
1541	26
1542	49
1543	32
1544	32
1545	26
1546	38
1547	38
1548	26
1549	29
1550	36
1551	37
1552	36
1553	26
1554	35
1555	29
1556	42
1557	23
1558	44
1559	39
1560	42
1561	33
1562	52
1563	34
1564	36
1565	34
1566	28
1567	39
1568	28
1569	34
1570	35
1571	36
1572	35
1573	29
1574	22
1575	24
1576	40
1577	36
1578	27
1579	37
1580	27
1581	28
1582	41
1583	44
1584	25
1585	47
1586	32
1587	36
1588	29
1589	29
1590	44
1591	35
1592	31
1593	30
1594	32
1595	43
1596	30
1597	31
1598	29
1599	38
1600	38
1601	32
1602	46
1603	40
1604	38
1605	30
1606	39
1607	52
1608	42
1609	46
1610	29
1611	57
1612	85
1613	132
1614	182
1615	184
1616	172
1617	85
1618	57
1619	39
1620	39
1621	42
1622	38
1623	29
1624	24
1625	35
1626	30
1627	32
1628	44
1629	41
1630	39
1631	41
1632	30
1633	29
1634	38
1635	33
1636	46
1637	33
1638	44
1639	34
1640	50
1641	32
1642	47
1643	48
1644	34
1645	39
1646	49
1647	37
1648	31
1649	43
1650	34
1651	25
1652	36
1653	27
1654	34
1655	40
1656	33
1657	46
1658	34
1659	45
1660	25
1661	31
1662	26
1663	41
1664	36
1665	31
1666	33
1667	39
1668	34
1669	43
1670	31
1671	37
1672	34
1673	39
1674	28
1675	36
1676	32
1677	36
1678	38
1679	23
1680	39
1681	28
1682	23
1683	30
1684	39
1685	33
1686	32
1687	35
1688	32
1689	22
1690	39
1691	24
1692	27
1693	39
1694	31
1695	27
1696	27
1697	41
1698	28
1699	32
1700	26
1701	18
1702	39
1703	33
1704	41
1705	31
1706	34
1707	30
1708	37
1709	36
1710	25
1711	32
1712	26
1713	38
1714	23
1715	36
1716	30
1717	27
1718	32
1719	27
1720	27
1721	35
1722	26
1723	25
1724	37
1725	39
1726	39
1727	28
1728	34
1729	32
1730	31
1731	33
1732	39
1733	34
1734	25
1735	34
1736	26
1737	29
1738	29
1739	33
1740	17
1741	31
1742	23
1743	23
1744	27
1745	41
1746	25
1747	27
1748	27
1749	32
1750	27
1751	29
1752	25
1753	41
1754	30
1755	33
1756	40
1757	28
1758	38
1759	23
1760	41
1761	36
1762	28
1763	19
1764	31
1765	28
1766	22
1767	29
1768	27
1769	30
1770	33
1771	29
1772	27
1773	30
1774	28
1775	33
1776	28
1777	23
1778	24
1779	21
1780	26
1781	31
1782	25
1783	30
1784	27
1785	26
1786	27
1787	30
1788	22
1789	28
1790	28
1791	27
1792	24
1793	33
1794	33
1795	29
1796	33
1797	32
1798	30
1799	29
1800	33
1801	30
1802	32
1803	21
1804	44
1805	26
1806	27
1807	25
1808	30
1809	18
1810	20
1811	31
1812	25
1813	25
1814	33
1815	22
1816	29
1817	23
1818	27
1819	21
1820	28
1821	34
1822	26
1823	27
1824	32
1825	31
1826	24
1827	28
1828	25
1829	30
1830	19
1831	33
1832	30
1833	41
1834	21
1835	30
1836	28
1837	21
1838	31
1839	30
1840	23
1841	24
1842	32
1843	22
1844	29
1845	33
1846	21
1847	23
1848	34
1849	22
1850	35
1851	22
1852	35
1853	29
1854	26
1855	30
1856	17
1857	32
1858	20
1859	22
1860	23
1861	29
1862	24
1863	20
1864	25
1865	18
1866	25
1867	29
1868	30
1869	34
1870	28
1871	24
1872	28
1873	33
1874	25
1875	29
1876	32
1877	34
1878	21
1879	22
1880	30
1881	23
1882	29
1883	28
1884	32
1885	27
1886	21
1887	31
1888	40
1889	30
1890	34
1891	21
1892	26
1893	17
1894	26
1895	29
1896	31
1897	35
1898	43
1899	29
1900	29
1901	35
1902	34
1903	28
1904	32
1905	29
1906	32
1907	33
1908	33
1909	41
1910	43
1911	26
1912	38
1913	40
1914	32
1915	36
1916	34
1917	22
1918	25
1919	36
1920	18
1921	32
1922	28
1923	29
1924	29
1925	23
1926	26
1927	22
1928	34
1929	40
1930	30
1931	30
1932	25
1933	34
1934	32
1935	25
1936	19
1937	25
1938	30
1939	25
1940	31
1941	22
1942	34
1943	26
1944	33
1945	28
1946	32
1947	21
1948	40
1949	36
1950	44
1951	55
1952	43
1953	34
1954	36
1955	24
1956	23
1957	28
1958	27
1959	22
1960	32
1961	26
1962	21
1963	27
1964	24
1965	35
1966	21
1967	31
1968	19
1969	29
1970	30
1971	25
1972	21
1973	24
1974	15
1975	20
1976	23
1977	28
1978	35
1979	18
1980	27
1981	21
1982	21
1983	24
1984	26
1985	30
1986	24
1987	34
1988	20
1989	26
1990	20
1991	31
1992	14
1993	25
1994	30
1995	31
1996	22
1997	14
1998	27
1999	29
2000	25
2001	26
2002	18
2003	36
2004	25
2005	25
2006	21
2007	22
2008	28
2009	21
2010	24
2011	20
2012	31
2013	20
2014	26
2015	19
2016	31
2017	27
2018	19
2019	22
2020	26
2021	27
2022	23
2023	19
2024	18
2025	26
2026	16
2027	18
2028	17
2029	29
2030	28
2031	17
2032	19
2033	30
2034	24
2035	25
2036	38
2037	27
2038	25
2039	29
2040	27
2041	32
2042	35
2043	27
2044	26
2045	24
2046	24
2047	24
2048	28
2049	19
2050	29
2051	22
2052	36
2053	24
2054	12
2055	21
2056	26
2057	29
2058	28
2059	37
2060	22
2061	43
2062	19
2063	27
2064	29
2065	20
2066	33
2067	29
2068	30
2069	25
2070	25
2071	22
2072	18
2073	29
2074	22
2075	26
2076	28
2077	26
2078	28
2079	17
2080	20
2081	22
2082	17
2083	23
2084	30
2085	26
2086	29
2087	32
2088	29
2089	23
2090	15
2091	23
2092	24
2093	19
2094	33
2095	20
2096	27
2097	26
2098	30
2099	21
2100	29
2101	25
2102	33
2103	17
2104	27
2105	26
2106	35
2107	25
2108	16
2109	28
2110	23
2111	22
2112	18
2113	28
2114	24
2115	25
2116	25
2117	18
2118	22
2119	27
2120	28
2121	25
2122	24
2123	17
2124	31
2125	28
2126	22
2127	18
2128	16
2129	18
2130	17
2131	23
2132	22
2133	20
2134	16
2135	31
2136	20
2137	26
2138	26
2139	21
2140	18
2141	31
2142	26
2143	18
2144	26
2145	30
2146	17
2147	27
2148	19
2149	24
2150	34
2151	32
2152	19
2153	21
2154	30
2155	24
2156	32
2157	27
2158	15
2159	27
2160	28
2161	19
2162	16
2163	26
2164	21
2165	21
2166	27
2167	21
2168	15
2169	17
2170	35
2171	33
2172	26
2173	19
2174	28
2175	23
2176	23
2177	37
2178	21
2179	16
2180	18
2181	26
2182	19
2183	21
2184	19
2185	14
2186	28
2187	26
2188	17
2189	25
2190	14
2191	21
2192	21
2193	24
2194	23
2195	19
2196	29
2197	15
2198	25
2199	20
2200	22
2201	23
2202	16
2203	25
2204	24
2205	18
2206	22
2207	18
2208	24
2209	23
2210	21
2211	18
2212	27
2213	21
2214	24
2215	17
2216	27
2217	26
2218	15
2219	29
2220	26
2221	26
2222	20
2223	19
2224	24
2225	25
2226	27
2227	22
2228	15
2229	19
2230	27
2231	19
2232	24
2233	23
2234	23
2235	16
2236	19
2237	20
2238	25
2239	29
2240	17
2241	20
2242	20
2243	23
2244	34
2245	10
2246	26
2247	23
2248	32
2249	20
2250	16
2251	18
2252	23
2253	26
2254	25
2255	21
2256	23
2257	23
2258	20
2259	17
2260	20
2261	28
2262	21
2263	23
2264	30
2265	22
2266	18
2267	13
2268	21
2269	22
2270	26
2271	14
2272	18
2273	24
2274	24
2275	23
2276	18
2277	17
2278	17
2279	19
2280	18
2281	32
2282	18
2283	24
2284	16
2285	21
2286	18
2287	20
2288	26
2289	28
2290	31
2291	19
2292	21
2293	20
2294	26
2295	26
2296	19
2297	14
2298	21
2299	20
2300	23
2301	30
2302	24
2303	17
2304	21
2305	31
2306	20
2307	27
2308	21
2309	32
2310	21
2311	32
2312	30
2313	20
2314	23
2315	17
2316	20
2317	23
2318	20
2319	18
2320	25
2321	24
2322	18
2323	30
2324	18
2325	26
2326	30
2327	21
2328	16
2329	8
2330	22
2331	28
2332	18
2333	27
2334	23
2335	28
2336	22
2337	15
2338	32
2339	22
2340	24
2341	14
2342	22
2343	18
2344	19
2345	21
2346	23
2347	15
2348	12
2349	16
2350	14
2351	23
2352	21
2353	22
2354	24
2355	29
2356	23
2357	24
2358	14
2359	23
2360	19
2361	21
2362	8
2363	21
2364	19
2365	18
2366	27
2367	23
2368	23
2369	19
2370	15
2371	14
2372	28
2373	20
2374	22
2375	28
2376	23
2377	19
2378	15
2379	12
2380	22
2381	17
2382	18
2383	30
2384	24
2385	23
2386	27
2387	20
2388	22
2389	18
2390	17
2391	27
2392	28
2393	25
2394	16
2395	29
2396	19
2397	29
2398	26
2399	20
2400	23
2401	24
2402	18
2403	30
2404	19
2405	23
2406	15
2407	20
2408	25
2409	25
2410	20
2411	21
2412	21
2413	17
2414	25
2415	14
2416	21
2417	19
2418	23
2419	31
2420	21
2421	34
2422	20
2423	26
2424	18
2425	19
2426	22
2427	24
2428	19
2429	22
2430	16
2431	19
2432	27
2433	28
2434	34
2435	21
2436	26
2437	39
2438	29
2439	17
2440	21
2441	16
2442	27
2443	19
2444	34
2445	19
2446	17
2447	32
2448	27
2449	22
2450	30
2451	17
2452	26
2453	22
2454	16
2455	22
2456	10
2457	18
2458	21
2459	18
2460	27
2461	24
2462	27
2463	24
2464	14
2465	24
2466	15
2467	21
2468	20
2469	16
2470	16
2471	16
2472	19
2473	21
2474	20
2475	21
2476	20
2477	20
2478	18
2479	16
2480	24
2481	25
2482	18
2483	19
2484	17
2485	21
2486	21
2487	26
2488	17
2489	19
2490	23
2491	17
2492	25
2493	32
2494	19
2495	25
2496	22
2497	21
2498	22
2499	19
2500	28
2501	22
2502	16
2503	27
2504	21
2505	10
2506	13
2507	22
2508	24
2509	13
2510	18
2511	25
2512	18
2513	21
2514	9
2515	30
2516	16
2517	25
2518	16
2519	15
2520	19
2521	17
2522	28
2523	18
2524	19
2525	23
2526	29
2527	21
2528	19
2529	17
2530	22
2531	19
2532	28
2533	12
2534	15
2535	24
2536	25
2537	14
2538	23
2539	12
2540	19
2541	23
2542	21
2543	18
2544	14
2545	24
2546	24
2547	22
2548	22
2549	23
2550	16
2551	21
2552	19
2553	19
2554	16
2555	15
2556	15
2557	17
2558	16
2559	19
2560	18
2561	18
2562	29
2563	28
2564	16
2565	15
2566	19
2567	23
2568	23
2569	22
2570	24
2571	29
2572	18
2573	22
2574	16
2575	21
2576	23
2577	15
2578	19
2579	21
2580	20
2581	21
2582	21
2583	20
2584	16
2585	22
2586	19
2587	24
2588	22
2589	17
2590	20
2591	13
2592	24
2593	24
2594	16
2595	21
2596	22
2597	21
2598	28
2599	22
2600	20
2601	16
2602	12
2603	24
2604	11
2605	16
2606	18
2607	16
2608	19
2609	18
2610	18
2611	21
2612	20
2613	20
2614	30
2615	17
2616	19
2617	28
2618	20
2619	16
2620	13
2621	24
2622	23
2623	10
2624	20
2625	18
2626	14
2627	20
2628	19
2629	17
2630	21
2631	13
2632	21
2633	9
2634	20
2635	13
2636	20
2637	17
2638	15
2639	15
2640	20
2641	13
2642	18
2643	18
2644	19
2645	21
2646	12
2647	17
2648	20
2649	17
2650	31
2651	27
2652	14
2653	27
2654	17
2655	16
2656	18
2657	17
2658	14
2659	14
2660	15
2661	19
2662	15
2663	26
2664	23
2665	12
2666	22
2667	25
2668	13
2669	15
2670	10
2671	22
2672	25
2673	14
2674	17
2675	22
2676	21
2677	24
2678	19
2679	20
2680	22
2681	23
2682	16
2683	16
2684	16
2685	15
2686	19
2687	17
2688	25
2689	14
2690	12
2691	19
2692	31
2693	25
2694	20
2695	19
2696	27
2697	14
2698	13
2699	18
2700	22
2701	17
2702	15
2703	18
2704	21
2705	17
2706	21
2707	22
2708	26
2709	17
2710	19
2711	21
2712	19
2713	10
2714	14
2715	26
2716	16
2717	20
2718	15
2719	21
2720	12
2721	17
2722	12
2723	12
2724	19
2725	26
2726	18
2727	23
2728	19
2729	17
2730	16
2731	12
2732	28
2733	19
2734	23
2735	16
2736	21
2737	18
2738	19
2739	15
2740	17
2741	15
2742	14
2743	20
2744	16
2745	17
2746	19
2747	20
2748	22
2749	16
2750	9
2751	18
2752	23
2753	17
2754	32
2755	21
2756	26
2757	18
2758	13
2759	24
2760	13
2761	21
2762	11
2763	14
2764	20
2765	21
2766	14
2767	20
2768	28
2769	12
2770	13
2771	19
2772	11
2773	17
2774	21
2775	14
2776	12
2777	17
2778	15
2779	17
2780	16
2781	11
2782	17
2783	13
2784	19
2785	21
2786	21
2787	19
2788	16
2789	22
2790	19
2791	14
2792	24
2793	18
2794	22
2795	17
2796	12
2797	14
2798	14
2799	21
2800	21
2801	19
2802	22
2803	21
2804	22
2805	18
2806	19
2807	14
2808	15
2809	18
2810	17
2811	11
2812	15
2813	17
2814	16
2815	17
2816	20
2817	14
2818	14
2819	11
2820	15
2821	11
2822	18
2823	11
2824	13
2825	19
2826	19
2827	19
2828	24
2829	21
2830	16
2831	13
2832	17
2833	17
2834	12
2835	13
2836	17
2837	15
2838	18
2839	12
2840	13
2841	22
2842	19
2843	16
2844	13
2845	18
2846	19
2847	16
2848	21
2849	20
2850	11
2851	17
2852	14
2853	16
2854	14
2855	12
2856	13
2857	6
2858	13
2859	20
2860	12
2861	28
2862	18
2863	15
2864	17
2865	11
2866	20
2867	18
2868	20
2869	18
2870	24
2871	16
2872	16
2873	19
2874	18
2875	18
2876	18
2877	15
2878	18
2879	13
2880	17
2881	10
2882	17
2883	17
2884	20
2885	27
2886	43
2887	44
2888	54
2889	55
2890	53
2891	46
2892	45
2893	28
2894	28
2895	21
2896	13
2897	22
2898	13
2899	20
2900	14
2901	15
2902	14
2903	20
2904	14
2905	19
2906	8
2907	11
2908	20
2909	23
2910	14
2911	21
2912	12
2913	16
2914	22
2915	12
2916	20
2917	15
2918	15
2919	14
2920	23
2921	15
2922	11
2923	17
2924	15
2925	13
2926	14
2927	18
2928	22
2929	20
2930	17
2931	17
2932	18
2933	16
2934	13
2935	17
2936	21
2937	17
2938	15
2939	17
2940	17
2941	8
2942	18
2943	16
2944	13
2945	21
2946	14
2947	13
2948	16
2949	12
2950	9
2951	15
2952	13
2953	16
2954	13
2955	11
2956	13
2957	15
2958	17
2959	17
2960	18
2961	13
2962	20
2963	12
2964	18
2965	18
2966	10
2967	10
2968	20
2969	12
2970	16
2971	19
2972	17
2973	18
2974	20
2975	16
2976	20
2977	11
2978	11
2979	15
2980	16
2981	20
2982	9
2983	10
2984	10
2985	20
2986	16
2987	14
2988	29
2989	14
2990	19
2991	19
2992	13
2993	19
2994	21
2995	18
2996	17
2997	17
2998	15
2999	10
3000	20
3001	13
3002	17
3003	12
3004	10
3005	15
3006	17
3007	10
3008	14
3009	13
3010	16
3011	16
3012	13
3013	14
3014	15
3015	19
3016	21
3017	16
3018	21
3019	15
3020	14
3021	14
3022	17
3023	8
3024	14
3025	13
3026	17
3027	10
3028	15
3029	11
3030	8
3031	15
3032	20
3033	13
3034	15
3035	12
3036	10
3037	14
3038	16
3039	11
3040	24
3041	16
3042	9
3043	14
3044	20
3045	14
3046	12
3047	16
3048	21
3049	12
3050	24
3051	17
3052	19
3053	18
3054	14
3055	18
3056	16
3057	13
3058	13
3059	8
3060	17
3061	23
3062	25
3063	11
3064	13
3065	14
3066	9
3067	11
3068	25
3069	22
3070	13
3071	9
3072	13
3073	13
3074	11
3075	15
3076	17
3077	15
3078	17
3079	16
3080	19
3081	10
3082	8
3083	17
3084	14
3085	17
3086	16
3087	12
3088	20
3089	12
3090	15
3091	16
3092	21
3093	14
3094	17
3095	15
3096	12
3097	20
3098	14
3099	16
3100	19
3101	19
3102	22
3103	14
3104	12
3105	19
3106	17
3107	16
3108	12
3109	17
3110	15
3111	17
3112	16
3113	15
3114	11
3115	17
3116	10
3117	14
3118	13
3119	20
3120	14
3121	11
3122	15
3123	22
3124	15
3125	15
3126	11
3127	11
3128	14
3129	14
3130	15
3131	10
3132	17
3133	17
3134	19
3135	12
3136	19
3137	15
3138	13
3139	18
3140	14
3141	12
3142	5
3143	15
3144	11
3145	12
3146	20
3147	24
3148	5
3149	17
3150	10
3151	12
3152	19
3153	12
3154	16
3155	21
3156	14
3157	12
3158	17
3159	15
3160	18
3161	12
3162	9
3163	17
3164	6
3165	10
3166	12
3167	17
3168	17
3169	21
3170	12
3171	15
3172	10
3173	8
3174	15
3175	7
3176	18
3177	12
3178	13
3179	20
3180	22
3181	14
3182	13
3183	15
3184	14
3185	12
3186	17
3187	13
3188	24
3189	10
3190	12
3191	18
3192	17
3193	9
3194	6
3195	16
3196	11
3197	15
3198	16
3199	14
3200	9
3201	14
3202	14
3203	9
3204	12
3205	9
3206	21
3207	11
3208	21
3209	12
3210	14
3211	18
3212	12
3213	10
3214	10
3215	12
3216	12
3217	16
3218	17
3219	12
3220	12
3221	14
3222	18
3223	19
3224	19
3225	17
3226	16
3227	9
3228	12
3229	20
3230	17
3231	17
3232	20
3233	14
3234	14
3235	15
3236	13
3237	18
3238	15
3239	19
3240	15
3241	11
3242	15
3243	18
3244	13
3245	15
3246	12
3247	8
3248	14
3249	15
3250	9
3251	10
3252	21
3253	13
3254	15
3255	15
3256	16
3257	13
3258	11
3259	13
3260	17
3261	12
3262	17
3263	16
3264	16
3265	11
3266	18
3267	18
3268	12
3269	12
3270	13
3271	11
3272	13
3273	11
3274	14
3275	11
3276	10
3277	13
3278	15
3279	12
3280	6
3281	11
3282	21
3283	13
3284	7
3285	7
3286	9
3287	16
3288	12
3289	17
3290	18
3291	14
3292	18
3293	12
3294	11
3295	14
3296	6
3297	17
3298	13
3299	15
3300	25
3301	12
3302	18
3303	10
3304	14
3305	12
3306	17
3307	8
3308	13
3309	15
3310	8
3311	12
3312	14
3313	18
3314	20
3315	21
3316	27
3317	14
3318	14
3319	13
3320	15
3321	15
3322	16
3323	19
3324	14
3325	21
3326	15
3327	6
3328	12
3329	19
3330	21
3331	14
3332	8
3333	12
3334	11
3335	12
3336	14
3337	15
3338	8
3339	10
3340	15
3341	9
3342	15
3343	10
3344	14
3345	9
3346	24
3347	9
3348	17
3349	19
3350	9
3351	10
3352	17
3353	18
3354	12
3355	10
3356	16
3357	8
3358	14
3359	13
3360	19
3361	19
3362	8
3363	13
3364	14
3365	20
3366	12
3367	10
3368	24
3369	11
3370	15
3371	16
3372	15
3373	11
3374	12
3375	13
3376	17
3377	16
3378	7
3379	16
3380	19
3381	19
3382	11
3383	15
3384	10
3385	12
3386	15
3387	13
3388	15
3389	11
3390	8
3391	7
3392	14
3393	13
3394	15
3395	19
3396	19
3397	11
3398	14
3399	10
3400	13
3401	7
3402	18
3403	9
3404	6
3405	13
3406	20
3407	16
3408	10
3409	11
3410	13
3411	13
3412	15
3413	12
3414	15
3415	18
3416	15
3417	15
3418	16
3419	17
3420	19
3421	18
3422	11
3423	15
3424	11
3425	16
3426	15
3427	8
3428	13
3429	6
3430	15
3431	11
3432	11
3433	14
3434	12
3435	10
3436	10
3437	11
3438	10
3439	13
3440	15
3441	12
3442	18
3443	13
3444	21
3445	16
3446	13
3447	19
3448	15
3449	14
3450	13
3451	17
3452	8
3453	7
3454	11
3455	12
3456	9
3457	21
3458	12
3459	13
3460	14
3461	12
3462	9
3463	10
3464	15
3465	16
3466	16
3467	14
3468	17
3469	11
3470	19
3471	15
3472	10
3473	20
3474	15
3475	17
3476	21
3477	10
3478	11
3479	19
3480	13
3481	12
3482	13
3483	10
3484	6
3485	13
3486	10
3487	12
3488	15
3489	11
3490	18
3491	13
3492	11
3493	12
3494	18
3495	15
3496	12
3497	14
3498	16
3499	9
3500	9
3501	12
3502	16
3503	13
3504	16
3505	12
3506	12
3507	26
3508	14
3509	18
3510	9
3511	15
3512	12
3513	19
3514	11
3515	10
3516	12
3517	15
3518	15
3519	13
3520	13
3521	22
3522	18
3523	7
3524	16
3525	18
3526	6
3527	17
3528	13
3529	13
3530	13
3531	14
3532	18
3533	12
3534	9
3535	8
3536	20
3537	10
3538	13
3539	10
3540	15
3541	11
3542	14
3543	17
3544	22
3545	8
3546	16
3547	22
3548	16
3549	12
3550	17
3551	13
3552	11
3553	9
3554	11
3555	11
3556	13
3557	18
3558	13
3559	11
3560	18
3561	15
3562	9
3563	13
3564	12
3565	17
3566	19
3567	14
3568	18
3569	16
3570	12
3571	12
3572	18
3573	13
3574	14
3575	17
3576	13
3577	18
3578	18
3579	18
3580	13
3581	19
3582	9
3583	16
3584	17
3585	15
3586	13
3587	15
3588	18
3589	15
3590	11
3591	10
3592	16
3593	17
3594	9
3595	13
3596	7
3597	18
3598	16
3599	21
3600	15
3601	11
3602	11
3603	20
3604	15
3605	12
3606	17
3607	9
3608	14
3609	13
3610	21
3611	14
3612	15
3613	15
3614	10
3615	10
3616	22
3617	13
3618	13
3619	15
3620	15
3621	15
3622	12
3623	13
3624	10
3625	11
3626	14
3627	16
3628	9
3629	6
3630	11
3631	12
3632	22
3633	14
3634	20
3635	12
3636	18
3637	12
3638	10
3639	15
3640	12
3641	17
3642	6
3643	16
3644	12
3645	18
3646	9
3647	10
3648	13
3649	15
3650	21
3651	14
3652	18
3653	8
3654	21
3655	11
3656	12
3657	9
3658	17
3659	12
3660	17
3661	11
3662	14
3663	15
3664	24
3665	19
3666	7
3667	13
3668	11
3669	18
3670	14
3671	13
3672	5
3673	12
3674	15
3675	16
3676	10
3677	20
3678	14
3679	25
3680	15
3681	16
3682	9
3683	13
3684	6
3685	11
3686	19
3687	15
3688	14
3689	13
3690	12
3691	16
3692	11
3693	16
3694	12
3695	10
3696	12
3697	10
3698	16
3699	14
3700	16
3701	13
3702	11
3703	16
3704	16
3705	16
3706	9
3707	20
3708	17
3709	13
3710	15
3711	12
3712	21
3713	16
3714	15
3715	21
3716	20
3717	15
3718	19
3719	13
3720	19
3721	13
3722	13
3723	11
3724	13
3725	16
3726	18
3727	12
3728	12
3729	18
3730	14
3731	20
3732	19
3733	15
3734	16
3735	20
3736	17
3737	20
3738	20
3739	19
3740	19
3741	12
3742	16
3743	22
3744	22
3745	20
3746	17
3747	14
3748	18
3749	21
3750	14
3751	16
3752	19
3753	22
3754	27
3755	14
3756	22
3757	18
3758	16
3759	21
3760	23
3761	25
3762	12
3763	18
3764	18
3765	17
3766	21
3767	19
3768	26
3769	15
3770	25
3771	16
3772	15
3773	16
3774	14
3775	17
3776	21
3777	35
3778	25
3779	22
3780	22
3781	19
3782	15
3783	23
3784	35
3785	16
3786	17
3787	19
3788	24
3789	16
3790	21
3791	17
3792	19
3793	23
3794	17
3795	19
3796	16
3797	23
3798	22
3799	17
3800	25
3801	16
3802	18
3803	22
3804	17
3805	19
3806	16
3807	20
3808	26
3809	20
3810	19
3811	29
3812	24
3813	25
3814	29
3815	14
3816	17
3817	12
3818	14
3819	27
3820	21
3821	25
3822	14
3823	25
3824	19
3825	13
3826	18
3827	18
3828	26
3829	10
3830	20
3831	19
3832	15
3833	25
3834	14
3835	20
3836	15
3837	15
3838	16
3839	21
3840	17
3841	18
3842	26
3843	22
3844	10
3845	27
3846	8
3847	23
3848	16
3849	20
3850	14
3851	17
3852	17
3853	21
3854	10
3855	24
3856	14
3857	16
3858	12
3859	23
3860	18
3861	15
3862	21
3863	17
3864	23
3865	12
3866	14
3867	11
3868	16
3869	18
3870	16
3871	16
3872	15
3873	20
3874	18
3875	20
3876	18
3877	13
3878	21
3879	20
3880	15
3881	20
3882	12
3883	16
3884	14
3885	19
3886	15
3887	13
3888	23
3889	20
3890	23
3891	13
3892	13
3893	20
3894	23
3895	15
3896	11
3897	15
3898	20
3899	17
3900	26
3901	20
3902	13
3903	20
3904	19
3905	15
3906	16
3907	9
3908	15
3909	17
3910	11
3911	15
3912	18
3913	12
3914	26
3915	12
3916	20
3917	19
3918	14
3919	11
3920	19
3921	11
3922	19
3923	15
3924	15
3925	8
3926	11
3927	8
3928	17
3929	22
3930	12
3931	19
3932	16
3933	17
3934	15
3935	14
3936	23
3937	17
3938	18
3939	17
3940	16
3941	21
3942	22
3943	15
3944	11
3945	13
3946	19
3947	18
3948	13
3949	15
3950	15
3951	21
3952	17
3953	21
3954	14
3955	19
3956	20
3957	13
3958	21
3959	17
3960	23
3961	20
3962	8
3963	19
3964	18
3965	14
3966	20
3967	16
3968	17
3969	27
3970	10
3971	23
3972	17
3973	20
3974	21
3975	18
3976	15
3977	18
3978	20
3979	19
3980	15
3981	20
3982	12
3983	14
3984	18
3985	17
3986	21
3987	19
3988	18
3989	16
3990	13
3991	18
3992	13
3993	21
3994	16
3995	22
3996	20
3997	21
3998	15
3999	21
4000	19
4001	13
4002	25
4003	18
4004	16
4005	22
4006	16
4007	13
4008	17
4009	27
4010	17
4011	16
4012	22
4013	21
4014	20
4015	11
4016	13
4017	23
4018	20
4019	21
4020	20
4021	14
4022	13
4023	19
4024	20
4025	20
4026	10
4027	22
4028	22
4029	15
4030	22
4031	19
4032	16
4033	15
4034	27
4035	19
4036	14
4037	18
4038	23
4039	22
4040	18
4041	22
4042	28
4043	10
4044	18
4045	25
4046	24
4047	13
4048	17
4049	16
4050	13
4051	21
4052	21
4053	25
4054	9
4055	20
4056	31
4057	24
4058	16
4059	16
4060	20
4061	20
4062	21
4063	10
4064	29
4065	16
4066	23
4067	19
4068	26
4069	22
4070	22
4071	24
4072	15
4073	22
4074	23
4075	21
4076	18
4077	25
4078	20
4079	14
4080	19
4081	14
4082	25
4083	24
4084	15
4085	18
4086	17
4087	16
4088	24
4089	14
4090	21
4091	14
4092	26
4093	24
4094	21
4095	22
4096	13
4097	15
4098	21
4099	23
4100	14
4101	16
4102	20
4103	15
4104	16
4105	18
4106	13
4107	20
4108	19
4109	23
4110	16
4111	20
4112	21
4113	13
4114	18
4115	21
4116	18
4117	27
4118	19
4119	26
4120	32
4121	20
4122	18
4123	21
4124	19
4125	25
4126	15
4127	12
4128	22
4129	22
4130	13
4131	18
4132	20
4133	13
4134	20
4135	25
4136	19
4137	16
4138	13
4139	20
4140	14
4141	22
4142	19
4143	22
4144	24
4145	21
4146	11
4147	20
4148	24
4149	20
4150	28
4151	19
4152	17
4153	21
4154	25
4155	13
4156	28
4157	13
4158	22
4159	17
4160	20
4161	16
4162	17
4163	12
4164	11
4165	28
4166	13
4167	13
4168	10
4169	26
4170	18
4171	15
4172	17
4173	14
4174	17
4175	15
4176	17
4177	20
4178	19
4179	21
4180	24
4181	30
4182	16
4183	18
4184	17
4185	12
4186	11
4187	16
4188	28
4189	12
4190	12
4191	13
4192	17
4193	19
4194	18
4195	17
4196	20
4197	19
4198	20
4199	15
4200	18
4201	15
4202	20
4203	9
4204	19
4205	19
4206	12
4207	23
4208	19
4209	20
4210	18
4211	14
4212	14
4213	20
4214	21
4215	25
4216	18
4217	15
4218	19
4219	7
4220	8
4221	11
4222	17
4223	8
4224	17
4225	17
4226	18
4227	20
4228	20
4229	15
4230	12
4231	17
4232	24
4233	18
4234	17
4235	14
4236	21
4237	21
4238	14
4239	19
4240	15
4241	11
4242	13
4243	24
4244	13
4245	24
4246	16
4247	10
4248	11
4249	22
4250	21
4251	16
4252	19
4253	17
4254	14
4255	16
4256	23
4257	21
4258	13
4259	17
4260	20
4261	29
4262	23
4263	21
4264	21
4265	15
4266	13
4267	20
4268	17
4269	19
4270	12
4271	14
4272	15
4273	20
4274	23
4275	17
4276	25
4277	24
4278	24
4279	15
4280	17
4281	23
4282	26
4283	23
4284	30
4285	27
4286	22
4287	17
4288	23
4289	23
4290	23
4291	24
4292	23
4293	18
4294	40
4295	31
4296	24
4297	28
4298	25
4299	20
4300	25
4301	31
4302	31
4303	25
4304	25
4305	24
4306	22
4307	21
4308	33
4309	29
4310	27
4311	33
4312	33
4313	29
4314	20
4315	37
4316	32
4317	33
4318	31
4319	34
4320	33
4321	29
4322	36
4323	30
4324	38
4325	33
4326	34
4327	39
4328	31
4329	37
4330	34
4331	34
4332	34
4333	38
4334	35
4335	28
4336	29
4337	43
4338	28
4339	22
4340	35
4341	26
4342	22
4343	31
4344	24
4345	20
4346	32
4347	30
4348	27
4349	30
4350	27
4351	44
4352	31
4353	37
4354	36
4355	25
4356	31
4357	31
4358	37
4359	26
4360	24
4361	44
4362	29
4363	35
4364	34
4365	37
4366	32
4367	37
4368	31
4369	23
4370	23
4371	24
4372	31
4373	31
4374	30
4375	34
4376	29
4377	25
4378	27
4379	31
4380	24
4381	30
4382	27
4383	31
4384	30
4385	30
4386	31
4387	31
4388	27
4389	24
4390	34
4391	26
4392	20
4393	32
4394	21
4395	26
4396	26
4397	27
4398	25
4399	18
4400	19
4401	24
4402	27
4403	21
4404	22
4405	20
4406	21
4407	20
4408	20
4409	22
4410	21
4411	13
4412	28
4413	12
4414	19
4415	26
4416	26
4417	22
4418	24
4419	22
4420	26
4421	14
4422	16
4423	24
4424	22
4425	32
4426	18
4427	25
4428	16
4429	22
4430	19
4431	30
4432	15
4433	20
4434	27
4435	21
4436	26
4437	18
4438	25
4439	25
4440	25
4441	27
4442	18
4443	20
4444	15
4445	18
4446	20
4447	22
4448	14
4449	12
4450	30
4451	26
4452	19
4453	17
4454	16
4455	12
4456	18
4457	16
4458	18
4459	18
4460	15
4461	18
4462	24
4463	27
4464	25
4465	19
4466	23
4467	12
4468	15
4469	17
4470	17
4471	17
4472	17
4473	16
4474	15
4475	23
4476	21
4477	26
4478	17
4479	19
4480	14
4481	17
4482	20
4483	17
4484	19
4485	10
4486	26
4487	22
4488	19
4489	24
4490	25
4491	16
4492	15
4493	18
4494	22
4495	17
4496	19
4497	16
4498	18
4499	30
4500	15
4501	22
4502	14
4503	18
4504	15
4505	27
4506	14
4507	24
4508	23
4509	18
4510	21
4511	19
4512	25
4513	20
4514	16
4515	24
4516	20
4517	20
4518	18
4519	24
4520	17
4521	27
4522	15
4523	9
4524	18
4525	21
4526	15
4527	33
4528	19
4529	18
4530	24
4531	14
4532	21
4533	15
4534	13
4535	27
4536	26
4537	19
4538	21
4539	30
4540	22
4541	28
4542	21
4543	18
4544	27
4545	14
4546	21
4547	31
4548	19
4549	19
4550	20
4551	29
4552	15
4553	18
4554	15
4555	18
4556	23
4557	16
4558	26
4559	18
4560	17
4561	23
4562	15
4563	21
4564	22
4565	26
4566	13
4567	21
4568	19
4569	18
4570	24
4571	24
4572	16
4573	24
4574	19
4575	24
4576	23
4577	28
4578	12
4579	21
4580	17
4581	25
4582	28
4583	19
4584	24
4585	24
4586	33
4587	19
4588	20
4589	21
4590	18
4591	26
4592	21
4593	22
4594	31
4595	14
4596	27
4597	24
4598	20
4599	21
4600	27
4601	15
4602	30
4603	19
4604	18
4605	16
4606	21
4607	29
4608	20
4609	19
4610	17
4611	21
4612	15
4613	23
4614	21
4615	27
4616	17
4617	23
4618	20
4619	21
4620	22
4621	27
4622	19
4623	25
4624	22
4625	24
4626	20
4627	18
4628	17
4629	17
4630	20
4631	35
4632	21
4633	19
4634	17
4635	27
4636	19
4637	19
4638	14
4639	13
4640	20
4641	17
4642	28
4643	16
4644	17
4645	19
4646	23
4647	23
4648	25
4649	13
4650	23
4651	23
4652	19
4653	17
4654	18
4655	21
4656	16
4657	13
4658	18
4659	25
4660	23
4661	26
4662	22
4663	17
4664	31
4665	21
4666	20
4667	16
4668	24
4669	18
4670	24
4671	16
4672	21
4673	27
4674	21
4675	13
4676	21
4677	18
4678	10
4679	14
4680	21
4681	16
4682	17
4683	12
4684	17
4685	15
4686	14
4687	13
4688	15
4689	15
4690	13
4691	21
4692	26
4693	9
4694	16
4695	10
4696	14
4697	26
4698	17
4699	17
4700	14
4701	20
4702	14
4703	16
4704	17
4705	16
4706	19
4707	12
4708	13
4709	19
4710	21
4711	15
4712	15
4713	14
4714	14
4715	12
4716	7
4717	22
4718	17
4719	14
4720	12
4721	10
4722	20
4723	22
4724	18
4725	20
4726	15
4727	15
4728	15
4729	12
4730	15
4731	8
4732	14
4733	10
4734	10
4735	14
4736	9
4737	19
4738	8
4739	11
4740	13
4741	15
4742	15
4743	10
4744	9
4745	4
4746	11
4747	12
4748	17
4749	20
4750	8
4751	11
4752	9
4753	13
4754	12
4755	13
4756	9
4757	9
4758	6
4759	19
4760	7
4761	7
4762	16
4763	12
4764	8
4765	13
4766	11
4767	18
4768	10
4769	8
4770	9
4771	7
4772	10
4773	8
4774	15
4775	9
4776	8
4777	16
4778	9
4779	12
4780	10
4781	8
4782	5
4783	10
4784	13
4785	10
4786	8
4787	11
4788	11
4789	9
4790	8
4791	6
4792	7
4793	12
4794	8
4795	5
4796	6
4797	9
4798	11
4799	9
4800	9
4801	6
4802	10
4803	9
4804	10
4805	11
4806	14
4807	7
4808	12
4809	8
4810	7
4811	9
4812	9
4813	7
4814	15
4815	9
4816	7
4817	9
4818	17
4819	18
4820	12
4821	15
4822	19
4823	14
4824	11
4825	6
4826	12
4827	18
4828	17
4829	12
4830	19
4831	10
4832	12
4833	14
4834	8
4835	19
4836	15
4837	20
4838	14
4839	15
4840	17
4841	18
4842	17
4843	16
4844	22
4845	25
4846	24
4847	19
4848	21
4849	22
4850	15
4851	15
4852	34
4853	22
4854	34
4855	22
4856	30
4857	22
4858	31
4859	32
4860	30
4861	29
4862	32
4863	29
4864	26
4865	31
4866	40
4867	41
4868	41
4869	33
4870	42
4871	48
4872	36
4873	32
4874	38
4875	45
4876	29
4877	54
4878	61
4879	45
4880	55
4881	57
4882	47
4883	30
4884	41
4885	40
4886	43
4887	36
4888	49
4889	47
4890	38
4891	40
4892	31
4893	36
4894	53
4895	47
4896	46
4897	54
4898	50
4899	37
4900	35
4901	47
4902	38
4903	42
4904	37
4905	52
4906	42
4907	34
4908	45
4909	57
4910	52
4911	47
4912	47
4913	37
4914	42
4915	45
4916	42
4917	40
4918	45
4919	35
4920	40
4921	34
4922	39
4923	37
4924	33
4925	35
4926	42
4927	42
4928	42
4929	41
4930	38
4931	35
4932	37
4933	30
4934	44
4935	31
4936	36
4937	35
4938	42
4939	28
4940	41
4941	35
4942	32
4943	38
4944	31
4945	26
4946	24
4947	20
4948	35
4949	27
4950	34
4951	25
4952	22
4953	13
4954	25
4955	31
4956	14
4957	26
4958	21
4959	19
4960	28
4961	23
4962	19
4963	13
4964	19
4965	28
4966	13
4967	13
4968	18
4969	17
4970	16
4971	20
4972	14
4973	14
4974	18
4975	8
4976	10
4977	19
4978	11
4979	15
4980	20
4981	11
4982	7
4983	11
4984	10
4985	10
4986	19
4987	9
4988	11
4989	13
4990	7
4991	11
4992	10
4993	9
4994	9
4995	11
4996	9
4997	10
4998	9
4999	5
5000	11
5001	8
5002	5
5003	4
5004	8
5005	4
5006	5
5007	1
5008	8
5009	9
5010	4
5011	5
5012	3
5013	5
5014	3
5015	1
5016	0
5017	3
5018	4
5019	7
5020	0
5021	1
5022	2
5023	2
5024	7
5025	1
5026	1
5027	5
5028	3
5029	4
5030	2
5031	1
5032	4
5033	6
5034	2
5035	3
5036	5
5037	3
5038	3
5039	4
5040	6
5041	3
5042	7
5043	2
5044	7
5045	2
5046	3
5047	5
5048	4
5049	0
5050	5
5051	3
5052	3
5053	5
5054	6
5055	2
5056	2
5057	4
5058	5
5059	2
5060	5
5061	1
5062	2
5063	5
5064	5
5065	3
5066	2
5067	2
5068	3
5069	1
5070	7
5071	4
5072	2
5073	5
5074	3
5075	3
5076	3
5077	5
5078	4
5079	2
5080	3
5081	2
5082	2
5083	5
5084	5
5085	2
5086	3
5087	5
5088	3
5089	0
5090	3
5091	1
5092	2
5093	4
5094	2
5095	3
5096	4
5097	0
5098	2
5099	2
5100	3
5101	9
5102	1
5103	5
5104	2
5105	2
5106	0
5107	3
5108	2
5109	4
5110	2
5111	2
5112	0
5113	5
5114	3
5115	2
5116	3
5117	3
5118	2
5119	9
5120	3
5121	6
5122	5
5123	7
5124	2
5125	3
5126	5
5127	0
5128	8
5129	3
5130	2
5131	3
5132	6
5133	3
5134	5
5135	4
5136	4
5137	3
5138	3
5139	3
5140	2
5141	2
5142	2
5143	3
5144	2
5145	7
5146	1
5147	5
5148	3
5149	3
5150	1
5151	1
5152	4
5153	4
5154	4
5155	4
5156	1
5157	4
5158	4
5159	3
5160	4
5161	3
5162	5
5163	4
5164	3
5165	7
5166	2
5167	1
5168	1
5169	2
5170	2
5171	2
5172	5
5173	0
5174	10
5175	4
5176	4
5177	5
5178	5
5179	2
5180	5
5181	1
5182	0
5183	4
5184	4
5185	4
5186	4
5187	2
5188	4
5189	8
5190	4
5191	9
5192	4
5193	4
5194	1
5195	4
5196	1
5197	1
5198	3
5199	2
5200	1
5201	4
5202	3
5203	4
5204	1
5205	2
5206	2
5207	7
5208	2
5209	5
5210	2
5211	5
5212	3
5213	1
5214	7
5215	5
5216	0
5217	2
5218	4
5219	4
5220	3
5221	3
5222	4
5223	3
5224	0
5225	1
5226	0
5227	4
5228	0
5229	5
5230	3
5231	3
5232	3
5233	3
5234	2
5235	0
5236	1
5237	7
5238	0
5239	0
5240	2
5241	7
5242	3
5243	3
5244	2
5245	1
5246	5
5247	3
5248	2
5249	5
5250	5
5251	3
5252	2
5253	1
5254	2
5255	6
5256	2
5257	2
5258	6
5259	3
5260	1
5261	2
5262	1
5263	4
5264	1
5265	1
5266	3
5267	1
5268	1
5269	0
5270	0
5271	3
5272	2
5273	3
5274	3
5275	5
5276	5
5277	1
5278	2
5279	2
5280	3
5281	3
5282	6
5283	2
5284	0
5285	5
5286	1
5287	2
5288	1
5289	1
5290	4
5291	3
5292	3
5293	3
5294	3
5295	4
5296	5
5297	0
5298	0
5299	0
5300	7
5301	6
5302	1
5303	4
5304	4
5305	0
5306	3
5307	5
5308	3
5309	4
5310	2
5311	2
5312	4
5313	3
5314	4
5315	3
5316	3
5317	1
5318	0
5319	5
5320	2
5321	2
5322	4
5323	6
5324	4
5325	3
5326	2
5327	2
5328	4
5329	6
5330	5
5331	5
5332	3
5333	1
5334	2
5335	2
5336	1
5337	4
5338	0
5339	4
5340	2
5341	3
5342	4
5343	3
5344	4
5345	1
5346	5
5347	5
5348	3
5349	1
5350	4
5351	4
5352	4
5353	1
5354	2
5355	1
5356	4
5357	0
5358	1
5359	2
5360	2
5361	3
5362	6
5363	4
5364	6
5365	3
5366	0
5367	2
5368	3
5369	1
5370	4
5371	2
5372	1
5373	2
5374	5
5375	6
5376	0
5377	2
5378	3
5379	3
5380	5
5381	1
5382	2
5383	3
5384	5
5385	3
5386	5
5387	5
5388	2
5389	3
5390	3
5391	0
5392	3
5393	2
5394	3
5395	2
5396	3
5397	3
5398	3
5399	5
5400	1
5401	3
5402	4
5403	3
5404	5
5405	5
5406	2
5407	2
5408	0
5409	5
5410	2
5411	2
5412	2
5413	3
5414	0
5415	0
5416	4
5417	5
5418	5
5419	1
5420	3
5421	1
5422	2
5423	3
5424	0
5425	1
5426	2
5427	4
5428	0
5429	2
5430	3
5431	5
5432	2
5433	2
5434	2
5435	0
5436	0
5437	2
5438	3
5439	2
5440	2
5441	4
5442	3
5443	2
5444	3
5445	1
5446	4
5447	1
5448	1
5449	2
5450	3
5451	5
5452	3
5453	3
5454	3
5455	2
5456	5
5457	2
5458	6
5459	2
5460	4
5461	2
5462	3
5463	0
5464	2
5465	4
5466	3
5467	3
5468	3
5469	0
5470	2
5471	0
5472	3
5473	1
5474	1
5475	3
5476	1
5477	4
5478	2
5479	4
5480	2
5481	4
5482	1
5483	4
5484	3
5485	2
5486	5
5487	2
5488	2
5489	2
5490	1
5491	2
5492	0
5493	1
5494	3
5495	3
5496	2
5497	1
5498	5
5499	2
5500	5
5501	2
5502	2
5503	4
5504	3
5505	4
5506	1
5507	1
5508	2
5509	1
5510	2
5511	1
5512	6
5513	2
5514	0
5515	2
5516	4
5517	6
5518	1
5519	1
5520	2
5521	3
5522	2
5523	7
5524	3
5525	4
5526	0
5527	2
5528	2
5529	1
5530	1
5531	0
5532	2
5533	2
5534	2
5535	2
5536	1
5537	2
5538	0
5539	2
5540	3
5541	1
5542	0
5543	2
5544	3
5545	3
5546	6
5547	1
5548	4
5549	5
5550	3
5551	6
5552	1
5553	1
5554	0
5555	1
5556	2
5557	2
5558	2
5559	5
5560	1
5561	2
5562	1
5563	3
5564	3
5565	2
5566	0
5567	3
5568	1
5569	4
5570	1
5571	3
5572	2
5573	1
5574	2
5575	5
5576	2
5577	2
5578	5
5579	1
5580	1
5581	2
5582	1
5583	0
5584	0
5585	4
5586	1
5587	2
5588	5
5589	3
5590	4
5591	3
5592	2
5593	2
5594	1
5595	2
5596	2
5597	1
5598	3
5599	1
5600	6
5601	2
5602	1
5603	2
5604	0
5605	1
5606	3
5607	2
5608	2
5609	3
5610	2
5611	2
5612	2
5613	2
5614	2
5615	2
5616	1
5617	2
5618	3
5619	3
5620	1
5621	2
5622	3
5623	0
5624	1
5625	5
5626	3
5627	2
5628	4
5629	2
5630	1
5631	2
5632	5
5633	4
5634	3
5635	3
5636	2
5637	0
5638	1
5639	1
5640	0
5641	1
5642	5
5643	2
5644	3
5645	2
5646	0
5647	5
5648	1
5649	1
5650	3
5651	5
5652	1
5653	2
5654	5
5655	0
5656	4
5657	5
5658	3
5659	2
5660	3
5661	2
5662	1
5663	0
5664	1
5665	4
5666	3
5667	2
5668	1
5669	2
5670	5
5671	3
5672	2
5673	2
5674	0
5675	3
5676	0
5677	2
5678	2
5679	3
5680	4
5681	2
5682	1
5683	3
5684	3
5685	3
5686	1
5687	5
5688	5
5689	2
5690	0
5691	4
5692	2
5693	2
5694	3
5695	1
5696	6
5697	1
5698	2
5699	3
5700	0
5701	3
5702	3
5703	2
5704	2
5705	4
5706	2
5707	6
5708	5
5709	0
5710	3
5711	1
5712	1
5713	3
5714	3
5715	4
5716	2
5717	4
5718	4
5719	1
5720	1
5721	1
5722	2
5723	2
5724	4
5725	1
5726	2
5727	5
5728	1
5729	1
5730	3
5731	0
5732	3
5733	1
5734	1
5735	2
5736	1
5737	1
5738	3
5739	3
5740	3
5741	4
5742	0
5743	1
5744	2
5745	3
5746	0
5747	1
5748	2
5749	1
5750	1
5751	1
5752	1
5753	0
5754	0
5755	2
5756	1
5757	3
5758	2
5759	0
5760	3
5761	3
5762	1
5763	1
5764	2
5765	7
5766	2
5767	3
5768	2
5769	2
5770	2
5771	0
5772	2
5773	1
5774	2
5775	2
5776	0
5777	1
5778	1
5779	0
5780	1
5781	0
5782	3
5783	1
5784	2
5785	4
5786	2
5787	0
5788	2
5789	2
5790	1
5791	1
5792	2
5793	1
5794	4
5795	2
5796	0
5797	4
5798	3
5799	4
5800	1
5801	0
5802	1
5803	6
5804	2
5805	2
5806	2
5807	2
5808	2
5809	1
5810	3
5811	1
5812	3
5813	2
5814	2
5815	2
5816	3
5817	2
5818	1
5819	1
5820	0
5821	1
5822	0
5823	1
5824	2
5825	2
5826	0
5827	4
5828	1
5829	2
5830	1
5831	2
5832	2
5833	1
5834	4
5835	4
5836	5
5837	2
5838	0
5839	4
5840	2
5841	1
5842	0
5843	1
5844	4
5845	2
5846	1
5847	1
5848	4
5849	2
5850	2
5851	3
5852	2
5853	3
5854	1
5855	2
5856	2
5857	2
5858	1
5859	1
5860	2
5861	0
5862	1
5863	1
5864	2
5865	1
5866	0
5867	0
5868	1
5869	1
5870	3
5871	1
5872	1
5873	0
5874	1
5875	3
5876	2
5877	0
5878	4
5879	2
5880	1
5881	3
5882	2
5883	1
5884	1
5885	2
5886	3
5887	1
5888	1
5889	0
5890	0
5891	0
5892	4
5893	1
5894	3
5895	0
5896	2
5897	2
5898	2
5899	6
5900	7
5901	1
5902	0
5903	4
5904	3
5905	0
5906	5
5907	6
5908	6
5909	2
5910	4
5911	1
5912	1
5913	0
5914	1
5915	2
5916	1
5917	3
5918	3
5919	2
5920	3
5921	0
5922	2
5923	1
5924	1
5925	1
5926	3
5927	0
5928	4
5929	3
5930	1
5931	1
5932	5
5933	1
5934	0
5935	2
5936	1
5937	0
5938	3
5939	3
5940	2
5941	3
5942	3
5943	2
5944	2
5945	2
5946	0
5947	3
5948	0
5949	0
5950	1
5951	1
5952	5
5953	1
5954	2
5955	0
5956	0
5957	5
5958	4
5959	2
5960	4
5961	0
5962	1
5963	3
5964	1
5965	2
5966	5
5967	0
5968	3
5969	3
5970	0
5971	2
5972	1
5973	1
5974	2
5975	7
5976	1
5977	0
5978	2
5979	2
5980	1
5981	3
5982	1
5983	4
5984	0
5985	3
5986	1
5987	1
5988	1
5989	3
5990	1
5991	2
5992	1
5993	1
5994	1
5995	1
5996	1
5997	0
5998	5
5999	2
6000	4
6001	2
6002	2
6003	1
6004	4
6005	2
6006	4
6007	4
6008	0
6009	0
6010	1
6011	1
6012	1
6013	1
6014	5
6015	1
6016	3
6017	4
6018	2
6019	1
6020	0
6021	2
6022	0
6023	0
6024	0
6025	2
6026	1
6027	1
6028	0
6029	1
6030	1
6031	1
6032	3
6033	2
6034	2
6035	2
6036	1
6037	2
6038	1
6039	2
6040	1
6041	1
6042	1
6043	0
6044	2
6045	4
6046	1
6047	2
6048	2
6049	1
6050	2
6051	2
6052	1
6053	0
6054	1
6055	1
6056	1
6057	1
6058	1
6059	1
6060	1
6061	1
6062	0
6063	1
6064	1
6065	1
6066	2
6067	0
6068	5
6069	4
6070	1
6071	1
6072	2
6073	2
6074	1
6075	0
6076	1
6077	3
6078	1
6079	2
6080	1
6081	2
6082	1
6083	0
6084	1
6085	0
6086	0
6087	1
6088	1
6089	4
6090	5
6091	0
6092	2
6093	1
6094	1
6095	1
6096	1
6097	2
6098	0
6099	4
6100	1
6101	3
6102	1
6103	3
6104	2
6105	1
6106	4
6107	0
6108	1
6109	3
6110	1
6111	2
6112	1
6113	0
6114	0
6115	0
6116	0
6117	1
6118	2
6119	1
6120	1
6121	1
6122	0
6123	0
6124	1
6125	2
6126	1
6127	2
6128	1
6129	0
6130	4
6131	0
6132	1
6133	2
6134	4
6135	2
6136	1
6137	1
6138	2
6139	3
6140	1
6141	2
6142	2
6143	1
6144	3
6145	4
6146	0
6147	0
6148	0
6149	2
6150	0
6151	1
6152	2
6153	0
6154	2
6155	0
6156	2
6157	4
6158	1
6159	1
6160	1
6161	1
6162	0
6163	1
6164	0
6165	0
6166	2
6167	1
6168	2
6169	1
6170	3
6171	1
6172	0
6173	2
6174	0
6175	0
6176	2
6177	2
6178	3
6179	0
6180	0
6181	3
6182	1
6183	2
6184	1
6185	2
6186	1
6187	1
6188	0
6189	1
6190	2
6191	0
6192	0
6193	2
6194	1
6195	3
6196	1
6197	1
6198	0
6199	1
6200	0
6201	2
6202	2
6203	3
6204	3
6205	0
6206	2
6207	1
6208	1
6209	0
6210	2
6211	4
6212	0
6213	2
6214	5
6215	0
6216	0
6217	1
6218	1
6219	0
6220	0
6221	2
6222	2
6223	1
6224	1
6225	3
6226	3
6227	2
6228	2
6229	2
6230	3
6231	1
6232	1
6233	3
6234	1
6235	4
6236	0
6237	1
6238	0
6239	0
6240	2
6241	4
6242	0
6243	2
6244	3
6245	1
6246	1
6247	2
6248	3
6249	1
6250	2
6251	1
6252	0
6253	2
6254	4
6255	3
6256	1
6257	2
6258	1
6259	5
6260	1
6261	4
6262	3
6263	0
6264	0
6265	2
6266	4
6267	4
6268	0
6269	3
6270	3
6271	1
6272	1
6273	4
6274	1
6275	0
6276	1
6277	1
6278	2
6279	2
6280	2
6281	0
6282	4
6283	2
6284	1
6285	3
6286	0
6287	0
6288	2
6289	1
6290	3
6291	2
6292	2
6293	2
6294	0
6295	2
6296	0
6297	0
6298	1
6299	3
6300	2
6301	4
6302	2
6303	1
6304	1
6305	0
6306	1
6307	0
6308	1
6309	1
6310	3
6311	2
6312	1
6313	2
6314	0
6315	0
6316	1
6317	2
6318	0
6319	4
6320	4
6321	0
6322	1
6323	2
6324	0
6325	1
6326	1
6327	0
6328	1
6329	0
6330	2
6331	1
6332	0
6333	3
6334	0
6335	2
6336	1
6337	1
6338	0
6339	5
6340	1
6341	2
6342	0
6343	0
6344	1
6345	1
6346	1
6347	2
6348	1
6349	2
6350	1
6351	1
6352	2
6353	1
6354	2
6355	1
6356	2
6357	3
6358	4
6359	1
6360	2
6361	0
6362	1
6363	0
6364	0
6365	4
6366	3
6367	2
6368	0
6369	1
6370	2
6371	2
6372	1
6373	0
6374	1
6375	2
6376	1
6377	4
6378	4
6379	0
6380	3
6381	0
6382	1
6383	3
6384	2
6385	1
6386	1
6387	3
6388	0
6389	0
6390	0
6391	2
6392	2
6393	2
6394	0
6395	2
6396	3
6397	0
6398	2
6399	2
6400	2
6401	2
6402	0
6403	2
6404	4
6405	1
6406	0
6407	0
6408	0
6409	2
6410	2
6411	0
6412	4
6413	5
6414	1
6415	1
6416	4
6417	1
6418	5
6419	1
6420	0
6421	3
6422	2
6423	1
6424	2
6425	1
6426	1
6427	0
6428	0
6429	1
6430	2
6431	4
6432	2
6433	0
6434	0
6435	3
6436	0
6437	2
6438	1
6439	1
6440	1
6441	0
6442	1
6443	3
6444	1
6445	0
6446	0
6447	1
6448	1
6449	2
6450	1
6451	3
6452	1
6453	1
6454	1
6455	2
6456	1
6457	1
6458	2
6459	0
6460	2
6461	1
6462	1
6463	1
6464	0
6465	2
6466	0
6467	3
6468	1
6469	1
6470	0
6471	2
6472	2
6473	0
6474	0
6475	0
6476	4
6477	1
6478	0
6479	0
6480	0
6481	3
6482	4
6483	1
6484	0
6485	1
6486	3
6487	2
6488	1
6489	0
6490	2
6491	2
6492	0
6493	0
6494	0
6495	1
6496	1
6497	0
6498	0
6499	0
6500	1
6501	0
6502	0
6503	1
6504	2
6505	3
6506	2
6507	0
6508	0
6509	1
6510	1
6511	0
6512	1
6513	0
6514	2
6515	2
6516	0
6517	1
6518	0
6519	2
6520	0
6521	2
6522	0
6523	1
6524	5
6525	0
6526	0
6527	1
6528	1
6529	1
6530	0
6531	1
6532	0
6533	3
6534	2
6535	1
6536	3
6537	0
6538	3
6539	2
6540	0
6541	0
6542	1
6543	2
6544	3
6545	3
6546	4
6547	3
6548	0
6549	0
6550	1
6551	2
6552	2
6553	2
6554	1
6555	0
6556	1
6557	2
6558	1
6559	1
6560	1
6561	0
6562	0
6563	0
6564	1
6565	1
6566	1
6567	0
6568	0
6569	1
6570	0
6571	1
6572	2
6573	2
6574	2
6575	2
6576	1
6577	0
6578	0
6579	0
6580	0
6581	0
6582	1
6583	0
6584	1
6585	0
6586	0
6587	1
6588	0
6589	2
6590	3
6591	0
6592	0
6593	0
6594	2
6595	2
6596	0
6597	0
6598	3
6599	1
6600	1
6601	2
6602	0
6603	1
6604	1
6605	0
6606	3
6607	1
6608	0
6609	2
6610	0
6611	1
6612	3
6613	2
6614	1
6615	3
6616	0
6617	1
6618	1
6619	3
6620	1
6621	1
6622	0
6623	0
6624	1
6625	0
6626	0
6627	1
6628	3
6629	1
6630	1
6631	1
6632	1
6633	1
6634	0
6635	3
6636	4
6637	1
6638	0
6639	0
6640	0
6641	1
6642	1
6643	0
6644	1
6645	0
6646	2
6647	0
6648	0
6649	3
6650	0
6651	5
6652	0
6653	0
6654	2
6655	0
6656	1
6657	1
6658	2
6659	1
6660	2
6661	1
6662	0
6663	1
6664	0
6665	1
6666	0
6667	1
6668	0
6669	0
6670	1
6671	0
6672	0
6673	0
6674	0
6675	1
6676	0
6677	1
6678	1
6679	0
6680	0
6681	0
6682	0
6683	2
6684	1
6685	0
6686	0
6687	1
6688	0
6689	2
6690	0
6691	0
6692	0
6693	0
6694	0
6695	0
6696	1
6697	0
6698	0
6699	1
6700	1
6701	1
6702	0
6703	0
6704	1
6705	0
6706	1
6707	0
6708	4
6709	0
6710	1
6711	1
6712	1
6713	2
6714	0
6715	2
6716	1
6717	0
6718	1
6719	1
6720	0
6721	0
6722	2
6723	1
6724	1
6725	1
6726	1
6727	0
6728	1
6729	0
6730	1
6731	1
6732	0
6733	1
6734	1
6735	2
6736	2
6737	1
6738	3
6739	0
6740	0
6741	1
6742	3
6743	1
6744	0
6745	0
6746	0
6747	0
6748	0
6749	1
6750	3
6751	1
6752	0
6753	1
6754	2
6755	1
6756	0
6757	1
6758	1
6759	0
6760	0
6761	3
6762	1
6763	0
6764	1
6765	0
6766	0
6767	2
6768	2
6769	3
6770	0
6771	0
6772	1
6773	1
6774	0
6775	0
6776	1
6777	0
6778	1
6779	0
6780	2
6781	5
6782	1
6783	1
6784	0
6785	1
6786	1
6787	1
6788	1
6789	0
6790	2
6791	0
6792	2
6793	1
6794	0
6795	1
6796	1
6797	0
6798	2
6799	0
6800	1
6801	0
6802	0
6803	0
6804	1
6805	2
6806	0
6807	3
6808	1
6809	1
6810	0
6811	0
6812	0
6813	2
6814	1
6815	1
6816	1
6817	0
6818	0
6819	1
6820	1
6821	0
6822	1
6823	0
6824	1
6825	1
6826	2
6827	3
6828	0
6829	0
6830	1
6831	2
6832	2
6833	2
6834	2
6835	0
6836	1
6837	1
6838	2
6839	0
6840	0
6841	0
6842	0
6843	1
6844	1
6845	1
6846	1
6847	0
6848	1
6849	0
6850	0
6851	3
6852	0
6853	1
6854	2
6855	0
6856	1
6857	0
6858	1
6859	1
6860	2
6861	0
6862	1
6863	0
6864	0
6865	0
6866	0
6867	2
6868	0
6869	3
6870	1
6871	0
6872	3
6873	0
6874	2
6875	0
6876	2
6877	0
6878	0
6879	1
6880	0
6881	0
6882	0
6883	1
6884	0
6885	0
6886	0
6887	0
6888	0
6889	3
6890	0
6891	2
6892	1
6893	1
6894	0
6895	0
6896	1
6897	1
6898	0
6899	1
6900	0
6901	3
6902	1
6903	1
6904	2
6905	0
6906	0
6907	2
6908	3
6909	1
6910	1
6911	0
6912	1
6913	0
6914	1
6915	0
6916	0
6917	1
6918	1
6919	4
6920	0
6921	1
6922	0
6923	1
6924	0
6925	1
6926	1
6927	0
6928	0
6929	2
6930	0
6931	0
6932	2
6933	0
6934	0
6935	0
6936	0
6937	0
6938	1
6939	0
6940	0
6941	0
6942	0
6943	0
6944	0
6945	0
6946	0
6947	1
6948	0
6949	0
6950	0
6951	3
6952	1
6953	0
6954	1
6955	0
6956	2
6957	1
6958	0
6959	1
6960	2
6961	0
6962	1
6963	0
6964	2
6965	0
6966	0
6967	3
6968	1
6969	1
6970	0
6971	2
6972	1
6973	2
6974	2
6975	1
6976	1
6977	1
6978	0
6979	1
6980	2
6981	1
6982	0
6983	0
6984	3
6985	1
6986	0
6987	0
6988	1
6989	1
6990	0
6991	1
6992	1
6993	3
6994	1
6995	0
6996	2
6997	2
6998	0
6999	1
7000	0
7001	3
7002	0
7003	1
7004	0
7005	3
7006	2
7007	0
7008	2
7009	1
7010	0
7011	0
7012	0
7013	1
7014	1
7015	1
7016	1
7017	0
7018	0
7019	1
7020	2
7021	0
7022	2
7023	0
7024	0
7025	1
7026	2
7027	2
7028	0
7029	0
7030	0
7031	0
7032	0
7033	1
7034	0
7035	1
7036	2
7037	2
7038	1
7039	2
7040	1
7041	2
7042	0
7043	1
7044	1
7045	0
7046	1
7047	0
7048	1
7049	0
7050	0
7051	0
7052	0
7053	2
7054	1
7055	3
7056	1
7057	0
7058	1
7059	0
7060	1
7061	2
7062	0
7063	0
7064	0
7065	2
7066	0
7067	1
7068	1
7069	0
7070	0
7071	0
7072	0
7073	1
7074	1
7075	1
7076	0
7077	0
7078	1
7079	0
7080	1
7081	1
7082	0
7083	1
7084	1
7085	1
7086	1
7087	1
7088	0
7089	1
7090	1
7091	0
7092	0
7093	1
7094	0
7095	1
7096	0
7097	1
7098	0
7099	0
7100	0
7101	0
7102	0
7103	0
7104	1
7105	0
7106	1
7107	0
7108	1
7109	2
7110	0
7111	0
7112	1
7113	1
7114	0
7115	1
7116	0
7117	0
7118	2
7119	0
7120	2
7121	0
7122	1
7123	1
7124	1
7125	1
7126	1
7127	1
7128	2
7129	1
7130	0
7131	2
7132	1
7133	2
7134	1
7135	2
7136	0
7137	0
7138	1
7139	0
7140	2
7141	1
7142	2
7143	1
7144	1
7145	0
7146	0
7147	0
7148	2
7149	0
7150	0
7151	1
7152	2
7153	0
7154	2
7155	1
7156	0
7157	0
7158	0
7159	0
7160	1
7161	1
7162	0
7163	0
7164	2
7165	2
7166	0
7167	1
7168	0
7169	4
7170	0
7171	1
7172	1
7173	1
7174	0
7175	0
7176	0
7177	0
7178	1
7179	1
7180	0
7181	1
7182	2
7183	0
7184	2
7185	0
7186	0
7187	1
7188	0
7189	2
7190	0
7191	1
7192	1
7193	0
7194	1
7195	1
7196	2
7197	1
7198	0
7199	1
7200	2
7201	0
7202	0
7203	0
7204	1
7205	0
7206	3
7207	0
7208	1
7209	0
7210	2
7211	1
7212	2
7213	0
7214	0
7215	0
7216	1
7217	0
7218	0
7219	1
7220	0
7221	1
7222	0
7223	0
7224	2
7225	0
7226	0
7227	0
7228	1
7229	1
7230	1
7231	0
7232	0
7233	1
7234	1
7235	1
7236	0
7237	0
7238	0
7239	2
7240	1
7241	2
7242	1
7243	1
7244	0
7245	1
7246	4
7247	0
7248	1
7249	0
7250	0
7251	1
7252	1
7253	0
7254	0
7255	1
7256	1
7257	0
7258	0
7259	1
7260	1
7261	0
7262	0
7263	0
7264	1
7265	1
7266	0
7267	0
7268	1
7269	0
7270	0
7271	1
7272	1
7273	1
7274	0
7275	1
7276	0
7277	0
7278	1
7279	3
7280	1
7281	0
7282	0
7283	1
7284	1
7285	0
7286	2
7287	0
7288	0
7289	2
7290	1
7291	0
7292	1
7293	0
7294	0
7295	0
7296	1
7297	1
7298	2
7299	1
7300	0
7301	1
7302	1
7303	0
7304	1
7305	3
7306	1
7307	1
7308	0
7309	1
7310	0
7311	2
7312	2
7313	0
7314	0
7315	0
7316	2
7317	1
7318	2
7319	2
7320	1
7321	4
7322	2
7323	0
7324	0
7325	1
7326	1
7327	0
7328	1
7329	0
7330	1
7331	0
7332	1
7333	0
7334	0
7335	1
7336	0
7337	2
7338	1
7339	1
7340	0
7341	0
7342	1
7343	0
7344	3
7345	0
7346	0
7347	0
7348	0
7349	1
7350	1
7351	0
7352	1
7353	1
7354	0
7355	0
7356	0
7357	2
7358	0
7359	0
7360	1
7361	0
7362	0
7363	2
7364	0
7365	1
7366	0
7367	0
7368	0
7369	0
7370	0
7371	0
7372	0
7373	1
7374	3
7375	3
7376	0
7377	0
7378	1
7379	0
7380	1
7381	1
7382	2
7383	1
7384	1
7385	0
7386	0
7387	0
7388	1
7389	0
7390	0
7391	1
7392	0
7393	0
7394	0
7395	1
7396	0
7397	0
7398	0
7399	0
7400	0
7401	1
7402	1
7403	0
7404	0
7405	2
7406	0
7407	2
7408	0
7409	0
7410	0
7411	0
7412	0
7413	1
7414	1
7415	0
7416	0
7417	0
7418	0
7419	0
7420	4
7421	0
7422	0
7423	0
7424	0
7425	1
7426	0
7427	0
7428	0
7429	0
7430	1
7431	2
7432	0
7433	1
7434	0
7435	0
7436	0
7437	0
7438	0
7439	2
7440	0
7441	0
7442	1
7443	1
7444	3
7445	0
7446	0
7447	2
7448	1
7449	1
7450	0
7451	3
7452	2
7453	0
7454	1
7455	0
7456	1
7457	0
7458	3
7459	0
7460	1
7461	0
7462	1
7463	1
7464	0
7465	0
7466	1
7467	0
7468	1
7469	0
7470	0
7471	0
7472	0
7473	2
7474	0
7475	0
7476	0
7477	0
7478	1
7479	2
7480	1
7481	1
7482	0
7483	0
7484	2
7485	1
7486	0
7487	0
7488	0
7489	0
7490	1
7491	1
7492	2
7493	1
7494	0
7495	0
7496	2
7497	2
7498	0
7499	1
7500	0
7501	1
7502	0
7503	1
7504	1
7505	2
7506	0
7507	0
7508	1
7509	0
7510	3
7511	0
7512	3
7513	0
7514	1
7515	1
7516	1
7517	1
7518	1
7519	0
7520	0
7521	2
7522	0
7523	0
7524	0
7525	1
7526	0
7527	0
7528	2
7529	0
7530	0
7531	0
7532	1
7533	0
7534	2
7535	0
7536	1
7537	1
7538	1
7539	0
7540	3
7541	0
7542	1
7543	1
7544	0
7545	0
7546	2
7547	2
7548	0
7549	0
7550	0
7551	1
7552	1
7553	1
7554	0
7555	1
7556	0
7557	0
7558	0
7559	0
7560	1
7561	1
7562	0
7563	1
7564	0
7565	0
7566	0
7567	0
7568	1
7569	1
7570	1
7571	2
7572	0
7573	0
7574	1
7575	1
7576	2
7577	0
7578	0
7579	1
7580	0
7581	0
7582	0
7583	0
7584	0
7585	0
7586	1
7587	1
7588	0
7589	0
7590	3
7591	2
7592	1
7593	1
7594	1
7595	0
7596	1
7597	0
7598	0
7599	0
7600	0
7601	2
7602	0
7603	0
7604	0
7605	0
7606	1
7607	2
7608	1
7609	0
7610	1
7611	0
7612	1
7613	0
7614	0
7615	0
7616	0
7617	2
7618	1
7619	1
7620	1
7621	0
7622	1
7623	0
7624	2
7625	1
7626	0
7627	1
7628	0
7629	0
7630	0
7631	0
7632	1
7633	1
7634	0
7635	1
7636	0
7637	0
7638	2
7639	0
7640	0
7641	1
7642	0
7643	1
7644	1
7645	3
7646	1
7647	2
7648	0
7649	0
7650	1
7651	0
7652	3
7653	0
7654	0
7655	1
7656	0
7657	0
7658	1
7659	0
7660	0
7661	0
7662	3
7663	1
7664	1
7665	1
7666	1
7667	1
7668	1
7669	0
7670	0
7671	1
7672	1
7673	1
7674	0
7675	0
7676	0
7677	1
7678	0
7679	0
7680	0
7681	0
7682	0
7683	0
7684	0
7685	0
7686	1
7687	2
7688	0
7689	0
7690	0
7691	0
7692	0
7693	0
7694	0
7695	0
7696	1
7697	0
7698	1
7699	0
7700	1
7701	1
7702	1
7703	0
7704	0
7705	0
7706	0
7707	1
7708	1
7709	1
7710	2
7711	0
7712	0
7713	0
7714	0
7715	0
7716	0
7717	0
7718	0
7719	0
7720	1
7721	1
7722	0
7723	2
7724	1
7725	0
7726	0
7727	0
7728	0
7729	0
7730	1
7731	0
7732	0
7733	0
7734	1
7735	1
7736	0
7737	0
7738	0
7739	0
7740	2
7741	0
7742	1
7743	1
7744	0
7745	1
7746	0
7747	0
7748	0
7749	0
7750	0
7751	0
7752	0
7753	1
7754	0
7755	0
7756	1
7757	0
7758	1
7759	0
7760	0
7761	0
7762	3
7763	0
7764	1
7765	0
7766	1
7767	0
7768	0
7769	1
7770	0
7771	1
7772	0
7773	0
7774	0
7775	1
7776	1
7777	1
7778	0
7779	0
7780	0
7781	1
7782	0
7783	0
7784	0
7785	1
7786	2
7787	0
7788	2
7789	1
7790	0
7791	1
7792	0
7793	0
7794	1
7795	1
7796	1
7797	0
7798	0
7799	1
7800	0
7801	0
7802	1
7803	0
7804	1
7805	0
7806	0
7807	0
7808	0
7809	0
7810	0
7811	1
7812	1
7813	0
7814	0
7815	1
7816	1
7817	1
7818	0
7819	0
7820	0
7821	0
7822	0
7823	1
7824	1
7825	0
7826	1
7827	0
7828	1
7829	1
7830	0
7831	3
7832	1
7833	1
7834	1
7835	0
7836	0
7837	0
7838	1
7839	0
7840	0
7841	1
7842	0
7843	0
7844	0
7845	0
7846	0
7847	0
7848	0
7849	1
7850	1
7851	0
7852	1
7853	0
7854	1
7855	0
7856	0
7857	0
7858	0
7859	0
7860	1
7861	0
7862	1
7863	0
7864	2
7865	1
7866	1
7867	1
7868	2
7869	2
7870	0
7871	0
7872	0
7873	0
7874	0
7875	0
7876	0
7877	1
7878	0
7879	0
7880	0
7881	0
7882	1
7883	1
7884	0
7885	0
7886	0
7887	1
7888	1
7889	0
7890	0
7891	0
7892	1
7893	1
7894	0
7895	1
7896	1
7897	0
7898	0
7899	0
7900	0
7901	0
7902	1
7903	1
7904	1
7905	1
7906	0
7907	0
7908	0
7909	3
7910	0
7911	2
7912	0
7913	0
7914	0
7915	2
7916	0
7917	0
7918	0
7919	0
7920	0
7921	1
7922	0
7923	1
7924	1
7925	0
7926	0
7927	1
7928	0
7929	0
7930	0
7931	0
7932	0
7933	2
7934	0
7935	0
7936	1
7937	1
7938	1
7939	0
7940	0
7941	0
7942	0
7943	0
7944	1
7945	1
7946	0
7947	0
7948	0
7949	0
7950	0
7951	0
7952	1
7953	2
7954	1
7955	1
7956	2
7957	0
7958	0
7959	0
7960	1
7961	0
7962	0
7963	0
7964	0
7965	0
7966	0
7967	3
7968	0
7969	1
7970	0
7971	2
7972	0
7973	0
7974	0
7975	1
7976	0
7977	0
7978	1
7979	0
7980	0
7981	1
7982	0
7983	0
7984	1
7985	0
7986	0
7987	0
7988	0
7989	0
7990	0
7991	0
7992	1
7993	0
7994	0
7995	2
7996	0
7997	0
7998	0
7999	0
8000	0
8001	1
8002	0
8003	0
8004	0
8005	1
8006	0
8007	0
8008	0
8009	0
8010	0
8011	0
8012	0
8013	0
8014	0
8015	0
8016	1
8017	0
8018	0
8019	0
8020	0
8021	1
8022	0
8023	0
8024	0
8025	0
8026	0
8027	0
8028	0
8029	1
8030	1
8031	0
8032	1
8033	0
8034	0
8035	0
8036	0
8037	0
8038	0
8039	0
8040	0
8041	0
8042	2
8043	0
8044	2
8045	0
8046	0
8047	0
8048	0
8049	2
8050	2
8051	0
8052	0
8053	0
8054	0
8055	0
8056	0
8057	1
8058	0
8059	0
8060	1
8061	0
8062	0
8063	1
8064	0
8065	0
8066	0
8067	0
8068	0
8069	0
8070	0
8071	0
8072	0
8073	0
8074	0
8075	0
8076	0
8077	0
8078	0
8079	0
8080	0
8081	0
8082	0
8083	0
8084	0
8085	0
8086	0
8087	0
8088	0
8089	0
8090	0
8091	0
8092	0
8093	0
8094	0
8095	0
8096	0
8097	0
8098	0
8099	0
8100	0
8101	0
8102	0
8103	0
8104	0
8105	0
8106	0
8107	0
8108	0
8109	0
8110	0
8111	0
8112	0
8113	0
8114	0
8115	0
8116	0
8117	0
8118	0
8119	0
8120	0
8121	0
8122	0
8123	0
8124	0
8125	0
8126	0
8127	0
8128	0
8129	0
8130	0
8131	0
8132	0
8133	0
8134	0
8135	0
8136	0
8137	0
8138	0
8139	0
8140	0
8141	0
8142	0
8143	0
8144	0
8145	0
8146	0
8147	0
8148	0
8149	0
8150	0
8151	0
8152	0
8153	0
8154	0
8155	0
8156	0
8157	0
8158	0
8159	0
8160	0
8161	0
8162	0
8163	0
8164	0
8165	0
8166	0
8167	0
8168	0
8169	0
8170	0
8171	0
8172	0
8173	0
8174	0
8175	0
8176	0
8177	0
8178	0
8179	0
8180	0
8181	0
8182	0
8183	0
8184	0
8185	0
8186	0
8187	0
8188	0
8189	0
8190	0
8191	0
