-2	86400
-1	86429.78
0	0
1	0
2	0
3	0
4	0
5	0
6	0
7	0
8	0
9	0
10	0
11	0
12	0
13	0
14	0
15	0
16	0
17	0
18	0
19	0
20	0
21	0
22	0
23	0
24	0
25	0
26	0
27	0
28	0
29	0
30	0
31	0
32	0
33	0
34	0
35	0
36	0
37	0
38	0
39	0
40	0
41	0
42	0
43	0
44	0
45	0
46	6
47	1
48	0
49	99
50	380
51	532
52	525
53	678
54	714
55	780
56	835
57	888
58	850
59	813
60	759
61	829
62	734
63	748
64	738
65	747
66	743
67	768
68	767
69	781
70	781
71	826
72	835
73	814
74	797
75	800
76	838
77	793
78	782
79	846
80	846
81	813
82	809
83	819
84	756
85	790
86	837
87	817
88	819
89	824
90	859
91	793
92	844
93	876
94	887
95	844
96	870
97	847
98	932
99	879
100	834
101	949
102	927
103	995
104	940
105	964
106	971
107	976
108	957
109	1006
110	994
111	1036
112	1037
113	1022
114	1048
115	1099
116	1088
117	1154
118	1071
119	1163
120	1170
121	1216
122	1178
123	1241
124	1237
125	1312
126	1227
127	1327
128	1295
129	1313
130	1310
131	1309
132	1321
133	1367
134	1340
135	1397
136	1453
137	1331
138	1449
139	1428
140	1470
141	1390
142	1494
143	1486
144	1530
145	1478
146	1543
147	1454
148	1555
149	1476
150	1569
151	1503
152	1484
153	1574
154	1634
155	1556
156	1664
157	1562
158	1563
159	1599
160	1622
161	1549
162	1605
163	1638
164	1623
165	1662
166	1679
167	1574
168	1643
169	1634
170	1703
171	1721
172	1653
173	1660
174	1668
175	1668
176	1636
177	1755
178	1661
179	1685
180	1619
181	1695
182	1646
183	1660
184	1663
185	1673
186	1619
187	1640
188	1657
189	1679
190	1633
191	1628
192	1691
193	1625
194	1672
195	1728
196	1627
197	1627
198	1671
199	1682
200	1680
201	1643
202	1597
203	1615
204	1700
205	1684
206	1643
207	1618
208	1696
209	1566
210	1596
211	1561
212	1621
213	1647
214	1658
215	1599
216	1592
217	1582
218	1652
219	1562
220	1609
221	1616
222	1601
223	1579
224	1501
225	1477
226	1519
227	1582
228	1515
229	1541
230	1594
231	1469
232	1526
233	1559
234	1503
235	1464
236	1511
237	1587
238	1527
239	1523
240	1542
241	1481
242	1466
243	1465
244	1446
245	1435
246	1433
247	1486
248	1419
249	1511
250	1415
251	1402
252	1444
253	1392
254	1364
255	1385
256	1421
257	1399
258	1390
259	1313
260	1385
261	1433
262	1371
263	1410
264	1483
265	1410
266	1377
267	1350
268	1294
269	1297
270	1364
271	1199
272	1282
273	1319
274	1288
275	1293
276	1263
277	1210
278	1251
279	1197
280	1176
281	1235
282	1185
283	1244
284	1139
285	1189
286	1211
287	1187
288	1191
289	1153
290	1169
291	1144
292	1130
293	1102
294	1188
295	1166
296	1141
297	1069
298	1133
299	1204
300	1061
301	1108
302	1120
303	1093
304	1038
305	1143
306	1072
307	1088
308	1102
309	1086
310	1075
311	1013
312	1055
313	982
314	1033
315	1081
316	1066
317	1056
318	1055
319	1031
320	1043
321	1042
322	1040
323	977
324	1016
325	1065
326	1054
327	1086
328	1042
329	1051
330	984
331	1007
332	1025
333	934
334	966
335	977
336	899
337	857
338	929
339	949
340	909
341	905
342	969
343	907
344	898
345	922
346	924
347	925
348	893
349	955
350	837
351	875
352	855
353	887
354	852
355	876
356	825
357	872
358	873
359	883
360	903
361	892
362	909
363	945
364	855
365	896
366	862
367	859
368	858
369	850
370	812
371	847
372	896
373	845
374	902
375	891
376	811
377	844
378	839
379	747
380	826
381	762
382	777
383	738
384	787
385	759
386	751
387	810
388	882
389	976
390	941
391	800
392	757
393	739
394	760
395	707
396	754
397	772
398	758
399	706
400	719
401	723
402	716
403	736
404	714
405	765
406	685
407	687
408	698
409	721
410	711
411	700
412	707
413	641
414	723
415	678
416	702
417	654
418	676
419	696
420	685
421	662
422	670
423	635
424	628
425	668
426	630
427	623
428	686
429	647
430	620
431	651
432	622
433	618
434	576
435	675
436	686
437	637
438	621
439	628
440	635
441	658
442	592
443	647
444	596
445	570
446	574
447	612
448	623
449	622
450	627
451	675
452	621
453	605
454	590
455	652
456	604
457	591
458	642
459	590
460	587
461	614
462	594
463	611
464	572
465	594
466	584
467	598
468	615
469	574
470	603
471	527
472	581
473	562
474	595
475	498
476	555
477	522
478	565
479	568
480	579
481	547
482	518
483	521
484	520
485	577
486	532
487	531
488	528
489	570
490	526
491	534
492	546
493	532
494	529
495	519
496	555
497	569
498	538
499	513
500	524
501	557
502	511
503	521
504	509
505	515
506	539
507	509
508	541
509	526
510	511
511	495
512	533
513	561
514	461
515	474
516	519
517	477
518	463
519	487
520	504
521	447
522	510
523	482
524	507
525	495
526	528
527	466
528	466
529	484
530	497
531	486
532	461
533	461
534	456
535	512
536	487
537	485
538	466
539	484
540	480
541	430
542	447
543	429
544	448
545	437
546	453
547	460
548	438
549	470
550	451
551	436
552	426
553	460
554	447
555	475
556	421
557	445
558	451
559	443
560	514
561	525
562	678
563	898
564	1092
565	1334
566	1175
567	1056
568	771
569	583
570	485
571	464
572	420
573	432
574	446
575	461
576	435
577	433
578	405
579	423
580	399
581	395
582	427
583	382
584	453
585	438
586	405
587	396
588	388
589	421
590	379
591	415
592	410
593	376
594	406
595	380
596	401
597	392
598	385
599	365
600	363
601	402
602	419
603	380
604	375
605	399
606	397
607	373
608	373
609	371
610	398
611	376
612	338
613	369
614	381
615	373
616	344
617	377
618	354
619	344
620	369
621	349
622	378
623	410
624	410
625	392
626	361
627	353
628	391
629	394
630	364
631	381
632	348
633	344
634	386
635	372
636	352
637	344
638	383
639	354
640	351
641	362
642	413
643	492
644	560
645	623
646	556
647	485
648	397
649	331
650	365
651	324
652	363
653	339
654	334
655	325
656	353
657	362
658	355
659	348
660	367
661	380
662	346
663	376
664	384
665	355
666	359
667	374
668	347
669	370
670	339
671	394
672	536
673	676
674	724
675	621
676	453
677	367
678	336
679	312
680	320
681	335
682	303
683	326
684	280
685	302
686	305
687	341
688	310
689	310
690	294
691	329
692	302
693	302
694	312
695	284
696	323
697	263
698	290
699	291
700	334
701	304
702	304
703	297
704	334
705	284
706	335
707	291
708	292
709	339
710	271
711	294
712	266
713	261
714	264
715	290
716	272
717	318
718	291
719	297
720	279
721	292
722	273
723	293
724	292
725	300
726	271
727	288
728	269
729	277
730	287
731	300
732	273
733	280
734	271
735	281
736	282
737	311
738	284
739	308
740	297
741	290
742	283
743	292
744	252
745	281
746	295
747	279
748	301
749	292
750	277
751	256
752	261
753	291
754	261
755	267
756	287
757	310
758	242
759	274
760	262
761	254
762	255
763	267
764	288
765	260
766	295
767	290
768	283
769	267
770	281
771	261
772	263
773	288
774	283
775	291
776	263
777	276
778	295
779	266
780	277
781	253
782	273
783	255
784	258
785	272
786	270
787	292
788	251
789	254
790	264
791	258
792	259
793	247
794	275
795	244
796	250
797	261
798	261
799	261
800	258
801	246
802	310
803	319
804	357
805	317
806	271
807	234
808	237
809	252
810	270
811	270
812	262
813	252
814	240
815	248
816	255
817	246
818	235
819	254
820	215
821	240
822	247
823	244
824	246
825	256
826	240
827	233
828	242
829	214
830	238
831	237
832	218
833	267
834	250
835	260
836	259
837	226
838	224
839	228
840	228
841	199
842	212
843	217
844	227
845	230
846	211
847	272
848	264
849	278
850	284
851	257
852	231
853	245
854	245
855	249
856	231
857	206
858	217
859	242
860	227
861	227
862	236
863	212
864	238
865	258
866	256
867	251
868	245
869	234
870	242
871	242
872	207
873	230
874	241
875	213
876	228
877	235
878	233
879	309
880	240
881	207
882	229
883	226
884	230
885	184
886	241
887	205
888	207
889	231
890	233
891	201
892	195
893	228
894	204
895	223
896	204
897	204
898	211
899	229
900	213
901	194
902	197
903	208
904	225
905	236
906	224
907	197
908	224
909	212
910	198
911	205
912	209
913	235
914	226
915	222
916	220
917	197
918	228
919	216
920	200
921	231
922	190
923	210
924	210
925	223
926	220
927	210
928	224
929	212
930	218
931	215
932	219
933	194
934	194
935	226
936	213
937	192
938	228
939	223
940	169
941	205
942	192
943	210
944	216
945	200
946	197
947	224
948	204
949	202
950	237
951	237
952	211
953	215
954	222
955	190
956	210
957	194
958	182
959	190
960	187
961	205
962	208
963	190
964	184
965	220
966	173
967	193
968	171
969	166
970	205
971	215
972	152
973	171
974	189
975	190
976	193
977	195
978	211
979	223
980	186
981	195
982	183
983	164
984	192
985	199
986	193
987	192
988	177
989	199
990	210
991	216
992	203
993	189
994	163
995	191
996	185
997	172
998	207
999	210
1000	187
1001	185
1002	188
1003	175
1004	250
1005	292
1006	416
1007	539
1008	500
1009	324
1010	253
1011	211
1012	190
1013	173
1014	171
1015	185
1016	159
1017	176
1018	162
1019	182
1020	167
1021	169
1022	167
1023	160
1024	179
1025	179
1026	169
1027	187
1028	178
1029	192
1030	186
1031	187
1032	177
1033	215
1034	208
1035	186
1036	154
1037	154
1038	197
1039	178
1040	180
1041	176
1042	169
1043	151
1044	174
1045	156
1046	161
1047	192
1048	177
1049	191
1050	186
1051	189
1052	162
1053	189
1054	145
1055	153
1056	161
1057	193
1058	183
1059	176
1060	175
1061	171
1062	186
1063	202
1064	233
1065	262
1066	243
1067	226
1068	256
1069	284
1070	344
1071	401
1072	339
1073	287
1074	215
1075	184
1076	173
1077	160
1078	154
1079	137
1080	152
1081	163
1082	180
1083	137
1084	155
1085	129
1086	167
1087	164
1088	174
1089	142
1090	160
1091	139
1092	155
1093	148
1094	148
1095	161
1096	158
1097	169
1098	152
1099	157
1100	155
1101	166
1102	149
1103	146
1104	172
1105	174
1106	181
1107	163
1108	149
1109	151
1110	157
1111	166
1112	143
1113	144
1114	159
1115	141
1116	158
1117	157
1118	136
1119	163
1120	143
1121	172
1122	138
1123	143
1124	143
1125	161
1126	159
1127	144
1128	176
1129	166
1130	170
1131	166
1132	157
1133	153
1134	156
1135	174
1136	131
1137	176
1138	141
1139	143
1140	149
1141	178
1142	160
1143	134
1144	143
1145	144
1146	138
1147	149
1148	153
1149	148
1150	155
1151	160
1152	117
1153	151
1154	133
1155	161
1156	148
1157	139
1158	127
1159	166
1160	162
1161	157
1162	158
1163	170
1164	142
1165	145
1166	147
1167	145
1168	138
1169	160
1170	154
1171	137
1172	162
1173	125
1174	126
1175	164
1176	136
1177	137
1178	138
1179	141
1180	165
1181	161
1182	157
1183	153
1184	155
1185	161
1186	133
1187	148
1188	135
1189	159
1190	143
1191	131
1192	148
1193	169
1194	139
1195	135
1196	133
1197	141
1198	160
1199	133
1200	146
1201	135
1202	150
1203	142
1204	128
1205	129
1206	153
1207	131
1208	145
1209	147
1210	143
1211	134
1212	150
1213	162
1214	150
1215	140
1216	135
1217	137
1218	132
1219	147
1220	142
1221	143
1222	151
1223	162
1224	165
1225	153
1226	149
1227	158
1228	128
1229	152
1230	132
1231	157
1232	159
1233	148
1234	160
1235	180
1236	228
1237	307
1238	330
1239	315
1240	239
1241	166
1242	167
1243	148
1244	160
1245	149
1246	133
1247	157
1248	147
1249	150
1250	153
1251	135
1252	147
1253	144
1254	147
1255	159
1256	132
1257	154
1258	137
1259	171
1260	126
1261	116
1262	125
1263	154
1264	158
1265	128
1266	127
1267	133
1268	134
1269	129
1270	114
1271	121
1272	150
1273	138
1274	141
1275	150
1276	173
1277	158
1278	157
1279	160
1280	134
1281	148
1282	146
1283	153
1284	126
1285	148
1286	162
1287	126
1288	139
1289	137
1290	147
1291	139
1292	124
1293	134
1294	149
1295	163
1296	133
1297	145
1298	145
1299	159
1300	156
1301	153
1302	149
1303	128
1304	132
1305	147
1306	139
1307	124
1308	154
1309	109
1310	118
1311	144
1312	122
1313	142
1314	128
1315	138
1316	156
1317	144
1318	125
1319	140
1320	125
1321	152
1322	139
1323	170
1324	127
1325	147
1326	142
1327	137
1328	131
1329	143
1330	134
1331	136
1332	142
1333	154
1334	156
1335	145
1336	148
1337	142
1338	129
1339	161
1340	135
1341	148
1342	149
1343	151
1344	153
1345	163
1346	153
1347	137
1348	143
1349	131
1350	140
1351	131
1352	115
1353	139
1354	124
1355	126
1356	147
1357	119
1358	125
1359	148
1360	148
1361	126
1362	149
1363	148
1364	162
1365	157
1366	175
1367	194
1368	228
1369	227
1370	174
1371	158
1372	153
1373	129
1374	112
1375	148
1376	143
1377	125
1378	140
1379	121
1380	110
1381	127
1382	121
1383	122
1384	99
1385	118
1386	120
1387	116
1388	129
1389	119
1390	140
1391	122
1392	106
1393	107
1394	101
1395	95
1396	130
1397	118
1398	119
1399	122
1400	96
1401	102
1402	103
1403	111
1404	110
1405	100
1406	113
1407	108
1408	115
1409	103
1410	95
1411	119
1412	113
1413	134
1414	132
1415	114
1416	145
1417	124
1418	115
1419	94
1420	104
1421	88
1422	96
1423	122
1424	115
1425	98
1426	89
1427	113
1428	111
1429	109
1430	71
1431	98
1432	88
1433	96
1434	91
1435	114
1436	106
1437	103
1438	100
1439	81
1440	88
1441	97
1442	102
1443	86
1444	85
1445	105
1446	79
1447	82
1448	100
1449	96
1450	90
1451	109
1452	90
1453	83
1454	93
1455	73
1456	101
1457	102
1458	85
1459	97
1460	98
1461	95
1462	87
1463	86
1464	95
1465	104
1466	106
1467	105
1468	88
1469	89
1470	80
1471	86
1472	99
1473	99
1474	92
1475	96
1476	81
1477	85
1478	91
1479	79
1480	77
1481	80
1482	66
1483	80
1484	97
1485	82
1486	80
1487	83
1488	90
1489	71
1490	68
1491	81
1492	72
1493	75
1494	87
1495	87
1496	82
1497	85
1498	62
1499	83
1500	75
1501	80
1502	75
1503	85
1504	82
1505	95
1506	69
1507	85
1508	86
1509	72
1510	81
1511	78
1512	79
1513	73
1514	63
1515	77
1516	73
1517	74
1518	67
1519	79
1520	107
1521	140
1522	130
1523	130
1524	91
1525	106
1526	82
1527	83
1528	67
1529	72
1530	83
1531	54
1532	85
1533	80
1534	82
1535	71
1536	67
1537	68
1538	57
1539	79
1540	62
1541	62
1542	73
1543	68
1544	74
1545	81
1546	82
1547	74
1548	90
1549	73
1550	79
1551	82
1552	73
1553	84
1554	103
1555	98
1556	123
1557	97
1558	95
1559	68
1560	103
1561	75
1562	74
1563	67
1564	70
1565	80
1566	60
1567	72
1568	68
1569	58
1570	76
1571	78
1572	62
1573	64
1574	73
1575	76
1576	66
1577	63
1578	68
1579	60
1580	71
1581	73
1582	70
1583	84
1584	76
1585	73
1586	75
1587	70
1588	83
1589	72
1590	70
1591	62
1592	69
1593	76
1594	75
1595	82
1596	71
1597	69
1598	78
1599	56
1600	69
1601	72
1602	65
1603	60
1604	75
1605	63
1606	70
1607	67
1608	83
1609	94
1610	258
1611	672
1612	1507
1613	2435
1614	2952
1615	2600
1616	1738
1617	822
1618	307
1619	93
1620	53
1621	38
1622	50
1623	39
1624	38
1625	30
1626	45
1627	40
1628	48
1629	45
1630	52
1631	41
1632	39
1633	39
1634	34
1635	45
1636	43
1637	39
1638	61
1639	51
1640	47
1641	39
1642	38
1643	42
1644	59
1645	47
1646	50
1647	34
1648	41
1649	32
1650	56
1651	51
1652	50
1653	67
1654	57
1655	64
1656	51
1657	40
1658	48
1659	55
1660	51
1661	48
1662	53
1663	40
1664	49
1665	59
1666	77
1667	64
1668	77
1669	62
1670	79
1671	39
1672	53
1673	48
1674	47
1675	47
1676	45
1677	42
1678	39
1679	32
1680	43
1681	56
1682	34
1683	39
1684	35
1685	42
1686	39
1687	38
1688	46
1689	39
1690	44
1691	39
1692	51
1693	54
1694	50
1695	43
1696	33
1697	41
1698	48
1699	45
1700	40
1701	48
1702	38
1703	40
1704	37
1705	41
1706	48
1707	37
1708	29
1709	50
1710	38
1711	43
1712	37
1713	39
1714	35
1715	39
1716	45
1717	34
1718	45
1719	41
1720	47
1721	35
1722	39
1723	30
1724	36
1725	34
1726	37
1727	42
1728	49
1729	44
1730	33
1731	40
1732	33
1733	37
1734	36
1735	45
1736	46
1737	39
1738	29
1739	46
1740	47
1741	47
1742	27
1743	32
1744	44
1745	49
1746	58
1747	48
1748	57
1749	51
1750	35
1751	52
1752	56
1753	72
1754	86
1755	96
1756	92
1757	70
1758	70
1759	64
1760	66
1761	60
1762	45
1763	37
1764	38
1765	27
1766	31
1767	38
1768	34
1769	37
1770	35
1771	30
1772	35
1773	34
1774	43
1775	36
1776	47
1777	33
1778	38
1779	30
1780	40
1781	37
1782	38
1783	40
1784	29
1785	32
1786	36
1787	39
1788	48
1789	46
1790	56
1791	48
1792	80
1793	42
1794	54
1795	32
1796	46
1797	23
1798	41
1799	47
1800	53
1801	56
1802	40
1803	53
1804	54
1805	40
1806	35
1807	27
1808	42
1809	49
1810	38
1811	35
1812	37
1813	37
1814	36
1815	30
1816	43
1817	29
1818	34
1819	30
1820	38
1821	31
1822	32
1823	34
1824	40
1825	29
1826	30
1827	24
1828	32
1829	41
1830	38
1831	31
1832	37
1833	39
1834	43
1835	58
1836	52
1837	39
1838	44
1839	37
1840	44
1841	31
1842	40
1843	23
1844	30
1845	39
1846	32
1847	35
1848	32
1849	22
1850	39
1851	34
1852	39
1853	36
1854	37
1855	27
1856	38
1857	32
1858	38
1859	32
1860	29
1861	24
1862	29
1863	36
1864	41
1865	37
1866	29
1867	27
1868	36
1869	29
1870	35
1871	36
1872	31
1873	33
1874	24
1875	34
1876	31
1877	29
1878	24
1879	32
1880	30
1881	32
1882	29
1883	31
1884	23
1885	43
1886	17
1887	25
1888	32
1889	21
1890	19
1891	22
1892	22
1893	29
1894	33
1895	26
1896	38
1897	26
1898	40
1899	18
1900	27
1901	41
1902	25
1903	24
1904	27
1905	40
1906	24
1907	41
1908	48
1909	47
1910	53
1911	87
1912	63
1913	61
1914	49
1915	45
1916	24
1917	25
1918	34
1919	24
1920	35
1921	34
1922	37
1923	23
1924	21
1925	33
1926	27
1927	16
1928	33
1929	38
1930	24
1931	34
1932	31
1933	24
1934	29
1935	25
1936	38
1937	30
1938	24
1939	35
1940	30
1941	28
1942	39
1943	17
1944	34
1945	56
1946	55
1947	157
1948	207
1949	284
1950	244
1951	190
1952	138
1953	74
1954	39
1955	30
1956	32
1957	24
1958	26
1959	32
1960	24
1961	30
1962	21
1963	31
1964	32
1965	30
1966	26
1967	27
1968	43
1969	32
1970	25
1971	30
1972	15
1973	33
1974	27
1975	26
1976	24
1977	27
1978	26
1979	21
1980	27
1981	25
1982	32
1983	24
1984	32
1985	33
1986	33
1987	25
1988	21
1989	34
1990	22
1991	22
1992	35
1993	23
1994	35
1995	26
1996	30
1997	32
1998	20
1999	30
2000	26
2001	24
2002	31
2003	27
2004	28
2005	24
2006	29
2007	22
2008	32
2009	30
2010	23
2011	26
2012	21
2013	22
2014	27
2015	25
2016	26
2017	17
2018	28
2019	30
2020	34
2021	25
2022	25
2023	28
2024	32
2025	26
2026	21
2027	23
2028	30
2029	31
2030	37
2031	34
2032	35
2033	30
2034	22
2035	30
2036	26
2037	29
2038	39
2039	35
2040	59
2041	67
2042	50
2043	45
2044	34
2045	24
2046	35
2047	27
2048	25
2049	25
2050	22
2051	34
2052	25
2053	20
2054	25
2055	30
2056	26
2057	33
2058	26
2059	30
2060	23
2061	22
2062	24
2063	24
2064	16
2065	27
2066	23
2067	33
2068	19
2069	25
2070	27
2071	30
2072	26
2073	31
2074	17
2075	23
2076	20
2077	34
2078	30
2079	24
2080	20
2081	34
2082	26
2083	27
2084	25
2085	32
2086	21
2087	25
2088	28
2089	35
2090	30
2091	29
2092	34
2093	26
2094	31
2095	29
2096	25
2097	27
2098	36
2099	23
2100	29
2101	20
2102	25
2103	25
2104	22
2105	22
2106	21
2107	24
2108	23
2109	19
2110	22
2111	30
2112	30
2113	25
2114	27
2115	31
2116	28
2117	25
2118	27
2119	34
2120	20
2121	30
2122	19
2123	27
2124	18
2125	19
2126	24
2127	27
2128	28
2129	23
2130	21
2131	39
2132	20
2133	23
2134	28
2135	24
2136	32
2137	33
2138	24
2139	19
2140	28
2141	25
2142	27
2143	20
2144	25
2145	21
2146	23
2147	28
2148	25
2149	19
2150	33
2151	28
2152	23
2153	20
2154	27
2155	22
2156	31
2157	18
2158	29
2159	18
2160	24
2161	26
2162	23
2163	29
2164	34
2165	28
2166	15
2167	23
2168	22
2169	26
2170	21
2171	21
2172	25
2173	29
2174	23
2175	16
2176	23
2177	32
2178	18
2179	35
2180	28
2181	15
2182	23
2183	28
2184	20
2185	19
2186	21
2187	36
2188	18
2189	19
2190	26
2191	22
2192	23
2193	23
2194	24
2195	24
2196	30
2197	17
2198	18
2199	30
2200	30
2201	29
2202	24
2203	21
2204	16
2205	29
2206	27
2207	21
2208	26
2209	24
2210	43
2211	26
2212	25
2213	23
2214	11
2215	21
2216	30
2217	31
2218	20
2219	26
2220	21
2221	17
2222	25
2223	23
2224	32
2225	30
2226	23
2227	17
2228	27
2229	22
2230	20
2231	28
2232	19
2233	21
2234	27
2235	22
2236	22
2237	24
2238	26
2239	26
2240	22
2241	22
2242	23
2243	24
2244	23
2245	20
2246	16
2247	22
2248	25
2249	21
2250	19
2251	15
2252	25
2253	16
2254	25
2255	17
2256	19
2257	15
2258	28
2259	24
2260	26
2261	14
2262	21
2263	18
2264	20
2265	22
2266	27
2267	27
2268	20
2269	14
2270	34
2271	23
2272	16
2273	33
2274	19
2275	23
2276	31
2277	21
2278	15
2279	23
2280	26
2281	26
2282	31
2283	21
2284	20
2285	19
2286	19
2287	13
2288	9
2289	21
2290	19
2291	17
2292	21
2293	26
2294	19
2295	20
2296	19
2297	15
2298	25
2299	32
2300	22
2301	24
2302	21
2303	21
2304	32
2305	25
2306	22
2307	22
2308	25
2309	32
2310	27
2311	26
2312	31
2313	33
2314	27
2315	21
2316	28
2317	31
2318	23
2319	42
2320	50
2321	60
2322	76
2323	88
2324	83
2325	84
2326	56
2327	47
2328	38
2329	25
2330	31
2331	21
2332	27
2333	20
2334	21
2335	29
2336	18
2337	31
2338	42
2339	38
2340	43
2341	41
2342	31
2343	32
2344	32
2345	27
2346	21
2347	18
2348	22
2349	18
2350	27
2351	24
2352	19
2353	16
2354	25
2355	23
2356	17
2357	30
2358	24
2359	12
2360	19
2361	16
2362	25
2363	19
2364	29
2365	27
2366	23
2367	27
2368	14
2369	28
2370	25
2371	27
2372	20
2373	17
2374	27
2375	26
2376	17
2377	25
2378	21
2379	14
2380	21
2381	20
2382	33
2383	25
2384	13
2385	23
2386	22
2387	16
2388	20
2389	24
2390	20
2391	25
2392	18
2393	18
2394	24
2395	28
2396	27
2397	24
2398	25
2399	24
2400	22
2401	17
2402	21
2403	23
2404	18
2405	24
2406	27
2407	24
2408	15
2409	12
2410	21
2411	33
2412	24
2413	23
2414	19
2415	20
2416	23
2417	22
2418	25
2419	22
2420	19
2421	26
2422	13
2423	17
2424	27
2425	25
2426	11
2427	23
2428	20
2429	29
2430	24
2431	30
2432	70
2433	82
2434	107
2435	109
2436	88
2437	52
2438	34
2439	21
2440	26
2441	18
2442	19
2443	23
2444	22
2445	19
2446	21
2447	23
2448	23
2449	20
2450	23
2451	21
2452	21
2453	20
2454	20
2455	19
2456	21
2457	26
2458	24
2459	35
2460	15
2461	19
2462	22
2463	24
2464	25
2465	31
2466	29
2467	23
2468	22
2469	20
2470	18
2471	25
2472	23
2473	20
2474	16
2475	17
2476	25
2477	30
2478	25
2479	28
2480	27
2481	22
2482	18
2483	14
2484	26
2485	13
2486	19
2487	24
2488	21
2489	26
2490	18
2491	28
2492	20
2493	29
2494	27
2495	25
2496	26
2497	20
2498	16
2499	24
2500	24
2501	21
2502	33
2503	25
2504	22
2505	21
2506	18
2507	26
2508	22
2509	17
2510	25
2511	21
2512	22
2513	23
2514	27
2515	16
2516	21
2517	33
2518	22
2519	27
2520	20
2521	27
2522	16
2523	29
2524	19
2525	30
2526	24
2527	34
2528	22
2529	20
2530	19
2531	15
2532	33
2533	20
2534	27
2535	31
2536	19
2537	21
2538	20
2539	26
2540	30
2541	27
2542	17
2543	27
2544	27
2545	20
2546	20
2547	19
2548	23
2549	29
2550	24
2551	21
2552	25
2553	15
2554	22
2555	20
2556	20
2557	19
2558	22
2559	26
2560	21
2561	22
2562	17
2563	22
2564	21
2565	21
2566	29
2567	25
2568	17
2569	22
2570	12
2571	27
2572	24
2573	21
2574	24
2575	22
2576	20
2577	23
2578	25
2579	17
2580	16
2581	29
2582	21
2583	18
2584	26
2585	30
2586	29
2587	18
2588	15
2589	30
2590	25
2591	18
2592	20
2593	22
2594	24
2595	24
2596	22
2597	23
2598	16
2599	30
2600	24
2601	19
2602	26
2603	26
2604	19
2605	27
2606	25
2607	27
2608	28
2609	25
2610	23
2611	25
2612	32
2613	21
2614	22
2615	21
2616	18
2617	17
2618	28
2619	18
2620	20
2621	30
2622	28
2623	25
2624	14
2625	30
2626	26
2627	24
2628	21
2629	31
2630	24
2631	28
2632	21
2633	22
2634	23
2635	14
2636	21
2637	16
2638	19
2639	24
2640	29
2641	14
2642	13
2643	22
2644	26
2645	13
2646	19
2647	10
2648	23
2649	21
2650	17
2651	23
2652	15
2653	19
2654	15
2655	21
2656	22
2657	14
2658	12
2659	18
2660	16
2661	24
2662	21
2663	16
2664	14
2665	20
2666	18
2667	19
2668	21
2669	24
2670	16
2671	12
2672	26
2673	17
2674	15
2675	14
2676	20
2677	11
2678	17
2679	18
2680	12
2681	21
2682	9
2683	14
2684	20
2685	12
2686	15
2687	14
2688	13
2689	15
2690	16
2691	14
2692	16
2693	17
2694	19
2695	22
2696	13
2697	18
2698	21
2699	19
2700	13
2701	31
2702	41
2703	50
2704	34
2705	36
2706	29
2707	17
2708	13
2709	21
2710	22
2711	8
2712	17
2713	6
2714	11
2715	19
2716	12
2717	14
2718	23
2719	11
2720	11
2721	23
2722	21
2723	12
2724	13
2725	18
2726	15
2727	13
2728	19
2729	14
2730	14
2731	10
2732	17
2733	11
2734	10
2735	12
2736	14
2737	13
2738	12
2739	19
2740	9
2741	9
2742	16
2743	10
2744	6
2745	11
2746	14
2747	9
2748	16
2749	13
2750	9
2751	17
2752	11
2753	12
2754	17
2755	17
2756	17
2757	17
2758	12
2759	18
2760	16
2761	14
2762	12
2763	11
2764	11
2765	12
2766	14
2767	13
2768	13
2769	12
2770	11
2771	10
2772	9
2773	10
2774	8
2775	4
2776	13
2777	14
2778	12
2779	10
2780	12
2781	7
2782	6
2783	8
2784	12
2785	15
2786	7
2787	12
2788	15
2789	17
2790	10
2791	8
2792	7
2793	9
2794	7
2795	9
2796	20
2797	10
2798	7
2799	16
2800	4
2801	15
2802	9
2803	6
2804	9
2805	5
2806	11
2807	4
2808	8
2809	5
2810	7
2811	11
2812	6
2813	9
2814	14
2815	10
2816	6
2817	13
2818	7
2819	7
2820	6
2821	5
2822	6
2823	1
2824	5
2825	10
2826	7
2827	10
2828	5
2829	11
2830	12
2831	8
2832	8
2833	9
2834	6
2835	8
2836	13
2837	7
2838	12
2839	6
2840	11
2841	5
2842	4
2843	5
2844	2
2845	6
2846	11
2847	13
2848	7
2849	6
2850	6
2851	13
2852	7
2853	7
2854	5
2855	13
2856	9
2857	6
2858	5
2859	9
2860	9
2861	11
2862	8
2863	4
2864	11
2865	10
2866	7
2867	9
2868	8
2869	8
2870	7
2871	13
2872	10
2873	12
2874	11
2875	12
2876	8
2877	5
2878	8
2879	10
2880	13
2881	23
2882	41
2883	78
2884	164
2885	273
2886	475
2887	593
2888	619
2889	537
2890	408
2891	242
2892	116
2893	51
2894	6
2895	10
2896	9
2897	4
2898	6
2899	6
2900	6
2901	7
2902	4
2903	5
2904	11
2905	1
2906	4
2907	1
2908	4
2909	6
2910	8
2911	6
2912	4
2913	8
2914	8
2915	9
2916	9
2917	4
2918	8
2919	6
2920	4
2921	4
2922	5
2923	10
2924	4
2925	8
2926	12
2927	7
2928	8
2929	4
2930	5
2931	5
2932	4
2933	5
2934	4
2935	4
2936	7
2937	8
2938	4
2939	1
2940	2
2941	6
2942	6
2943	5
2944	6
2945	7
2946	3
2947	4
2948	6
2949	6
2950	13
2951	9
2952	4
2953	4
2954	3
2955	3
2956	7
2957	4
2958	7
2959	3
2960	2
2961	3
2962	7
2963	7
2964	7
2965	7
2966	4
2967	7
2968	10
2969	7
2970	6
2971	8
2972	2
2973	6
2974	1
2975	9
2976	3
2977	2
2978	4
2979	3
2980	2
2981	7
2982	4
2983	4
2984	6
2985	5
2986	5
2987	5
2988	8
2989	3
2990	4
2991	6
2992	8
2993	8
2994	4
2995	3
2996	5
2997	6
2998	4
2999	4
3000	10
3001	3
3002	6
3003	2
3004	10
3005	5
3006	2
3007	4
3008	4
3009	8
3010	11
3011	4
3012	3
3013	5
3014	7
3015	9
3016	1
3017	9
3018	7
3019	3
3020	5
3021	4
3022	3
3023	7
3024	6
3025	4
3026	2
3027	5
3028	4
3029	7
3030	6
3031	3
3032	4
3033	5
3034	4
3035	6
3036	3
3037	4
3038	5
3039	5
3040	6
3041	7
3042	2
3043	6
3044	8
3045	7
3046	9
3047	2
3048	3
3049	6
3050	4
3051	7
3052	9
3053	5
3054	6
3055	6
3056	6
3057	8
3058	2
3059	6
3060	5
3061	6
3062	6
3063	4
3064	4
3065	2
3066	6
3067	3
3068	7
3069	9
3070	7
3071	5
3072	2
3073	2
3074	6
3075	4
3076	4
3077	4
3078	6
3079	6
3080	3
3081	6
3082	5
3083	5
3084	8
3085	6
3086	9
3087	4
3088	5
3089	9
3090	2
3091	1
3092	3
3093	3
3094	2
3095	8
3096	8
3097	3
3098	4
3099	2
3100	6
3101	3
3102	6
3103	4
3104	1
3105	5
3106	2
3107	6
3108	8
3109	10
3110	3
3111	4
3112	8
3113	3
3114	4
3115	7
3116	8
3117	4
3118	3
3119	4
3120	5
3121	3
3122	3
3123	3
3124	5
3125	5
3126	9
3127	4
3128	5
3129	6
3130	3
3131	6
3132	2
3133	4
3134	6
3135	0
3136	2
3137	6
3138	4
3139	5
3140	8
3141	4
3142	4
3143	6
3144	3
3145	5
3146	3
3147	5
3148	3
3149	6
3150	2
3151	7
3152	6
3153	5
3154	3
3155	3
3156	6
3157	5
3158	3
3159	5
3160	6
3161	4
3162	6
3163	3
3164	6
3165	8
3166	2
3167	6
3168	5
3169	4
3170	4
3171	4
3172	7
3173	5
3174	5
3175	4
3176	3
3177	3
3178	6
3179	10
3180	7
3181	5
3182	4
3183	5
3184	2
3185	4
3186	4
3187	5
3188	8
3189	8
3190	2
3191	4
3192	3
3193	3
3194	3
3195	3
3196	6
3197	1
3198	1
3199	2
3200	2
3201	3
3202	5
3203	6
3204	3
3205	4
3206	7
3207	3
3208	3
3209	5
3210	2
3211	5
3212	5
3213	8
3214	3
3215	7
3216	5
3217	7
3218	5
3219	6
3220	4
3221	6
3222	7
3223	9
3224	4
3225	6
3226	10
3227	7
3228	5
3229	5
3230	3
3231	3
3232	7
3233	1
3234	7
3235	1
3236	3
3237	5
3238	5
3239	3
3240	7
3241	7
3242	5
3243	6
3244	4
3245	5
3246	6
3247	3
3248	4
3249	2
3250	2
3251	4
3252	2
3253	6
3254	5
3255	2
3256	7
3257	5
3258	7
3259	5
3260	8
3261	2
3262	1
3263	2
3264	4
3265	4
3266	0
3267	2
3268	2
3269	4
3270	4
3271	1
3272	2
3273	1
3274	3
3275	6
3276	0
3277	2
3278	9
3279	3
3280	2
3281	5
3282	5
3283	4
3284	3
3285	5
3286	6
3287	6
3288	4
3289	5
3290	3
3291	3
3292	8
3293	6
3294	4
3295	5
3296	7
3297	5
3298	3
3299	5
3300	4
3301	4
3302	6
3303	4
3304	2
3305	3
3306	1
3307	8
3308	8
3309	3
3310	7
3311	8
3312	5
3313	7
3314	5
3315	5
3316	3
3317	7
3318	5
3319	5
3320	4
3321	6
3322	6
3323	1
3324	3
3325	4
3326	3
3327	4
3328	7
3329	2
3330	0
3331	5
3332	6
3333	8
3334	5
3335	2
3336	4
3337	7
3338	5
3339	7
3340	3
3341	3
3342	3
3343	5
3344	6
3345	4
3346	2
3347	2
3348	3
3349	3
3350	4
3351	4
3352	4
3353	2
3354	5
3355	5
3356	6
3357	0
3358	3
3359	3
3360	6
3361	2
3362	4
3363	5
3364	3
3365	5
3366	7
3367	7
3368	4
3369	3
3370	4
3371	6
3372	4
3373	7
3374	4
3375	4
3376	9
3377	2
3378	2
3379	7
3380	5
3381	1
3382	4
3383	8
3384	0
3385	3
3386	8
3387	5
3388	4
3389	5
3390	7
3391	5
3392	1
3393	6
3394	2
3395	2
3396	4
3397	3
3398	3
3399	7
3400	4
3401	6
3402	5
3403	4
3404	5
3405	4
3406	3
3407	6
3408	4
3409	6
3410	4
3411	4
3412	4
3413	2
3414	3
3415	3
3416	5
3417	8
3418	5
3419	2
3420	6
3421	4
3422	4
3423	2
3424	5
3425	2
3426	5
3427	8
3428	1
3429	3
3430	5
3431	4
3432	4
3433	4
3434	4
3435	6
3436	2
3437	2
3438	3
3439	3
3440	4
3441	4
3442	3
3443	4
3444	5
3445	7
3446	12
3447	4
3448	5
3449	2
3450	4
3451	8
3452	2
3453	4
3454	5
3455	4
3456	8
3457	8
3458	3
3459	3
3460	3
3461	3
3462	8
3463	3
3464	7
3465	4
3466	3
3467	4
3468	4
3469	3
3470	5
3471	3
3472	6
3473	1
3474	7
3475	7
3476	5
3477	5
3478	1
3479	4
3480	7
3481	5
3482	4
3483	2
3484	4
3485	3
3486	4
3487	3
3488	6
3489	1
3490	6
3491	3
3492	4
3493	3
3494	4
3495	3
3496	3
3497	1
3498	4
3499	6
3500	5
3501	5
3502	5
3503	3
3504	2
3505	2
3506	4
3507	5
3508	8
3509	4
3510	3
3511	2
3512	7
3513	6
3514	5
3515	6
3516	5
3517	2
3518	1
3519	5
3520	4
3521	10
3522	4
3523	0
3524	5
3525	8
3526	2
3527	1
3528	5
3529	2
3530	5
3531	2
3532	10
3533	8
3534	5
3535	3
3536	4
3537	1
3538	3
3539	4
3540	6
3541	2
3542	3
3543	3
3544	4
3545	3
3546	5
3547	6
3548	3
3549	3
3550	3
3551	4
3552	1
3553	8
3554	5
3555	4
3556	3
3557	7
3558	2
3559	5
3560	5
3561	4
3562	3
3563	3
3564	8
3565	2
3566	5
3567	6
3568	3
3569	1
3570	4
3571	1
3572	3
3573	3
3574	2
3575	5
3576	2
3577	1
3578	7
3579	2
3580	4
3581	6
3582	1
3583	4
3584	3
3585	2
3586	9
3587	3
3588	2
3589	5
3590	2
3591	5
3592	3
3593	1
3594	1
3595	8
3596	8
3597	3
3598	3
3599	8
3600	5
3601	5
3602	2
3603	2
3604	1
3605	4
3606	3
3607	3
3608	3
3609	2
3610	3
3611	5
3612	1
3613	2
3614	4
3615	2
3616	1
3617	2
3618	7
3619	4
3620	4
3621	1
3622	5
3623	2
3624	7
3625	4
3626	2
3627	1
3628	4
3629	3
3630	7
3631	3
3632	6
3633	4
3634	2
3635	2
3636	4
3637	3
3638	3
3639	3
3640	3
3641	3
3642	4
3643	4
3644	4
3645	4
3646	4
3647	3
3648	2
3649	6
3650	2
3651	2
3652	0
3653	2
3654	5
3655	5
3656	3
3657	0
3658	6
3659	4
3660	4
3661	8
3662	4
3663	5
3664	4
3665	3
3666	5
3667	3
3668	2
3669	1
3670	2
3671	4
3672	2
3673	3
3674	9
3675	9
3676	3
3677	4
3678	5
3679	2
3680	6
3681	4
3682	2
3683	5
3684	8
3685	4
3686	4
3687	3
3688	6
3689	2
3690	9
3691	3
3692	4
3693	1
3694	7
3695	10
3696	5
3697	3
3698	3
3699	3
3700	5
3701	3
3702	2
3703	9
3704	4
3705	6
3706	6
3707	4
3708	2
3709	1
3710	4
3711	5
3712	2
3713	3
3714	0
3715	5
3716	4
3717	5
3718	1
3719	5
3720	5
3721	4
3722	4
3723	7
3724	2
3725	3
3726	3
3727	3
3728	3
3729	5
3730	1
3731	6
3732	4
3733	4
3734	7
3735	1
3736	5
3737	3
3738	3
3739	4
3740	2
3741	4
3742	4
3743	7
3744	6
3745	3
3746	8
3747	2
3748	3
3749	5
3750	2
3751	2
3752	7
3753	7
3754	4
3755	4
3756	5
3757	2
3758	4
3759	2
3760	5
3761	4
3762	3
3763	1
3764	4
3765	3
3766	6
3767	1
3768	5
3769	3
3770	3
3771	6
3772	2
3773	7
3774	1
3775	4
3776	3
3777	3
3778	4
3779	7
3780	1
3781	6
3782	3
3783	2
3784	2
3785	4
3786	3
3787	1
3788	4
3789	8
3790	1
3791	2
3792	4
3793	4
3794	2
3795	3
3796	3
3797	5
3798	4
3799	4
3800	3
3801	3
3802	2
3803	7
3804	4
3805	2
3806	2
3807	5
3808	2
3809	3
3810	4
3811	6
3812	4
3813	3
3814	6
3815	3
3816	4
3817	4
3818	4
3819	4
3820	2
3821	1
3822	5
3823	1
3824	7
3825	4
3826	1
3827	8
3828	3
3829	3
3830	1
3831	5
3832	6
3833	3
3834	2
3835	4
3836	2
3837	5
3838	2
3839	4
3840	2
3841	2
3842	6
3843	3
3844	2
3845	4
3846	4
3847	5
3848	3
3849	3
3850	1
3851	3
3852	5
3853	2
3854	2
3855	1
3856	5
3857	9
3858	2
3859	5
3860	5
3861	4
3862	2
3863	4
3864	2
3865	2
3866	1
3867	1
3868	5
3869	4
3870	2
3871	4
3872	7
3873	4
3874	8
3875	3
3876	2
3877	4
3878	5
3879	2
3880	1
3881	3
3882	5
3883	3
3884	5
3885	5
3886	2
3887	2
3888	0
3889	6
3890	4
3891	6
3892	3
3893	1
3894	2
3895	4
3896	1
3897	1
3898	3
3899	3
3900	2
3901	2
3902	2
3903	6
3904	3
3905	0
3906	6
3907	7
3908	3
3909	6
3910	8
3911	4
3912	4
3913	3
3914	3
3915	3
3916	3
3917	3
3918	3
3919	2
3920	6
3921	3
3922	2
3923	6
3924	4
3925	4
3926	6
3927	5
3928	1
3929	6
3930	2
3931	7
3932	4
3933	3
3934	7
3935	3
3936	5
3937	6
3938	3
3939	6
3940	1
3941	3
3942	4
3943	3
3944	6
3945	2
3946	4
3947	3
3948	4
3949	0
3950	4
3951	2
3952	2
3953	3
3954	3
3955	5
3956	0
3957	3
3958	3
3959	0
3960	4
3961	2
3962	3
3963	2
3964	3
3965	3
3966	3
3967	1
3968	6
3969	3
3970	2
3971	3
3972	4
3973	3
3974	3
3975	2
3976	7
3977	3
3978	5
3979	2
3980	2
3981	2
3982	2
3983	3
3984	3
3985	2
3986	2
3987	3
3988	3
3989	4
3990	5
3991	4
3992	4
3993	4
3994	5
3995	6
3996	4
3997	6
3998	0
3999	8
4000	1
4001	6
4002	9
4003	6
4004	3
4005	1
4006	4
4007	6
4008	2
4009	4
4010	4
4011	4
4012	1
4013	5
4014	4
4015	6
4016	3
4017	5
4018	4
4019	3
4020	6
4021	1
4022	4
4023	5
4024	2
4025	4
4026	4
4027	2
4028	7
4029	5
4030	2
4031	4
4032	3
4033	4
4034	4
4035	5
4036	3
4037	2
4038	6
4039	3
4040	10
4041	1
4042	8
4043	7
4044	2
4045	1
4046	4
4047	4
4048	3
4049	2
4050	5
4051	3
4052	3
4053	2
4054	3
4055	4
4056	4
4057	0
4058	2
4059	3
4060	5
4061	2
4062	6
4063	7
4064	3
4065	1
4066	2
4067	5
4068	5
4069	2
4070	8
4071	2
4072	1
4073	3
4074	1
4075	6
4076	5
4077	2
4078	2
4079	1
4080	1
4081	2
4082	4
4083	0
4084	3
4085	3
4086	6
4087	5
4088	3
4089	6
4090	3
4091	3
4092	1
4093	3
4094	6
4095	2
4096	6
4097	4
4098	4
4099	2
4100	5
4101	2
4102	2
4103	2
4104	1
4105	2
4106	3
4107	4
4108	4
4109	3
4110	2
4111	5
4112	9
4113	0
4114	2
4115	8
4116	4
4117	0
4118	3
4119	1
4120	5
4121	6
4122	3
4123	6
4124	3
4125	3
4126	3
4127	5
4128	5
4129	1
4130	3
4131	3
4132	3
4133	2
4134	3
4135	4
4136	2
4137	4
4138	4
4139	5
4140	5
4141	8
4142	3
4143	7
4144	1
4145	1
4146	1
4147	4
4148	1
4149	3
4150	4
4151	3
4152	2
4153	3
4154	3
4155	4
4156	4
4157	0
4158	6
4159	1
4160	1
4161	4
4162	3
4163	3
4164	4
4165	1
4166	3
4167	2
4168	6
4169	7
4170	4
4171	4
4172	2
4173	3
4174	3
4175	1
4176	6
4177	4
4178	1
4179	6
4180	6
4181	3
4182	5
4183	4
4184	3
4185	1
4186	3
4187	6
4188	4
4189	3
4190	2
4191	6
4192	9
4193	2
4194	0
4195	3
4196	2
4197	3
4198	3
4199	8
4200	5
4201	5
4202	8
4203	1
4204	4
4205	2
4206	3
4207	4
4208	2
4209	2
4210	0
4211	6
4212	4
4213	5
4214	3
4215	4
4216	1
4217	3
4218	2
4219	4
4220	6
4221	4
4222	2
4223	0
4224	4
4225	2
4226	5
4227	0
4228	1
4229	3
4230	3
4231	4
4232	2
4233	1
4234	1
4235	2
4236	4
4237	2
4238	4
4239	2
4240	1
4241	4
4242	3
4243	1
4244	4
4245	0
4246	6
4247	1
4248	4
4249	3
4250	5
4251	3
4252	4
4253	3
4254	2
4255	3
4256	3
4257	4
4258	5
4259	0
4260	2
4261	4
4262	3
4263	2
4264	4
4265	2
4266	6
4267	9
4268	2
4269	4
4270	3
4271	2
4272	0
4273	3
4274	3
4275	4
4276	5
4277	4
4278	4
4279	2
4280	2
4281	5
4282	4
4283	7
4284	3
4285	2
4286	5
4287	2
4288	1
4289	3
4290	3
4291	2
4292	1
4293	3
4294	3
4295	3
4296	2
4297	1
4298	2
4299	4
4300	2
4301	1
4302	2
4303	2
4304	1
4305	3
4306	2
4307	4
4308	1
4309	4
4310	7
4311	1
4312	4
4313	2
4314	2
4315	1
4316	4
4317	2
4318	2
4319	8
4320	3
4321	5
4322	3
4323	5
4324	1
4325	2
4326	2
4327	3
4328	2
4329	6
4330	4
4331	4
4332	2
4333	5
4334	1
4335	2
4336	5
4337	1
4338	1
4339	5
4340	1
4341	3
4342	4
4343	0
4344	3
4345	2
4346	5
4347	8
4348	3
4349	6
4350	2
4351	3
4352	9
4353	5
4354	4
4355	5
4356	3
4357	6
4358	4
4359	1
4360	6
4361	5
4362	4
4363	1
4364	7
4365	3
4366	4
4367	3
4368	3
4369	0
4370	2
4371	3
4372	3
4373	5
4374	3
4375	4
4376	2
4377	1
4378	4
4379	2
4380	1
4381	3
4382	1
4383	4
4384	5
4385	0
4386	3
4387	4
4388	6
4389	5
4390	0
4391	4
4392	5
4393	9
4394	4
4395	6
4396	3
4397	4
4398	1
4399	4
4400	6
4401	5
4402	3
4403	5
4404	6
4405	2
4406	2
4407	1
4408	2
4409	1
4410	0
4411	5
4412	7
4413	2
4414	4
4415	3
4416	5
4417	3
4418	3
4419	4
4420	3
4421	4
4422	2
4423	6
4424	5
4425	2
4426	5
4427	3
4428	1
4429	3
4430	2
4431	1
4432	7
4433	2
4434	1
4435	1
4436	4
4437	3
4438	3
4439	3
4440	2
4441	4
4442	2
4443	5
4444	3
4445	1
4446	3
4447	2
4448	2
4449	2
4450	3
4451	7
4452	2
4453	2
4454	3
4455	6
4456	4
4457	4
4458	2
4459	3
4460	4
4461	2
4462	3
4463	4
4464	1
4465	4
4466	2
4467	4
4468	5
4469	1
4470	2
4471	4
4472	4
4473	3
4474	1
4475	0
4476	1
4477	1
4478	5
4479	6
4480	0
4481	4
4482	4
4483	5
4484	5
4485	2
4486	5
4487	5
4488	2
4489	3
4490	3
4491	4
4492	5
4493	3
4494	3
4495	2
4496	6
4497	5
4498	1
4499	5
4500	0
4501	2
4502	7
4503	10
4504	5
4505	3
4506	3
4507	4
4508	3
4509	6
4510	1
4511	2
4512	4
4513	3
4514	3
4515	2
4516	4
4517	2
4518	5
4519	3
4520	5
4521	1
4522	3
4523	4
4524	7
4525	2
4526	0
4527	6
4528	4
4529	2
4530	1
4531	7
4532	4
4533	3
4534	0
4535	2
4536	3
4537	2
4538	4
4539	2
4540	4
4541	1
4542	2
4543	5
4544	2
4545	2
4546	3
4547	3
4548	6
4549	0
4550	3
4551	2
4552	2
4553	0
4554	3
4555	4
4556	5
4557	0
4558	4
4559	4
4560	4
4561	3
4562	1
4563	2
4564	2
4565	1
4566	3
4567	1
4568	3
4569	2
4570	2
4571	2
4572	3
4573	6
4574	6
4575	6
4576	1
4577	1
4578	4
4579	2
4580	4
4581	1
4582	3
4583	4
4584	6
4585	2
4586	4
4587	3
4588	5
4589	3
4590	5
4591	1
4592	3
4593	2
4594	3
4595	1
4596	0
4597	5
4598	6
4599	3
4600	1
4601	3
4602	4
4603	5
4604	4
4605	3
4606	5
4607	3
4608	5
4609	2
4610	0
4611	1
4612	2
4613	1
4614	7
4615	6
4616	5
4617	4
4618	2
4619	6
4620	3
4621	0
4622	3
4623	0
4624	5
4625	1
4626	3
4627	4
4628	0
4629	4
4630	3
4631	3
4632	5
4633	4
4634	0
4635	4
4636	0
4637	2
4638	3
4639	3
4640	4
4641	2
4642	2
4643	2
4644	2
4645	3
4646	0
4647	4
4648	2
4649	2
4650	6
4651	3
4652	5
4653	1
4654	4
4655	3
4656	3
4657	2
4658	2
4659	3
4660	1
4661	3
4662	3
4663	1
4664	4
4665	8
4666	5
4667	6
4668	3
4669	3
4670	0
4671	4
4672	2
4673	1
4674	3
4675	1
4676	0
4677	3
4678	2
4679	1
4680	6
4681	4
4682	1
4683	3
4684	7
4685	1
4686	0
4687	4
4688	1
4689	3
4690	3
4691	1
4692	4
4693	0
4694	1
4695	1
4696	2
4697	4
4698	2
4699	3
4700	1
4701	2
4702	3
4703	4
4704	1
4705	2
4706	2
4707	1
4708	2
4709	1
4710	2
4711	3
4712	3
4713	1
4714	1
4715	4
4716	0
4717	1
4718	1
4719	3
4720	3
4721	4
4722	3
4723	3
4724	3
4725	1
4726	0
4727	3
4728	5
4729	3
4730	1
4731	5
4732	5
4733	1
4734	1
4735	2
4736	5
4737	7
4738	4
4739	4
4740	2
4741	4
4742	3
4743	3
4744	1
4745	1
4746	2
4747	3
4748	6
4749	2
4750	1
4751	1
4752	4
4753	3
4754	4
4755	4
4756	4
4757	2
4758	2
4759	2
4760	6
4761	2
4762	1
4763	5
4764	1
4765	4
4766	3
4767	2
4768	2
4769	3
4770	2
4771	1
4772	1
4773	2
4774	6
4775	4
4776	6
4777	6
4778	1
4779	4
4780	4
4781	4
4782	3
4783	3
4784	7
4785	3
4786	5
4787	6
4788	2
4789	1
4790	3
4791	3
4792	3
4793	0
4794	4
4795	1
4796	2
4797	1
4798	4
4799	3
4800	3
4801	1
4802	1
4803	4
4804	1
4805	3
4806	7
4807	1
4808	4
4809	3
4810	2
4811	3
4812	2
4813	4
4814	2
4815	2
4816	4
4817	3
4818	1
4819	5
4820	0
4821	0
4822	4
4823	3
4824	2
4825	3
4826	3
4827	4
4828	2
4829	3
4830	2
4831	0
4832	1
4833	2
4834	2
4835	4
4836	5
4837	2
4838	0
4839	3
4840	1
4841	1
4842	1
4843	4
4844	1
4845	2
4846	3
4847	3
4848	4
4849	0
4850	3
4851	4
4852	4
4853	5
4854	1
4855	3
4856	6
4857	0
4858	3
4859	2
4860	2
4861	2
4862	3
4863	2
4864	0
4865	3
4866	0
4867	4
4868	2
4869	5
4870	3
4871	7
4872	1
4873	3
4874	2
4875	2
4876	2
4877	4
4878	2
4879	3
4880	3
4881	4
4882	1
4883	3
4884	4
4885	3
4886	2
4887	4
4888	2
4889	6
4890	2
4891	1
4892	4
4893	2
4894	3
4895	2
4896	3
4897	3
4898	3
4899	1
4900	5
4901	1
4902	1
4903	6
4904	2
4905	4
4906	3
4907	3
4908	3
4909	4
4910	5
4911	2
4912	4
4913	3
4914	2
4915	3
4916	4
4917	2
4918	4
4919	7
4920	3
4921	2
4922	2
4923	0
4924	2
4925	2
4926	4
4927	1
4928	5
4929	1
4930	3
4931	4
4932	1
4933	5
4934	5
4935	5
4936	4
4937	2
4938	3
4939	3
4940	5
4941	4
4942	2
4943	4
4944	6
4945	3
4946	1
4947	3
4948	1
4949	2
4950	2
4951	1
4952	1
4953	6
4954	5
4955	1
4956	0
4957	3
4958	2
4959	2
4960	1
4961	2
4962	2
4963	3
4964	3
4965	3
4966	1
4967	2
4968	5
4969	6
4970	2
4971	0
4972	2
4973	3
4974	3
4975	4
4976	3
4977	6
4978	0
4979	1
4980	4
4981	1
4982	2
4983	3
4984	2
4985	5
4986	2
4987	4
4988	1
4989	0
4990	4
4991	5
4992	6
4993	1
4994	4
4995	3
4996	4
4997	3
4998	4
4999	1
5000	1
5001	2
5002	3
5003	3
5004	2
5005	0
5006	3
5007	4
5008	1
5009	2
5010	2
5011	2
5012	3
5013	2
5014	3
5015	1
5016	3
5017	2
5018	2
5019	2
5020	2
5021	2
5022	1
5023	1
5024	4
5025	3
5026	3
5027	4
5028	1
5029	3
5030	2
5031	2
5032	4
5033	4
5034	0
5035	3
5036	2
5037	1
5038	5
5039	5
5040	2
5041	5
5042	2
5043	5
5044	4
5045	3
5046	3
5047	2
5048	0
5049	0
5050	2
5051	4
5052	1
5053	0
5054	3
5055	1
5056	4
5057	3
5058	4
5059	2
5060	2
5061	3
5062	3
5063	5
5064	3
5065	3
5066	2
5067	1
5068	6
5069	1
5070	3
5071	2
5072	0
5073	4
5074	1
5075	7
5076	5
5077	3
5078	1
5079	2
5080	1
5081	1
5082	3
5083	3
5084	4
5085	6
5086	0
5087	1
5088	3
5089	3
5090	3
5091	3
5092	2
5093	1
5094	6
5095	1
5096	2
5097	1
5098	5
5099	4
5100	3
5101	2
5102	1
5103	2
5104	3
5105	3
5106	3
5107	2
5108	2
5109	2
5110	3
5111	1
5112	2
5113	3
5114	3
5115	4
5116	0
5117	4
5118	2
5119	4
5120	0
5121	2
5122	0
5123	3
5124	1
5125	2
5126	1
5127	3
5128	4
5129	6
5130	1
5131	0
5132	2
5133	3
5134	2
5135	4
5136	3
5137	2
5138	8
5139	2
5140	6
5141	2
5142	1
5143	1
5144	5
5145	3
5146	0
5147	1
5148	3
5149	4
5150	4
5151	3
5152	6
5153	4
5154	0
5155	3
5156	3
5157	2
5158	3
5159	5
5160	1
5161	2
5162	2
5163	2
5164	2
5165	3
5166	3
5167	3
5168	1
5169	1
5170	4
5171	2
5172	2
5173	3
5174	4
5175	3
5176	1
5177	1
5178	4
5179	4
5180	2
5181	3
5182	3
5183	5
5184	4
5185	2
5186	5
5187	3
5188	1
5189	1
5190	1
5191	5
5192	1
5193	5
5194	2
5195	3
5196	4
5197	7
5198	1
5199	3
5200	1
5201	2
5202	3
5203	4
5204	4
5205	2
5206	2
5207	1
5208	2
5209	0
5210	4
5211	5
5212	5
5213	1
5214	1
5215	5
5216	4
5217	6
5218	4
5219	3
5220	4
5221	2
5222	1
5223	6
5224	0
5225	1
5226	1
5227	3
5228	5
5229	5
5230	3
5231	2
5232	3
5233	2
5234	3
5235	2
5236	2
5237	1
5238	4
5239	2
5240	1
5241	2
5242	2
5243	3
5244	4
5245	3
5246	4
5247	2
5248	1
5249	4
5250	2
5251	2
5252	0
5253	3
5254	2
5255	6
5256	5
5257	4
5258	2
5259	1
5260	2
5261	3
5262	1
5263	1
5264	3
5265	1
5266	1
5267	4
5268	3
5269	2
5270	2
5271	3
5272	0
5273	3
5274	5
5275	6
5276	0
5277	1
5278	4
5279	6
5280	1
5281	4
5282	0
5283	2
5284	4
5285	4
5286	2
5287	3
5288	3
5289	4
5290	4
5291	0
5292	5
5293	2
5294	3
5295	1
5296	4
5297	1
5298	0
5299	3
5300	1
5301	2
5302	3
5303	3
5304	4
5305	5
5306	2
5307	4
5308	2
5309	3
5310	2
5311	1
5312	0
5313	0
5314	4
5315	2
5316	5
5317	2
5318	2
5319	4
5320	3
5321	4
5322	0
5323	1
5324	1
5325	2
5326	5
5327	5
5328	3
5329	4
5330	4
5331	1
5332	0
5333	3
5334	4
5335	4
5336	5
5337	5
5338	4
5339	2
5340	4
5341	2
5342	2
5343	2
5344	0
5345	5
5346	3
5347	1
5348	0
5349	3
5350	2
5351	1
5352	3
5353	2
5354	2
5355	1
5356	0
5357	5
5358	2
5359	3
5360	2
5361	4
5362	3
5363	5
5364	3
5365	2
5366	3
5367	1
5368	5
5369	2
5370	2
5371	8
5372	4
5373	2
5374	2
5375	1
5376	3
5377	2
5378	1
5379	2
5380	2
5381	0
5382	1
5383	0
5384	2
5385	3
5386	1
5387	4
5388	4
5389	2
5390	3
5391	1
5392	2
5393	1
5394	2
5395	2
5396	6
5397	4
5398	3
5399	3
5400	3
5401	1
5402	2
5403	2
5404	0
5405	1
5406	2
5407	0
5408	4
5409	2
5410	3
5411	1
5412	5
5413	2
5414	3
5415	2
5416	2
5417	2
5418	3
5419	3
5420	3
5421	4
5422	1
5423	0
5424	1
5425	2
5426	6
5427	2
5428	3
5429	2
5430	1
5431	2
5432	2
5433	3
5434	2
5435	2
5436	4
5437	1
5438	2
5439	1
5440	4
5441	3
5442	6
5443	1
5444	3
5445	4
5446	1
5447	1
5448	3
5449	3
5450	2
5451	1
5452	1
5453	4
5454	2
5455	0
5456	2
5457	3
5458	3
5459	3
5460	2
5461	1
5462	1
5463	2
5464	2
5465	0
5466	4
5467	0
5468	2
5469	0
5470	4
5471	2
5472	4
5473	2
5474	3
5475	1
5476	0
5477	1
5478	3
5479	2
5480	3
5481	4
5482	4
5483	7
5484	3
5485	2
5486	3
5487	5
5488	2
5489	2
5490	1
5491	5
5492	4
5493	3
5494	2
5495	7
5496	3
5497	4
5498	4
5499	4
5500	3
5501	0
5502	2
5503	6
5504	2
5505	2
5506	1
5507	0
5508	0
5509	2
5510	1
5511	2
5512	5
5513	1
5514	0
5515	4
5516	3
5517	1
5518	5
5519	2
5520	2
5521	4
5522	2
5523	1
5524	0
5525	5
5526	2
5527	1
5528	0
5529	3
5530	2
5531	4
5532	1
5533	2
5534	2
5535	3
5536	0
5537	1
5538	4
5539	2
5540	5
5541	2
5542	1
5543	1
5544	0
5545	3
5546	2
5547	2
5548	5
5549	3
5550	2
5551	4
5552	3
5553	2
5554	0
5555	2
5556	1
5557	1
5558	2
5559	2
5560	2
5561	0
5562	4
5563	4
5564	3
5565	3
5566	4
5567	2
5568	2
5569	4
5570	0
5571	2
5572	1
5573	2
5574	5
5575	0
5576	1
5577	2
5578	2
5579	3
5580	2
5581	0
5582	3
5583	2
5584	7
5585	1
5586	1
5587	0
5588	4
5589	1
5590	0
5591	2
5592	0
5593	1
5594	5
5595	3
5596	5
5597	1
5598	0
5599	2
5600	1
5601	2
5602	0
5603	2
5604	3
5605	3
5606	3
5607	6
5608	2
5609	1
5610	2
5611	1
5612	2
5613	3
5614	2
5615	2
5616	0
5617	2
5618	1
5619	6
5620	2
5621	3
5622	1
5623	2
5624	0
5625	3
5626	1
5627	2
5628	2
5629	0
5630	2
5631	4
5632	1
5633	1
5634	2
5635	5
5636	1
5637	2
5638	1
5639	1
5640	3
5641	1
5642	3
5643	2
5644	2
5645	1
5646	0
5647	1
5648	2
5649	1
5650	3
5651	2
5652	3
5653	2
5654	0
5655	2
5656	2
5657	3
5658	6
5659	2
5660	2
5661	2
5662	2
5663	3
5664	6
5665	3
5666	2
5667	2
5668	5
5669	1
5670	4
5671	2
5672	0
5673	2
5674	0
5675	2
5676	0
5677	5
5678	2
5679	1
5680	4
5681	3
5682	5
5683	1
5684	0
5685	5
5686	1
5687	0
5688	3
5689	1
5690	4
5691	0
5692	3
5693	2
5694	2
5695	3
5696	1
5697	3
5698	1
5699	0
5700	2
5701	0
5702	3
5703	1
5704	0
5705	4
5706	3
5707	1
5708	1
5709	1
5710	3
5711	2
5712	3
5713	2
5714	1
5715	2
5716	1
5717	0
5718	5
5719	1
5720	1
5721	1
5722	4
5723	0
5724	2
5725	4
5726	3
5727	0
5728	1
5729	5
5730	3
5731	2
5732	2
5733	1
5734	1
5735	2
5736	2
5737	1
5738	3
5739	3
5740	0
5741	2
5742	3
5743	3
5744	2
5745	2
5746	3
5747	1
5748	0
5749	3
5750	3
5751	2
5752	0
5753	0
5754	1
5755	1
5756	4
5757	1
5758	2
5759	5
5760	2
5761	3
5762	0
5763	4
5764	4
5765	4
5766	0
5767	1
5768	1
5769	2
5770	2
5771	1
5772	3
5773	3
5774	4
5775	3
5776	4
5777	3
5778	1
5779	4
5780	5
5781	2
5782	4
5783	3
5784	3
5785	2
5786	4
5787	3
5788	5
5789	3
5790	3
5791	2
5792	4
5793	5
5794	3
5795	5
5796	1
5797	2
5798	1
5799	1
5800	3
5801	3
5802	8
5803	1
5804	1
5805	1
5806	1
5807	3
5808	4
5809	2
5810	4
5811	0
5812	2
5813	3
5814	3
5815	2
5816	0
5817	1
5818	0
5819	1
5820	3
5821	2
5822	1
5823	1
5824	2
5825	2
5826	3
5827	1
5828	4
5829	5
5830	3
5831	4
5832	6
5833	4
5834	3
5835	3
5836	2
5837	4
5838	0
5839	3
5840	4
5841	1
5842	1
5843	0
5844	2
5845	1
5846	5
5847	5
5848	2
5849	5
5850	1
5851	3
5852	1
5853	2
5854	0
5855	4
5856	2
5857	2
5858	1
5859	3
5860	2
5861	2
5862	1
5863	3
5864	1
5865	1
5866	0
5867	5
5868	4
5869	0
5870	2
5871	2
5872	4
5873	4
5874	0
5875	0
5876	6
5877	5
5878	2
5879	2
5880	2
5881	3
5882	1
5883	1
5884	2
5885	2
5886	3
5887	2
5888	3
5889	6
5890	2
5891	1
5892	1
5893	4
5894	2
5895	2
5896	4
5897	2
5898	3
5899	5
5900	3
5901	0
5902	2
5903	4
5904	2
5905	4
5906	2
5907	6
5908	2
5909	2
5910	1
5911	3
5912	1
5913	1
5914	1
5915	2
5916	3
5917	2
5918	1
5919	1
5920	3
5921	1
5922	0
5923	5
5924	2
5925	1
5926	3
5927	1
5928	2
5929	3
5930	1
5931	4
5932	1
5933	4
5934	2
5935	1
5936	3
5937	2
5938	5
5939	1
5940	4
5941	2
5942	2
5943	1
5944	3
5945	2
5946	2
5947	3
5948	1
5949	2
5950	4
5951	2
5952	3
5953	2
5954	3
5955	3
5956	5
5957	3
5958	2
5959	2
5960	0
5961	1
5962	2
5963	4
5964	2
5965	2
5966	2
5967	5
5968	3
5969	0
5970	2
5971	1
5972	1
5973	3
5974	2
5975	3
5976	7
5977	1
5978	1
5979	3
5980	3
5981	6
5982	2
5983	2
5984	3
5985	1
5986	2
5987	2
5988	2
5989	1
5990	2
5991	3
5992	3
5993	1
5994	0
5995	1
5996	3
5997	0
5998	3
5999	3
6000	3
6001	2
6002	1
6003	4
6004	1
6005	5
6006	2
6007	3
6008	2
6009	1
6010	4
6011	3
6012	0
6013	2
6014	4
6015	1
6016	3
6017	0
6018	2
6019	2
6020	3
6021	1
6022	2
6023	4
6024	1
6025	1
6026	4
6027	1
6028	1
6029	2
6030	4
6031	4
6032	1
6033	4
6034	4
6035	2
6036	4
6037	2
6038	3
6039	3
6040	2
6041	1
6042	3
6043	1
6044	2
6045	0
6046	3
6047	2
6048	1
6049	2
6050	2
6051	4
6052	1
6053	3
6054	4
6055	4
6056	2
6057	4
6058	1
6059	1
6060	3
6061	6
6062	4
6063	2
6064	2
6065	5
6066	1
6067	1
6068	2
6069	2
6070	8
6071	1
6072	2
6073	3
6074	4
6075	0
6076	4
6077	1
6078	2
6079	1
6080	2
6081	3
6082	1
6083	3
6084	2
6085	2
6086	1
6087	1
6088	3
6089	2
6090	2
6091	1
6092	0
6093	1
6094	5
6095	2
6096	1
6097	2
6098	2
6099	7
6100	3
6101	5
6102	3
6103	1
6104	1
6105	2
6106	3
6107	2
6108	2
6109	2
6110	1
6111	0
6112	1
6113	2
6114	4
6115	2
6116	2
6117	1
6118	3
6119	1
6120	0
6121	1
6122	4
6123	3
6124	1
6125	2
6126	3
6127	2
6128	2
6129	1
6130	2
6131	1
6132	2
6133	2
6134	1
6135	2
6136	1
6137	1
6138	1
6139	2
6140	1
6141	4
6142	3
6143	2
6144	8
6145	3
6146	5
6147	0
6148	3
6149	3
6150	3
6151	1
6152	3
6153	4
6154	1
6155	3
6156	5
6157	1
6158	4
6159	2
6160	2
6161	0
6162	1
6163	5
6164	1
6165	0
6166	3
6167	1
6168	0
6169	2
6170	1
6171	1
6172	0
6173	0
6174	1
6175	3
6176	5
6177	2
6178	3
6179	4
6180	0
6181	1
6182	6
6183	3
6184	3
6185	5
6186	2
6187	2
6188	2
6189	0
6190	1
6191	2
6192	2
6193	0
6194	1
6195	3
6196	0
6197	2
6198	3
6199	2
6200	2
6201	2
6202	0
6203	3
6204	2
6205	1
6206	2
6207	1
6208	1
6209	0
6210	3
6211	5
6212	2
6213	2
6214	1
6215	1
6216	5
6217	3
6218	1
6219	0
6220	2
6221	4
6222	1
6223	1
6224	2
6225	0
6226	1
6227	2
6228	0
6229	2
6230	4
6231	1
6232	1
6233	4
6234	4
6235	2
6236	0
6237	3
6238	1
6239	5
6240	1
6241	5
6242	1
6243	3
6244	1
6245	3
6246	2
6247	1
6248	6
6249	4
6250	1
6251	2
6252	2
6253	2
6254	3
6255	4
6256	1
6257	2
6258	2
6259	4
6260	3
6261	2
6262	2
6263	3
6264	1
6265	1
6266	2
6267	1
6268	0
6269	2
6270	1
6271	2
6272	2
6273	2
6274	3
6275	3
6276	4
6277	4
6278	2
6279	4
6280	0
6281	2
6282	3
6283	1
6284	2
6285	0
6286	4
6287	0
6288	2
6289	1
6290	3
6291	2
6292	2
6293	4
6294	1
6295	2
6296	1
6297	1
6298	2
6299	2
6300	2
6301	0
6302	0
6303	2
6304	2
6305	2
6306	0
6307	2
6308	1
6309	3
6310	2
6311	2
6312	1
6313	3
6314	4
6315	3
6316	0
6317	3
6318	1
6319	3
6320	1
6321	1
6322	4
6323	2
6324	1
6325	1
6326	2
6327	1
6328	3
6329	2
6330	0
6331	1
6332	2
6333	2
6334	0
6335	4
6336	0
6337	4
6338	0
6339	2
6340	3
6341	1
6342	3
6343	2
6344	2
6345	1
6346	2
6347	2
6348	5
6349	2
6350	1
6351	3
6352	1
6353	2
6354	0
6355	0
6356	1
6357	2
6358	1
6359	3
6360	3
6361	0
6362	1
6363	1
6364	1
6365	1
6366	1
6367	2
6368	1
6369	1
6370	2
6371	2
6372	1
6373	3
6374	1
6375	1
6376	1
6377	0
6378	1
6379	1
6380	1
6381	3
6382	2
6383	4
6384	1
6385	0
6386	2
6387	4
6388	4
6389	2
6390	3
6391	1
6392	1
6393	4
6394	5
6395	0
6396	2
6397	0
6398	5
6399	2
6400	1
6401	2
6402	2
6403	3
6404	3
6405	4
6406	0
6407	0
6408	2
6409	3
6410	2
6411	0
6412	3
6413	6
6414	2
6415	1
6416	2
6417	2
6418	0
6419	4
6420	1
6421	3
6422	2
6423	0
6424	4
6425	0
6426	3
6427	1
6428	2
6429	2
6430	1
6431	5
6432	1
6433	3
6434	1
6435	3
6436	0
6437	1
6438	2
6439	0
6440	1
6441	2
6442	2
6443	5
6444	2
6445	1
6446	2
6447	0
6448	3
6449	3
6450	0
6451	2
6452	4
6453	4
6454	2
6455	0
6456	1
6457	2
6458	1
6459	1
6460	3
6461	2
6462	2
6463	2
6464	1
6465	5
6466	1
6467	1
6468	2
6469	2
6470	3
6471	4
6472	3
6473	1
6474	2
6475	1
6476	2
6477	1
6478	0
6479	3
6480	4
6481	3
6482	0
6483	2
6484	0
6485	0
6486	2
6487	2
6488	4
6489	0
6490	3
6491	2
6492	4
6493	0
6494	3
6495	5
6496	0
6497	3
6498	1
6499	3
6500	3
6501	1
6502	4
6503	2
6504	5
6505	4
6506	2
6507	3
6508	1
6509	2
6510	4
6511	1
6512	1
6513	5
6514	0
6515	1
6516	1
6517	2
6518	5
6519	6
6520	4
6521	5
6522	5
6523	8
6524	2
6525	3
6526	1
6527	1
6528	1
6529	1
6530	4
6531	1
6532	0
6533	1
6534	6
6535	1
6536	3
6537	2
6538	1
6539	3
6540	1
6541	0
6542	2
6543	0
6544	2
6545	1
6546	3
6547	4
6548	3
6549	2
6550	2
6551	3
6552	4
6553	1
6554	2
6555	2
6556	1
6557	2
6558	2
6559	2
6560	2
6561	2
6562	3
6563	3
6564	2
6565	3
6566	2
6567	1
6568	3
6569	3
6570	0
6571	0
6572	2
6573	1
6574	1
6575	1
6576	1
6577	4
6578	2
6579	2
6580	0
6581	0
6582	1
6583	2
6584	1
6585	2
6586	3
6587	3
6588	1
6589	1
6590	6
6591	2
6592	3
6593	1
6594	1
6595	2
6596	3
6597	2
6598	2
6599	1
6600	4
6601	2
6602	1
6603	1
6604	4
6605	1
6606	3
6607	1
6608	0
6609	2
6610	1
6611	2
6612	1
6613	2
6614	2
6615	4
6616	7
6617	6
6618	3
6619	2
6620	2
6621	2
6622	4
6623	1
6624	2
6625	1
6626	0
6627	3
6628	2
6629	1
6630	1
6631	2
6632	2
6633	3
6634	0
6635	3
6636	3
6637	2
6638	1
6639	5
6640	4
6641	1
6642	2
6643	1
6644	0
6645	2
6646	2
6647	3
6648	3
6649	3
6650	1
6651	3
6652	2
6653	2
6654	0
6655	2
6656	2
6657	0
6658	3
6659	3
6660	1
6661	3
6662	2
6663	0
6664	0
6665	4
6666	1
6667	2
6668	4
6669	2
6670	0
6671	2
6672	5
6673	0
6674	1
6675	0
6676	3
6677	1
6678	3
6679	2
6680	2
6681	2
6682	2
6683	0
6684	3
6685	4
6686	2
6687	2
6688	0
6689	1
6690	3
6691	1
6692	2
6693	3
6694	2
6695	1
6696	1
6697	1
6698	5
6699	5
6700	1
6701	4
6702	1
6703	6
6704	0
6705	0
6706	1
6707	4
6708	3
6709	2
6710	1
6711	4
6712	0
6713	2
6714	3
6715	1
6716	2
6717	1
6718	1
6719	5
6720	1
6721	2
6722	5
6723	0
6724	2
6725	3
6726	1
6727	0
6728	3
6729	4
6730	3
6731	0
6732	2
6733	1
6734	3
6735	2
6736	2
6737	4
6738	2
6739	0
6740	2
6741	0
6742	2
6743	1
6744	1
6745	2
6746	1
6747	1
6748	2
6749	1
6750	0
6751	2
6752	1
6753	1
6754	3
6755	2
6756	2
6757	1
6758	2
6759	2
6760	2
6761	1
6762	1
6763	3
6764	2
6765	3
6766	3
6767	2
6768	1
6769	4
6770	3
6771	0
6772	0
6773	2
6774	2
6775	2
6776	1
6777	0
6778	1
6779	1
6780	1
6781	1
6782	6
6783	5
6784	4
6785	4
6786	1
6787	1
6788	0
6789	2
6790	4
6791	1
6792	2
6793	2
6794	1
6795	0
6796	3
6797	3
6798	3
6799	3
6800	1
6801	2
6802	1
6803	5
6804	1
6805	1
6806	2
6807	2
6808	2
6809	1
6810	2
6811	0
6812	3
6813	1
6814	0
6815	3
6816	4
6817	3
6818	3
6819	2
6820	3
6821	2
6822	5
6823	1
6824	5
6825	3
6826	1
6827	3
6828	1
6829	1
6830	1
6831	2
6832	1
6833	2
6834	2
6835	3
6836	2
6837	2
6838	0
6839	3
6840	4
6841	6
6842	1
6843	2
6844	4
6845	3
6846	1
6847	2
6848	1
6849	2
6850	5
6851	3
6852	1
6853	1
6854	1
6855	1
6856	0
6857	1
6858	1
6859	3
6860	1
6861	3
6862	0
6863	2
6864	5
6865	3
6866	2
6867	2
6868	2
6869	3
6870	5
6871	1
6872	0
6873	2
6874	1
6875	3
6876	1
6877	1
6878	2
6879	2
6880	1
6881	1
6882	0
6883	2
6884	2
6885	1
6886	2
6887	2
6888	2
6889	0
6890	4
6891	1
6892	1
6893	1
6894	4
6895	2
6896	0
6897	2
6898	0
6899	2
6900	0
6901	2
6902	0
6903	3
6904	2
6905	3
6906	0
6907	2
6908	2
6909	2
6910	1
6911	3
6912	1
6913	6
6914	4
6915	1
6916	3
6917	1
6918	1
6919	0
6920	2
6921	2
6922	3
6923	1
6924	2
6925	1
6926	2
6927	2
6928	2
6929	3
6930	1
6931	4
6932	0
6933	2
6934	1
6935	4
6936	2
6937	3
6938	0
6939	4
6940	2
6941	3
6942	3
6943	5
6944	2
6945	4
6946	3
6947	3
6948	1
6949	2
6950	2
6951	2
6952	2
6953	2
6954	1
6955	1
6956	0
6957	1
6958	5
6959	2
6960	1
6961	3
6962	1
6963	0
6964	0
6965	0
6966	1
6967	2
6968	3
6969	0
6970	0
6971	2
6972	2
6973	5
6974	1
6975	5
6976	1
6977	6
6978	2
6979	0
6980	3
6981	4
6982	2
6983	1
6984	3
6985	2
6986	3
6987	1
6988	1
6989	8
6990	1
6991	3
6992	1
6993	1
6994	2
6995	0
6996	0
6997	1
6998	3
6999	3
7000	3
7001	2
7002	0
7003	1
7004	2
7005	1
7006	1
7007	1
7008	2
7009	1
7010	3
7011	1
7012	1
7013	6
7014	0
7015	3
7016	1
7017	1
7018	1
7019	3
7020	2
7021	2
7022	2
7023	2
7024	2
7025	2
7026	5
7027	2
7028	0
7029	0
7030	1
7031	1
7032	1
7033	2
7034	4
7035	3
7036	1
7037	2
7038	1
7039	3
7040	2
7041	2
7042	0
7043	6
7044	3
7045	1
7046	1
7047	2
7048	3
7049	2
7050	1
7051	2
7052	1
7053	1
7054	1
7055	2
7056	1
7057	1
7058	1
7059	3
7060	3
7061	2
7062	2
7063	1
7064	2
7065	1
7066	4
7067	1
7068	2
7069	3
7070	5
7071	0
7072	1
7073	2
7074	0
7075	3
7076	4
7077	2
7078	1
7079	0
7080	2
7081	1
7082	1
7083	0
7084	0
7085	1
7086	4
7087	0
7088	2
7089	3
7090	1
7091	1
7092	4
7093	1
7094	0
7095	4
7096	0
7097	1
7098	1
7099	3
7100	1
7101	2
7102	0
7103	2
7104	0
7105	0
7106	4
7107	0
7108	2
7109	4
7110	2
7111	0
7112	0
7113	1
7114	2
7115	4
7116	1
7117	2
7118	3
7119	2
7120	2
7121	3
7122	1
7123	0
7124	1
7125	1
7126	1
7127	3
7128	0
7129	1
7130	2
7131	3
7132	2
7133	1
7134	3
7135	0
7136	1
7137	0
7138	1
7139	3
7140	1
7141	1
7142	4
7143	4
7144	1
7145	3
7146	1
7147	1
7148	0
7149	1
7150	1
7151	2
7152	4
7153	1
7154	2
7155	3
7156	2
7157	2
7158	0
7159	0
7160	2
7161	2
7162	3
7163	2
7164	0
7165	3
7166	2
7167	4
7168	0
7169	1
7170	1
7171	1
7172	2
7173	3
7174	0
7175	4
7176	2
7177	2
7178	2
7179	6
7180	1
7181	1
7182	1
7183	7
7184	1
7185	5
7186	1
7187	0
7188	2
7189	0
7190	2
7191	2
7192	2
7193	2
7194	3
7195	0
7196	3
7197	2
7198	1
7199	2
7200	0
7201	2
7202	2
7203	1
7204	2
7205	2
7206	0
7207	2
7208	0
7209	3
7210	2
7211	1
7212	0
7213	0
7214	1
7215	3
7216	1
7217	1
7218	2
7219	1
7220	2
7221	2
7222	1
7223	2
7224	0
7225	1
7226	0
7227	4
7228	4
7229	0
7230	1
7231	3
7232	5
7233	3
7234	3
7235	0
7236	2
7237	2
7238	3
7239	0
7240	4
7241	3
7242	1
7243	3
7244	2
7245	2
7246	0
7247	1
7248	5
7249	1
7250	1
7251	2
7252	2
7253	0
7254	0
7255	2
7256	1
7257	3
7258	1
7259	4
7260	0
7261	3
7262	1
7263	3
7264	3
7265	0
7266	2
7267	5
7268	2
7269	0
7270	2
7271	3
7272	3
7273	1
7274	2
7275	1
7276	6
7277	1
7278	1
7279	2
7280	0
7281	1
7282	2
7283	3
7284	1
7285	2
7286	2
7287	5
7288	1
7289	1
7290	0
7291	1
7292	1
7293	1
7294	1
7295	3
7296	2
7297	6
7298	2
7299	3
7300	0
7301	2
7302	3
7303	1
7304	1
7305	2
7306	4
7307	2
7308	2
7309	1
7310	2
7311	2
7312	1
7313	2
7314	3
7315	1
7316	1
7317	2
7318	3
7319	2
7320	0
7321	0
7322	1
7323	3
7324	1
7325	1
7326	3
7327	1
7328	5
7329	1
7330	0
7331	2
7332	3
7333	2
7334	1
7335	2
7336	1
7337	2
7338	4
7339	2
7340	2
7341	1
7342	1
7343	3
7344	3
7345	2
7346	1
7347	4
7348	2
7349	1
7350	2
7351	3
7352	1
7353	0
7354	2
7355	1
7356	4
7357	4
7358	1
7359	1
7360	3
7361	2
7362	4
7363	3
7364	0
7365	3
7366	2
7367	2
7368	1
7369	1
7370	0
7371	1
7372	0
7373	4
7374	1
7375	1
7376	1
7377	1
7378	1
7379	2
7380	2
7381	1
7382	1
7383	2
7384	6
7385	3
7386	1
7387	2
7388	4
7389	0
7390	3
7391	2
7392	2
7393	1
7394	0
7395	0
7396	4
7397	0
7398	0
7399	4
7400	3
7401	4
7402	1
7403	0
7404	0
7405	1
7406	2
7407	2
7408	3
7409	3
7410	0
7411	2
7412	5
7413	1
7414	1
7415	1
7416	2
7417	3
7418	0
7419	4
7420	2
7421	4
7422	1
7423	1
7424	1
7425	2
7426	5
7427	3
7428	0
7429	0
7430	3
7431	4
7432	2
7433	1
7434	3
7435	2
7436	3
7437	3
7438	3
7439	1
7440	0
7441	1
7442	1
7443	0
7444	2
7445	1
7446	4
7447	1
7448	6
7449	0
7450	1
7451	2
7452	1
7453	1
7454	1
7455	0
7456	2
7457	2
7458	2
7459	3
7460	0
7461	2
7462	3
7463	0
7464	3
7465	1
7466	4
7467	3
7468	2
7469	3
7470	0
7471	2
7472	0
7473	3
7474	2
7475	1
7476	0
7477	1
7478	2
7479	1
7480	1
7481	2
7482	2
7483	1
7484	4
7485	0
7486	1
7487	0
7488	1
7489	2
7490	2
7491	0
7492	2
7493	1
7494	3
7495	2
7496	4
7497	3
7498	2
7499	1
7500	1
7501	1
7502	2
7503	1
7504	4
7505	0
7506	4
7507	1
7508	0
7509	1
7510	0
7511	2
7512	1
7513	0
7514	1
7515	3
7516	2
7517	1
7518	0
7519	2
7520	5
7521	1
7522	0
7523	0
7524	3
7525	0
7526	2
7527	2
7528	2
7529	4
7530	0
7531	2
7532	1
7533	2
7534	3
7535	1
7536	0
7537	1
7538	2
7539	1
7540	1
7541	1
7542	0
7543	1
7544	1
7545	3
7546	0
7547	3
7548	3
7549	2
7550	1
7551	0
7552	2
7553	0
7554	0
7555	6
7556	1
7557	1
7558	1
7559	1
7560	1
7561	2
7562	0
7563	1
7564	1
7565	3
7566	2
7567	0
7568	3
7569	6
7570	3
7571	0
7572	1
7573	4
7574	4
7575	4
7576	1
7577	2
7578	2
7579	0
7580	3
7581	1
7582	2
7583	1
7584	0
7585	2
7586	1
7587	1
7588	3
7589	3
7590	2
7591	1
7592	2
7593	1
7594	1
7595	1
7596	0
7597	0
7598	2
7599	0
7600	3
7601	6
7602	1
7603	1
7604	1
7605	3
7606	1
7607	4
7608	3
7609	2
7610	1
7611	2
7612	2
7613	1
7614	3
7615	1
7616	3
7617	1
7618	0
7619	3
7620	0
7621	2
7622	2
7623	0
7624	2
7625	3
7626	0
7627	2
7628	2
7629	0
7630	3
7631	1
7632	2
7633	0
7634	2
7635	1
7636	1
7637	3
7638	1
7639	0
7640	1
7641	1
7642	1
7643	0
7644	2
7645	1
7646	1
7647	1
7648	4
7649	2
7650	1
7651	0
7652	5
7653	0
7654	1
7655	2
7656	1
7657	1
7658	2
7659	0
7660	0
7661	3
7662	3
7663	2
7664	2
7665	3
7666	1
7667	2
7668	2
7669	2
7670	2
7671	0
7672	1
7673	1
7674	1
7675	2
7676	0
7677	2
7678	4
7679	4
7680	3
7681	0
7682	1
7683	2
7684	1
7685	0
7686	5
7687	2
7688	1
7689	2
7690	1
7691	0
7692	0
7693	1
7694	2
7695	1
7696	1
7697	2
7698	2
7699	1
7700	3
7701	0
7702	2
7703	1
7704	0
7705	3
7706	0
7707	0
7708	2
7709	4
7710	1
7711	3
7712	1
7713	2
7714	3
7715	2
7716	2
7717	2
7718	4
7719	2
7720	1
7721	2
7722	2
7723	0
7724	0
7725	2
7726	2
7727	1
7728	1
7729	0
7730	1
7731	4
7732	1
7733	1
7734	2
7735	5
7736	1
7737	1
7738	1
7739	4
7740	0
7741	1
7742	4
7743	2
7744	2
7745	1
7746	2
7747	2
7748	0
7749	2
7750	1
7751	1
7752	2
7753	1
7754	3
7755	3
7756	0
7757	0
7758	1
7759	2
7760	2
7761	2
7762	2
7763	0
7764	1
7765	3
7766	1
7767	4
7768	1
7769	2
7770	3
7771	3
7772	2
7773	2
7774	1
7775	0
7776	3
7777	1
7778	0
7779	3
7780	3
7781	1
7782	2
7783	1
7784	0
7785	1
7786	4
7787	1
7788	1
7789	1
7790	1
7791	1
7792	1
7793	1
7794	2
7795	1
7796	1
7797	1
7798	0
7799	2
7800	1
7801	2
7802	2
7803	1
7804	3
7805	1
7806	4
7807	3
7808	2
7809	2
7810	3
7811	2
7812	1
7813	3
7814	0
7815	2
7816	0
7817	2
7818	3
7819	2
7820	4
7821	1
7822	3
7823	3
7824	0
7825	0
7826	2
7827	5
7828	2
7829	2
7830	0
7831	2
7832	1
7833	4
7834	2
7835	3
7836	3
7837	2
7838	0
7839	3
7840	4
7841	3
7842	2
7843	1
7844	4
7845	1
7846	2
7847	3
7848	3
7849	0
7850	1
7851	0
7852	0
7853	0
7854	3
7855	2
7856	1
7857	3
7858	4
7859	2
7860	2
7861	1
7862	2
7863	2
7864	0
7865	2
7866	3
7867	2
7868	2
7869	1
7870	2
7871	2
7872	0
7873	1
7874	0
7875	0
7876	0
7877	1
7878	3
7879	0
7880	1
7881	3
7882	1
7883	3
7884	3
7885	2
7886	1
7887	1
7888	2
7889	1
7890	1
7891	1
7892	2
7893	2
7894	0
7895	2
7896	2
7897	4
7898	1
7899	2
7900	0
7901	2
7902	3
7903	0
7904	2
7905	1
7906	0
7907	1
7908	1
7909	3
7910	2
7911	1
7912	1
7913	2
7914	1
7915	2
7916	1
7917	3
7918	1
7919	3
7920	0
7921	0
7922	1
7923	4
7924	2
7925	2
7926	1
7927	1
7928	1
7929	3
7930	0
7931	5
7932	2
7933	2
7934	1
7935	0
7936	2
7937	1
7938	2
7939	4
7940	0
7941	2
7942	0
7943	2
7944	0
7945	2
7946	2
7947	2
7948	0
7949	2
7950	7
7951	2
7952	2
7953	3
7954	1
7955	1
7956	1
7957	1
7958	0
7959	3
7960	2
7961	2
7962	1
7963	1
7964	3
7965	2
7966	2
7967	2
7968	0
7969	2
7970	1
7971	2
7972	0
7973	0
7974	1
7975	2
7976	2
7977	1
7978	2
7979	4
7980	0
7981	3
7982	0
7983	3
7984	1
7985	0
7986	0
7987	3
7988	2
7989	1
7990	1
7991	1
7992	2
7993	3
7994	1
7995	2
7996	1
7997	0
7998	0
7999	1
8000	2
8001	2
8002	3
8003	1
8004	2
8005	1
8006	1
8007	3
8008	2
8009	1
8010	1
8011	1
8012	5
8013	0
8014	2
8015	4
8016	2
8017	1
8018	3
8019	1
8020	0
8021	2
8022	1
8023	3
8024	2
8025	1
8026	1
8027	1
8028	1
8029	0
8030	1
8031	3
8032	3
8033	0
8034	2
8035	0
8036	4
8037	4
8038	1
8039	2
8040	5
8041	4
8042	2
8043	0
8044	1
8045	4
8046	2
8047	0
8048	1
8049	1
8050	2
8051	2
8052	1
8053	2
8054	5
8055	1
8056	4
8057	0
8058	1
8059	1
8060	4
8061	0
8062	1
8063	2
8064	0
8065	0
8066	0
8067	0
8068	0
8069	0
8070	0
8071	0
8072	0
8073	0
8074	0
8075	0
8076	0
8077	0
8078	0
8079	0
8080	0
8081	0
8082	0
8083	0
8084	0
8085	0
8086	0
8087	0
8088	0
8089	0
8090	0
8091	0
8092	0
8093	0
8094	0
8095	0
8096	0
8097	0
8098	0
8099	0
8100	0
8101	0
8102	0
8103	0
8104	0
8105	0
8106	0
8107	0
8108	0
8109	0
8110	0
8111	0
8112	0
8113	0
8114	0
8115	0
8116	0
8117	0
8118	0
8119	0
8120	0
8121	0
8122	0
8123	0
8124	0
8125	0
8126	0
8127	0
8128	0
8129	0
8130	0
8131	0
8132	0
8133	0
8134	0
8135	0
8136	0
8137	0
8138	0
8139	0
8140	0
8141	0
8142	0
8143	0
8144	0
8145	0
8146	0
8147	0
8148	0
8149	0
8150	0
8151	0
8152	0
8153	0
8154	0
8155	0
8156	0
8157	0
8158	0
8159	0
8160	0
8161	0
8162	0
8163	0
8164	0
8165	0
8166	0
8167	0
8168	0
8169	0
8170	0
8171	0
8172	0
8173	0
8174	0
8175	0
8176	0
8177	0
8178	0
8179	0
8180	0
8181	0
8182	0
8183	0
8184	0
8185	0
8186	0
8187	0
8188	0
8189	0
8190	0
8191	0
