-2	86400
-1	86429.82
0	0
1	0
2	0
3	0
4	0
5	0
6	0
7	0
8	0
9	0
10	0
11	0
12	0
13	0
14	0
15	0
16	0
17	0
18	0
19	0
20	0
21	0
22	0
23	0
24	0
25	0
26	0
27	0
28	0
29	0
30	0
31	0
32	0
33	0
34	0
35	0
36	0
37	0
38	0
39	0
40	0
41	0
42	0
43	0
44	0
45	0
46	4
47	1
48	0
49	98
50	370
51	505
52	565
53	622
54	749
55	836
56	852
57	871
58	831
59	848
60	797
61	767
62	774
63	814
64	764
65	775
66	727
67	744
68	813
69	733
70	806
71	752
72	828
73	808
74	813
75	812
76	762
77	813
78	813
79	830
80	833
81	838
82	816
83	747
84	773
85	816
86	828
87	796
88	844
89	795
90	876
91	885
92	822
93	855
94	850
95	850
96	876
97	890
98	873
99	905
100	897
101	937
102	943
103	924
104	976
105	944
106	975
107	1013
108	1043
109	998
110	1046
111	1043
112	1070
113	1035
114	1064
115	1100
116	1119
117	1083
118	1189
119	1200
120	1234
121	1221
122	1265
123	1228
124	1219
125	1196
126	1302
127	1271
128	1278
129	1278
130	1302
131	1264
132	1275
133	1375
134	1339
135	1351
136	1374
137	1396
138	1394
139	1428
140	1408
141	1470
142	1403
143	1431
144	1483
145	1450
146	1516
147	1546
148	1505
149	1450
150	1554
151	1577
152	1526
153	1623
154	1577
155	1625
156	1507
157	1537
158	1601
159	1584
160	1555
161	1626
162	1581
163	1593
164	1677
165	1668
166	1623
167	1670
168	1604
169	1658
170	1651
171	1645
172	1693
173	1630
174	1649
175	1677
176	1680
177	1625
178	1612
179	1703
180	1681
181	1739
182	1694
183	1644
184	1530
185	1627
186	1697
187	1688
188	1610
189	1619
190	1708
191	1675
192	1641
193	1654
194	1623
195	1703
196	1647
197	1577
198	1646
199	1644
200	1621
201	1666
202	1662
203	1649
204	1654
205	1631
206	1677
207	1626
208	1633
209	1626
210	1588
211	1604
212	1643
213	1633
214	1548
215	1547
216	1645
217	1579
218	1601
219	1608
220	1645
221	1617
222	1586
223	1575
224	1532
225	1614
226	1559
227	1577
228	1552
229	1468
230	1533
231	1538
232	1659
233	1469
234	1457
235	1496
236	1479
237	1483
238	1460
239	1517
240	1452
241	1463
242	1455
243	1457
244	1499
245	1415
246	1439
247	1412
248	1362
249	1424
250	1423
251	1494
252	1459
253	1371
254	1432
255	1422
256	1398
257	1390
258	1426
259	1367
260	1362
261	1397
262	1434
263	1425
264	1419
265	1453
266	1366
267	1348
268	1311
269	1306
270	1248
271	1239
272	1251
273	1278
274	1251
275	1253
276	1265
277	1299
278	1262
279	1281
280	1254
281	1225
282	1167
283	1168
284	1246
285	1185
286	1199
287	1193
288	1191
289	1138
290	1142
291	1177
292	1156
293	1152
294	1185
295	1145
296	1152
297	1140
298	1107
299	1153
300	1178
301	1100
302	1102
303	1138
304	1139
305	1066
306	1056
307	1047
308	1113
309	1135
310	1099
311	1025
312	1038
313	1005
314	999
315	1004
316	1000
317	1044
318	1014
319	1027
320	1029
321	1020
322	1022
323	1046
324	994
325	1015
326	1066
327	1087
328	1090
329	936
330	915
331	1033
332	964
333	999
334	928
335	934
336	921
337	962
338	929
339	938
340	977
341	891
342	900
343	928
344	884
345	930
346	910
347	858
348	960
349	877
350	869
351	879
352	878
353	867
354	948
355	882
356	930
357	787
358	870
359	878
360	890
361	856
362	824
363	841
364	867
365	831
366	872
367	871
368	837
369	855
370	788
371	856
372	820
373	859
374	860
375	809
376	808
377	779
378	800
379	783
380	786
381	789
382	748
383	780
384	763
385	730
386	786
387	818
388	850
389	936
390	916
391	821
392	739
393	768
394	740
395	719
396	743
397	711
398	705
399	706
400	761
401	695
402	738
403	778
404	714
405	680
406	718
407	756
408	712
409	705
410	695
411	617
412	735
413	670
414	675
415	653
416	667
417	622
418	659
419	708
420	682
421	663
422	647
423	661
424	653
425	706
426	668
427	676
428	618
429	647
430	659
431	626
432	670
433	658
434	610
435	695
436	597
437	607
438	625
439	618
440	620
441	632
442	634
443	632
444	617
445	593
446	625
447	604
448	601
449	623
450	641
451	633
452	621
453	621
454	623
455	636
456	576
457	605
458	566
459	603
460	571
461	583
462	570
463	589
464	589
465	598
466	588
467	541
468	546
469	554
470	561
471	534
472	550
473	574
474	554
475	585
476	564
477	556
478	590
479	559
480	579
481	578
482	543
483	558
484	574
485	504
486	565
487	536
488	546
489	490
490	529
491	465
492	551
493	495
494	559
495	499
496	502
497	520
498	503
499	524
500	492
501	517
502	523
503	506
504	489
505	537
506	515
507	500
508	541
509	520
510	502
511	524
512	557
513	506
514	516
515	464
516	485
517	519
518	472
519	499
520	523
521	456
522	517
523	500
524	500
525	507
526	506
527	467
528	482
529	461
530	468
531	491
532	497
533	499
534	506
535	461
536	447
537	454
538	494
539	491
540	443
541	493
542	467
543	444
544	496
545	431
546	425
547	443
548	430
549	426
550	454
551	482
552	425
553	444
554	439
555	456
556	462
557	485
558	434
559	493
560	512
561	553
562	699
563	842
564	1144
565	1320
566	1210
567	1022
568	755
569	577
570	464
571	396
572	435
573	411
574	425
575	386
576	411
577	422
578	445
579	430
580	387
581	414
582	428
583	393
584	382
585	382
586	422
587	402
588	373
589	421
590	404
591	410
592	423
593	371
594	408
595	378
596	389
597	388
598	399
599	415
600	350
601	421
602	370
603	394
604	380
605	394
606	377
607	386
608	410
609	392
610	371
611	397
612	382
613	370
614	397
615	361
616	374
617	363
618	414
619	359
620	351
621	338
622	406
623	396
624	404
625	391
626	378
627	352
628	366
629	366
630	380
631	363
632	390
633	339
634	366
635	356
636	374
637	351
638	350
639	347
640	354
641	331
642	374
643	468
644	584
645	651
646	568
647	458
648	372
649	335
650	363
651	345
652	345
653	336
654	336
655	324
656	333
657	336
658	359
659	341
660	362
661	383
662	337
663	358
664	362
665	345
666	393
667	362
668	338
669	380
670	414
671	422
672	530
673	648
674	734
675	611
676	450
677	354
678	320
679	318
680	318
681	302
682	297
683	326
684	299
685	307
686	330
687	314
688	315
689	309
690	321
691	311
692	308
693	301
694	316
695	323
696	307
697	338
698	304
699	294
700	334
701	319
702	309
703	283
704	310
705	307
706	246
707	291
708	269
709	291
710	293
711	296
712	289
713	312
714	302
715	304
716	301
717	293
718	278
719	289
720	280
721	298
722	274
723	290
724	259
725	284
726	267
727	276
728	282
729	302
730	297
731	287
732	291
733	306
734	280
735	309
736	294
737	276
738	281
739	300
740	294
741	328
742	297
743	286
744	298
745	252
746	264
747	278
748	252
749	264
750	266
751	277
752	237
753	276
754	277
755	286
756	275
757	270
758	271
759	270
760	292
761	261
762	289
763	254
764	284
765	275
766	274
767	327
768	288
769	328
770	310
771	301
772	242
773	299
774	292
775	277
776	297
777	291
778	275
779	298
780	272
781	263
782	262
783	262
784	266
785	270
786	266
787	252
788	290
789	304
790	287
791	248
792	267
793	242
794	256
795	242
796	271
797	263
798	276
799	262
800	271
801	282
802	306
803	317
804	336
805	313
806	292
807	285
808	239
809	242
810	230
811	271
812	259
813	234
814	233
815	244
816	256
817	232
818	224
819	245
820	253
821	244
822	242
823	242
824	251
825	255
826	234
827	218
828	243
829	265
830	210
831	245
832	248
833	223
834	251
835	239
836	261
837	248
838	266
839	235
840	246
841	232
842	238
843	235
844	256
845	240
846	274
847	248
848	297
849	267
850	270
851	281
852	282
853	252
854	227
855	262
856	230
857	212
858	190
859	228
860	236
861	209
862	232
863	241
864	186
865	243
866	215
867	233
868	233
869	258
870	223
871	242
872	208
873	229
874	250
875	235
876	228
877	207
878	263
879	248
880	261
881	216
882	233
883	197
884	197
885	215
886	206
887	225
888	214
889	202
890	193
891	214
892	240
893	232
894	210
895	226
896	218
897	167
898	205
899	206
900	203
901	226
902	200
903	210
904	192
905	210
906	194
907	200
908	206
909	204
910	188
911	195
912	185
913	224
914	193
915	215
916	198
917	218
918	188
919	225
920	200
921	193
922	209
923	226
924	229
925	223
926	206
927	225
928	215
929	225
930	214
931	221
932	195
933	231
934	213
935	187
936	223
937	203
938	223
939	189
940	207
941	210
942	201
943	184
944	188
945	184
946	189
947	204
948	201
949	242
950	257
951	242
952	246
953	206
954	212
955	188
956	198
957	221
958	202
959	203
960	213
961	191
962	166
963	224
964	156
965	206
966	181
967	190
968	203
969	184
970	204
971	186
972	206
973	186
974	217
975	186
976	172
977	208
978	184
979	182
980	197
981	161
982	192
983	201
984	190
985	202
986	196
987	177
988	201
989	204
990	198
991	199
992	196
993	166
994	195
995	195
996	197
997	198
998	203
999	197
1000	185
1001	175
1002	200
1003	199
1004	241
1005	290
1006	429
1007	520
1008	548
1009	407
1010	264
1011	198
1012	185
1013	168
1014	187
1015	171
1016	190
1017	166
1018	190
1019	178
1020	190
1021	144
1022	158
1023	189
1024	192
1025	172
1026	172
1027	158
1028	181
1029	163
1030	179
1031	206
1032	196
1033	184
1034	189
1035	192
1036	177
1037	172
1038	168
1039	171
1040	167
1041	165
1042	166
1043	181
1044	175
1045	174
1046	181
1047	169
1048	185
1049	182
1050	173
1051	185
1052	171
1053	166
1054	158
1055	167
1056	166
1057	146
1058	150
1059	181
1060	159
1061	176
1062	204
1063	212
1064	232
1065	230
1066	249
1067	255
1068	227
1069	241
1070	359
1071	365
1072	370
1073	297
1074	170
1075	146
1076	162
1077	169
1078	171
1079	161
1080	171
1081	179
1082	151
1083	188
1084	148
1085	157
1086	167
1087	168
1088	156
1089	177
1090	140
1091	147
1092	130
1093	155
1094	174
1095	170
1096	136
1097	154
1098	150
1099	153
1100	144
1101	130
1102	161
1103	149
1104	164
1105	160
1106	167
1107	180
1108	156
1109	164
1110	141
1111	148
1112	156
1113	178
1114	160
1115	151
1116	163
1117	149
1118	132
1119	160
1120	165
1121	141
1122	165
1123	165
1124	164
1125	163
1126	143
1127	134
1128	158
1129	147
1130	147
1131	152
1132	152
1133	146
1134	163
1135	141
1136	150
1137	121
1138	152
1139	170
1140	143
1141	153
1142	159
1143	156
1144	127
1145	147
1146	153
1147	145
1148	145
1149	157
1150	144
1151	159
1152	148
1153	163
1154	162
1155	138
1156	150
1157	162
1158	150
1159	155
1160	149
1161	140
1162	159
1163	153
1164	145
1165	157
1166	146
1167	148
1168	149
1169	143
1170	142
1171	131
1172	166
1173	152
1174	146
1175	162
1176	165
1177	138
1178	139
1179	155
1180	153
1181	154
1182	151
1183	155
1184	157
1185	153
1186	135
1187	167
1188	154
1189	140
1190	135
1191	159
1192	149
1193	151
1194	160
1195	151
1196	141
1197	151
1198	157
1199	145
1200	121
1201	167
1202	146
1203	171
1204	131
1205	153
1206	149
1207	131
1208	134
1209	145
1210	151
1211	148
1212	155
1213	156
1214	155
1215	174
1216	139
1217	132
1218	149
1219	150
1220	129
1221	154
1222	150
1223	139
1224	137
1225	141
1226	149
1227	163
1228	154
1229	170
1230	139
1231	151
1232	169
1233	158
1234	175
1235	182
1236	209
1237	284
1238	340
1239	326
1240	252
1241	175
1242	160
1243	144
1244	142
1245	155
1246	158
1247	146
1248	119
1249	148
1250	150
1251	138
1252	161
1253	148
1254	155
1255	121
1256	146
1257	139
1258	139
1259	128
1260	155
1261	151
1262	136
1263	126
1264	141
1265	142
1266	123
1267	128
1268	122
1269	162
1270	134
1271	127
1272	144
1273	128
1274	163
1275	142
1276	184
1277	163
1278	169
1279	160
1280	135
1281	145
1282	148
1283	141
1284	139
1285	134
1286	154
1287	144
1288	170
1289	155
1290	137
1291	166
1292	146
1293	135
1294	131
1295	149
1296	141
1297	154
1298	146
1299	152
1300	145
1301	154
1302	153
1303	143
1304	144
1305	146
1306	135
1307	140
1308	128
1309	151
1310	136
1311	130
1312	134
1313	118
1314	143
1315	134
1316	143
1317	135
1318	131
1319	140
1320	136
1321	128
1322	137
1323	126
1324	142
1325	157
1326	148
1327	134
1328	164
1329	128
1330	119
1331	151
1332	143
1333	137
1334	156
1335	123
1336	143
1337	141
1338	154
1339	151
1340	125
1341	151
1342	140
1343	154
1344	134
1345	129
1346	133
1347	139
1348	131
1349	145
1350	160
1351	144
1352	139
1353	123
1354	148
1355	132
1356	136
1357	113
1358	122
1359	135
1360	128
1361	123
1362	134
1363	133
1364	134
1365	156
1366	171
1367	191
1368	207
1369	210
1370	178
1371	172
1372	149
1373	132
1374	128
1375	149
1376	143
1377	125
1378	135
1379	140
1380	111
1381	135
1382	118
1383	113
1384	111
1385	118
1386	104
1387	109
1388	90
1389	106
1390	105
1391	100
1392	112
1393	115
1394	112
1395	108
1396	103
1397	111
1398	114
1399	116
1400	112
1401	110
1402	100
1403	109
1404	130
1405	111
1406	128
1407	103
1408	114
1409	108
1410	99
1411	107
1412	111
1413	133
1414	106
1415	123
1416	129
1417	107
1418	100
1419	112
1420	98
1421	119
1422	117
1423	99
1424	106
1425	109
1426	103
1427	100
1428	106
1429	115
1430	96
1431	104
1432	98
1433	111
1434	94
1435	108
1436	102
1437	98
1438	91
1439	107
1440	92
1441	85
1442	94
1443	93
1444	91
1445	85
1446	118
1447	99
1448	116
1449	91
1450	95
1451	95
1452	86
1453	82
1454	79
1455	81
1456	88
1457	84
1458	67
1459	97
1460	99
1461	104
1462	92
1463	78
1464	95
1465	104
1466	95
1467	109
1468	84
1469	96
1470	91
1471	95
1472	86
1473	77
1474	75
1475	92
1476	73
1477	74
1478	80
1479	81
1480	80
1481	91
1482	91
1483	78
1484	99
1485	77
1486	77
1487	88
1488	75
1489	83
1490	81
1491	94
1492	73
1493	76
1494	90
1495	79
1496	77
1497	94
1498	72
1499	78
1500	86
1501	82
1502	98
1503	82
1504	72
1505	53
1506	68
1507	74
1508	91
1509	62
1510	66
1511	70
1512	80
1513	92
1514	88
1515	73
1516	75
1517	75
1518	64
1519	97
1520	101
1521	103
1522	138
1523	126
1524	121
1525	96
1526	83
1527	75
1528	66
1529	86
1530	88
1531	65
1532	84
1533	75
1534	86
1535	89
1536	75
1537	70
1538	69
1539	75
1540	81
1541	55
1542	65
1543	75
1544	61
1545	81
1546	77
1547	84
1548	92
1549	96
1550	103
1551	72
1552	50
1553	59
1554	83
1555	108
1556	107
1557	89
1558	74
1559	77
1560	80
1561	69
1562	59
1563	67
1564	69
1565	63
1566	80
1567	82
1568	76
1569	67
1570	67
1571	93
1572	65
1573	62
1574	70
1575	79
1576	75
1577	67
1578	85
1579	64
1580	54
1581	58
1582	75
1583	62
1584	62
1585	65
1586	60
1587	61
1588	73
1589	68
1590	73
1591	68
1592	72
1593	53
1594	64
1595	69
1596	83
1597	60
1598	66
1599	62
1600	71
1601	64
1602	76
1603	69
1604	65
1605	60
1606	82
1607	71
1608	93
1609	88
1610	213
1611	583
1612	1300
1613	2314
1614	2885
1615	2779
1616	1836
1617	898
1618	355
1619	108
1620	56
1621	37
1622	38
1623	40
1624	50
1625	48
1626	45
1627	41
1628	38
1629	49
1630	50
1631	42
1632	47
1633	47
1634	37
1635	56
1636	50
1637	59
1638	47
1639	59
1640	43
1641	46
1642	54
1643	42
1644	36
1645	41
1646	54
1647	39
1648	41
1649	39
1650	45
1651	46
1652	64
1653	65
1654	52
1655	54
1656	51
1657	41
1658	50
1659	36
1660	58
1661	49
1662	44
1663	39
1664	45
1665	46
1666	65
1667	76
1668	79
1669	66
1670	54
1671	54
1672	56
1673	58
1674	43
1675	49
1676	40
1677	47
1678	39
1679	40
1680	43
1681	33
1682	34
1683	42
1684	37
1685	48
1686	48
1687	46
1688	29
1689	41
1690	36
1691	39
1692	37
1693	34
1694	42
1695	41
1696	32
1697	46
1698	59
1699	60
1700	37
1701	47
1702	38
1703	44
1704	54
1705	53
1706	39
1707	41
1708	24
1709	46
1710	44
1711	49
1712	40
1713	34
1714	39
1715	45
1716	35
1717	42
1718	34
1719	47
1720	43
1721	42
1722	40
1723	43
1724	45
1725	40
1726	47
1727	35
1728	34
1729	32
1730	43
1731	29
1732	45
1733	39
1734	48
1735	45
1736	46
1737	30
1738	34
1739	44
1740	41
1741	38
1742	43
1743	36
1744	48
1745	42
1746	48
1747	58
1748	47
1749	46
1750	54
1751	54
1752	56
1753	62
1754	88
1755	109
1756	89
1757	81
1758	71
1759	69
1760	52
1761	50
1762	37
1763	45
1764	41
1765	34
1766	39
1767	38
1768	30
1769	39
1770	38
1771	36
1772	29
1773	35
1774	37
1775	31
1776	42
1777	40
1778	30
1779	38
1780	35
1781	32
1782	32
1783	36
1784	40
1785	29
1786	33
1787	44
1788	42
1789	53
1790	66
1791	58
1792	45
1793	42
1794	50
1795	36
1796	37
1797	29
1798	40
1799	57
1800	47
1801	62
1802	69
1803	57
1804	49
1805	38
1806	28
1807	37
1808	35
1809	36
1810	34
1811	42
1812	44
1813	24
1814	29
1815	32
1816	34
1817	24
1818	29
1819	30
1820	30
1821	33
1822	24
1823	29
1824	31
1825	34
1826	28
1827	22
1828	31
1829	27
1830	42
1831	42
1832	37
1833	29
1834	43
1835	42
1836	46
1837	50
1838	42
1839	38
1840	21
1841	42
1842	51
1843	28
1844	34
1845	29
1846	36
1847	29
1848	38
1849	34
1850	29
1851	37
1852	38
1853	35
1854	26
1855	32
1856	28
1857	28
1858	30
1859	18
1860	35
1861	22
1862	30
1863	33
1864	33
1865	32
1866	29
1867	44
1868	30
1869	31
1870	21
1871	24
1872	30
1873	26
1874	30
1875	33
1876	33
1877	33
1878	26
1879	29
1880	32
1881	31
1882	39
1883	29
1884	18
1885	40
1886	21
1887	21
1888	25
1889	31
1890	29
1891	31
1892	29
1893	38
1894	40
1895	26
1896	25
1897	26
1898	24
1899	28
1900	24
1901	31
1902	40
1903	24
1904	33
1905	28
1906	36
1907	28
1908	41
1909	44
1910	61
1911	63
1912	80
1913	56
1914	35
1915	36
1916	28
1917	25
1918	33
1919	24
1920	27
1921	34
1922	33
1923	31
1924	36
1925	30
1926	27
1927	31
1928	41
1929	33
1930	26
1931	29
1932	18
1933	27
1934	37
1935	27
1936	31
1937	26
1938	32
1939	26
1940	31
1941	31
1942	34
1943	24
1944	28
1945	34
1946	46
1947	134
1948	197
1949	248
1950	264
1951	218
1952	128
1953	67
1954	32
1955	29
1956	29
1957	29
1958	27
1959	13
1960	34
1961	29
1962	21
1963	30
1964	37
1965	30
1966	23
1967	31
1968	20
1969	26
1970	31
1971	30
1972	34
1973	35
1974	30
1975	22
1976	27
1977	34
1978	29
1979	25
1980	16
1981	30
1982	16
1983	34
1984	21
1985	20
1986	28
1987	35
1988	21
1989	20
1990	26
1991	28
1992	24
1993	24
1994	21
1995	33
1996	22
1997	32
1998	30
1999	22
2000	25
2001	30
2002	29
2003	22
2004	30
2005	32
2006	38
2007	28
2008	24
2009	25
2010	20
2011	33
2012	26
2013	31
2014	35
2015	36
2016	26
2017	27
2018	18
2019	25
2020	23
2021	22
2022	37
2023	25
2024	27
2025	31
2026	21
2027	24
2028	29
2029	29
2030	30
2031	45
2032	32
2033	33
2034	36
2035	27
2036	23
2037	24
2038	36
2039	38
2040	47
2041	39
2042	43
2043	42
2044	27
2045	32
2046	26
2047	37
2048	21
2049	30
2050	24
2051	30
2052	33
2053	17
2054	24
2055	36
2056	26
2057	21
2058	25
2059	35
2060	28
2061	26
2062	23
2063	27
2064	17
2065	38
2066	30
2067	27
2068	28
2069	26
2070	29
2071	29
2072	26
2073	25
2074	14
2075	22
2076	20
2077	27
2078	20
2079	36
2080	28
2081	27
2082	26
2083	32
2084	24
2085	21
2086	26
2087	20
2088	23
2089	26
2090	35
2091	25
2092	19
2093	28
2094	26
2095	24
2096	18
2097	31
2098	30
2099	29
2100	20
2101	18
2102	21
2103	27
2104	28
2105	24
2106	29
2107	26
2108	24
2109	40
2110	25
2111	30
2112	26
2113	30
2114	27
2115	24
2116	21
2117	24
2118	18
2119	28
2120	29
2121	26
2122	32
2123	26
2124	19
2125	29
2126	27
2127	26
2128	15
2129	25
2130	24
2131	31
2132	31
2133	31
2134	22
2135	24
2136	21
2137	28
2138	28
2139	34
2140	34
2141	28
2142	35
2143	28
2144	37
2145	26
2146	23
2147	19
2148	22
2149	37
2150	32
2151	22
2152	25
2153	19
2154	24
2155	26
2156	17
2157	25
2158	21
2159	26
2160	26
2161	24
2162	26
2163	22
2164	19
2165	21
2166	25
2167	18
2168	27
2169	26
2170	29
2171	22
2172	27
2173	18
2174	24
2175	24
2176	26
2177	27
2178	29
2179	22
2180	28
2181	16
2182	27
2183	20
2184	19
2185	21
2186	24
2187	29
2188	28
2189	21
2190	25
2191	26
2192	21
2193	28
2194	17
2195	24
2196	29
2197	25
2198	23
2199	25
2200	18
2201	30
2202	21
2203	28
2204	33
2205	22
2206	24
2207	15
2208	19
2209	17
2210	31
2211	23
2212	22
2213	21
2214	33
2215	20
2216	20
2217	25
2218	23
2219	21
2220	16
2221	26
2222	22
2223	21
2224	29
2225	16
2226	20
2227	24
2228	39
2229	34
2230	20
2231	20
2232	12
2233	25
2234	21
2235	21
2236	25
2237	24
2238	24
2239	22
2240	21
2241	19
2242	19
2243	30
2244	22
2245	21
2246	21
2247	19
2248	19
2249	21
2250	20
2251	20
2252	22
2253	18
2254	30
2255	17
2256	26
2257	17
2258	24
2259	22
2260	24
2261	20
2262	21
2263	21
2264	35
2265	27
2266	27
2267	18
2268	23
2269	17
2270	17
2271	20
2272	19
2273	23
2274	26
2275	17
2276	24
2277	21
2278	30
2279	19
2280	19
2281	20
2282	18
2283	35
2284	25
2285	29
2286	16
2287	29
2288	25
2289	16
2290	17
2291	27
2292	16
2293	21
2294	23
2295	23
2296	18
2297	22
2298	22
2299	22
2300	22
2301	33
2302	20
2303	18
2304	20
2305	20
2306	32
2307	21
2308	18
2309	21
2310	37
2311	21
2312	23
2313	21
2314	19
2315	18
2316	24
2317	18
2318	30
2319	30
2320	33
2321	63
2322	72
2323	88
2324	78
2325	68
2326	56
2327	62
2328	38
2329	25
2330	20
2331	19
2332	25
2333	32
2334	28
2335	20
2336	22
2337	25
2338	24
2339	34
2340	50
2341	37
2342	27
2343	29
2344	32
2345	21
2346	28
2347	20
2348	24
2349	17
2350	29
2351	23
2352	25
2353	25
2354	24
2355	17
2356	19
2357	25
2358	18
2359	20
2360	23
2361	22
2362	21
2363	19
2364	19
2365	20
2366	32
2367	22
2368	32
2369	23
2370	27
2371	17
2372	26
2373	23
2374	16
2375	25
2376	15
2377	10
2378	19
2379	21
2380	17
2381	24
2382	18
2383	22
2384	17
2385	23
2386	21
2387	27
2388	28
2389	20
2390	17
2391	25
2392	24
2393	16
2394	19
2395	24
2396	26
2397	23
2398	23
2399	35
2400	23
2401	31
2402	20
2403	17
2404	27
2405	22
2406	19
2407	18
2408	26
2409	17
2410	9
2411	17
2412	28
2413	26
2414	26
2415	26
2416	19
2417	20
2418	24
2419	17
2420	24
2421	26
2422	23
2423	28
2424	17
2425	23
2426	20
2427	35
2428	19
2429	30
2430	28
2431	33
2432	46
2433	72
2434	96
2435	97
2436	100
2437	66
2438	35
2439	30
2440	26
2441	18
2442	21
2443	22
2444	17
2445	26
2446	24
2447	17
2448	25
2449	19
2450	15
2451	14
2452	27
2453	20
2454	23
2455	26
2456	23
2457	20
2458	21
2459	27
2460	21
2461	19
2462	20
2463	26
2464	19
2465	25
2466	12
2467	25
2468	30
2469	24
2470	18
2471	24
2472	30
2473	25
2474	13
2475	22
2476	20
2477	20
2478	18
2479	26
2480	22
2481	18
2482	24
2483	13
2484	24
2485	17
2486	29
2487	24
2488	22
2489	25
2490	32
2491	25
2492	21
2493	19
2494	24
2495	17
2496	18
2497	27
2498	21
2499	27
2500	14
2501	20
2502	20
2503	17
2504	20
2505	22
2506	38
2507	20
2508	23
2509	19
2510	28
2511	15
2512	18
2513	26
2514	30
2515	20
2516	21
2517	23
2518	21
2519	18
2520	15
2521	13
2522	22
2523	30
2524	17
2525	27
2526	31
2527	15
2528	29
2529	25
2530	14
2531	26
2532	27
2533	30
2534	32
2535	23
2536	17
2537	20
2538	25
2539	24
2540	28
2541	23
2542	27
2543	23
2544	21
2545	27
2546	25
2547	19
2548	29
2549	24
2550	30
2551	20
2552	18
2553	29
2554	16
2555	17
2556	23
2557	38
2558	20
2559	24
2560	21
2561	17
2562	29
2563	22
2564	17
2565	29
2566	36
2567	19
2568	23
2569	34
2570	24
2571	23
2572	26
2573	29
2574	21
2575	29
2576	29
2577	19
2578	27
2579	19
2580	23
2581	24
2582	28
2583	22
2584	15
2585	20
2586	21
2587	31
2588	33
2589	24
2590	12
2591	27
2592	30
2593	21
2594	21
2595	22
2596	26
2597	21
2598	27
2599	25
2600	23
2601	27
2602	19
2603	28
2604	22
2605	29
2606	25
2607	20
2608	25
2609	19
2610	24
2611	23
2612	18
2613	29
2614	25
2615	21
2616	26
2617	29
2618	28
2619	30
2620	25
2621	25
2622	19
2623	24
2624	30
2625	15
2626	18
2627	19
2628	21
2629	25
2630	15
2631	23
2632	27
2633	25
2634	24
2635	19
2636	22
2637	13
2638	15
2639	13
2640	18
2641	22
2642	21
2643	19
2644	27
2645	18
2646	26
2647	18
2648	20
2649	19
2650	27
2651	24
2652	20
2653	22
2654	20
2655	18
2656	9
2657	20
2658	24
2659	18
2660	18
2661	27
2662	17
2663	18
2664	17
2665	18
2666	13
2667	15
2668	14
2669	23
2670	21
2671	20
2672	17
2673	24
2674	10
2675	24
2676	16
2677	20
2678	19
2679	24
2680	16
2681	21
2682	19
2683	18
2684	17
2685	16
2686	8
2687	21
2688	25
2689	12
2690	20
2691	16
2692	19
2693	20
2694	25
2695	24
2696	20
2697	16
2698	16
2699	13
2700	28
2701	21
2702	36
2703	51
2704	39
2705	40
2706	35
2707	20
2708	16
2709	19
2710	11
2711	20
2712	11
2713	14
2714	22
2715	18
2716	21
2717	16
2718	14
2719	14
2720	15
2721	12
2722	11
2723	5
2724	17
2725	21
2726	13
2727	15
2728	21
2729	16
2730	13
2731	17
2732	19
2733	13
2734	22
2735	19
2736	14
2737	12
2738	14
2739	15
2740	9
2741	13
2742	13
2743	16
2744	14
2745	12
2746	18
2747	6
2748	8
2749	15
2750	15
2751	8
2752	7
2753	14
2754	14
2755	10
2756	11
2757	8
2758	11
2759	16
2760	18
2761	16
2762	9
2763	13
2764	12
2765	15
2766	11
2767	8
2768	11
2769	14
2770	12
2771	15
2772	16
2773	10
2774	8
2775	12
2776	7
2777	10
2778	8
2779	6
2780	12
2781	12
2782	12
2783	9
2784	13
2785	11
2786	6
2787	12
2788	7
2789	10
2790	5
2791	7
2792	10
2793	11
2794	8
2795	4
2796	6
2797	12
2798	8
2799	12
2800	7
2801	8
2802	12
2803	10
2804	4
2805	11
2806	14
2807	11
2808	10
2809	10
2810	13
2811	9
2812	7
2813	9
2814	15
2815	9
2816	11
2817	10
2818	11
2819	15
2820	11
2821	11
2822	8
2823	10
2824	9
2825	6
2826	5
2827	7
2828	10
2829	8
2830	6
2831	9
2832	7
2833	8
2834	14
2835	14
2836	5
2837	9
2838	12
2839	7
2840	11
2841	9
2842	13
2843	5
2844	11
2845	5
2846	8
2847	11
2848	6
2849	7
2850	6
2851	8
2852	10
2853	14
2854	8
2855	4
2856	12
2857	14
2858	6
2859	12
2860	9
2861	7
2862	9
2863	4
2864	7
2865	12
2866	6
2867	10
2868	3
2869	11
2870	12
2871	9
2872	9
2873	7
2874	9
2875	10
2876	12
2877	7
2878	8
2879	8
2880	10
2881	13
2882	31
2883	51
2884	126
2885	245
2886	415
2887	541
2888	639
2889	569
2890	461
2891	286
2892	140
2893	61
2894	21
2895	11
2896	5
2897	6
2898	3
2899	2
2900	4
2901	7
2902	11
2903	5
2904	9
2905	11
2906	3
2907	8
2908	6
2909	3
2910	5
2911	6
2912	8
2913	5
2914	6
2915	4
2916	3
2917	4
2918	7
2919	5
2920	5
2921	1
2922	2
2923	5
2924	5
2925	5
2926	6
2927	4
2928	11
2929	7
2930	4
2931	7
2932	7
2933	6
2934	10
2935	6
2936	5
2937	5
2938	7
2939	4
2940	3
2941	5
2942	5
2943	4
2944	4
2945	4
2946	3
2947	1
2948	2
2949	6
2950	1
2951	6
2952	6
2953	12
2954	5
2955	6
2956	7
2957	3
2958	6
2959	6
2960	2
2961	6
2962	4
2963	2
2964	3
2965	6
2966	8
2967	4
2968	4
2969	4
2970	6
2971	6
2972	6
2973	3
2974	9
2975	7
2976	9
2977	5
2978	8
2979	6
2980	3
2981	5
2982	6
2983	7
2984	2
2985	7
2986	8
2987	6
2988	1
2989	5
2990	4
2991	3
2992	7
2993	3
2994	3
2995	2
2996	7
2997	4
2998	7
2999	2
3000	3
3001	6
3002	2
3003	5
3004	5
3005	9
3006	7
3007	4
3008	7
3009	8
3010	5
3011	8
3012	2
3013	6
3014	7
3015	8
3016	3
3017	5
3018	6
3019	6
3020	3
3021	5
3022	3
3023	6
3024	5
3025	3
3026	5
3027	5
3028	7
3029	5
3030	4
3031	3
3032	6
3033	4
3034	4
3035	3
3036	2
3037	3
3038	6
3039	5
3040	3
3041	7
3042	6
3043	3
3044	7
3045	3
3046	5
3047	6
3048	6
3049	2
3050	5
3051	3
3052	9
3053	3
3054	5
3055	3
3056	2
3057	3
3058	3
3059	2
3060	1
3061	6
3062	4
3063	3
3064	9
3065	3
3066	5
3067	4
3068	3
3069	5
3070	11
3071	5
3072	5
3073	5
3074	6
3075	5
3076	4
3077	2
3078	4
3079	3
3080	6
3081	7
3082	6
3083	10
3084	5
3085	7
3086	4
3087	7
3088	2
3089	8
3090	6
3091	6
3092	4
3093	4
3094	4
3095	1
3096	5
3097	4
3098	2
3099	2
3100	10
3101	5
3102	6
3103	5
3104	5
3105	9
3106	6
3107	1
3108	4
3109	5
3110	1
3111	6
3112	5
3113	5
3114	6
3115	5
3116	6
3117	7
3118	4
3119	7
3120	7
3121	5
3122	7
3123	4
3124	10
3125	4
3126	2
3127	3
3128	3
3129	5
3130	5
3131	7
3132	4
3133	6
3134	5
3135	8
3136	4
3137	2
3138	2
3139	5
3140	8
3141	4
3142	6
3143	7
3144	8
3145	4
3146	6
3147	5
3148	5
3149	5
3150	4
3151	8
3152	9
3153	3
3154	10
3155	3
3156	9
3157	2
3158	3
3159	3
3160	7
3161	4
3162	3
3163	2
3164	1
3165	5
3166	6
3167	5
3168	4
3169	4
3170	4
3171	1
3172	2
3173	7
3174	2
3175	5
3176	7
3177	5
3178	4
3179	5
3180	4
3181	7
3182	4
3183	6
3184	4
3185	4
3186	6
3187	4
3188	2
3189	6
3190	7
3191	4
3192	9
3193	7
3194	6
3195	6
3196	5
3197	4
3198	2
3199	4
3200	4
3201	4
3202	6
3203	6
3204	6
3205	4
3206	2
3207	3
3208	9
3209	4
3210	5
3211	8
3212	4
3213	4
3214	6
3215	5
3216	6
3217	4
3218	6
3219	5
3220	6
3221	6
3222	4
3223	6
3224	6
3225	3
3226	2
3227	4
3228	1
3229	5
3230	8
3231	5
3232	10
3233	6
3234	3
3235	5
3236	2
3237	3
3238	5
3239	4
3240	3
3241	7
3242	7
3243	7
3244	2
3245	5
3246	6
3247	4
3248	3
3249	8
3250	2
3251	2
3252	4
3253	4
3254	3
3255	9
3256	4
3257	5
3258	5
3259	6
3260	2
3261	2
3262	2
3263	3
3264	6
3265	4
3266	10
3267	4
3268	3
3269	5
3270	4
3271	2
3272	6
3273	6
3274	4
3275	4
3276	8
3277	5
3278	2
3279	6
3280	8
3281	5
3282	7
3283	4
3284	4
3285	3
3286	1
3287	3
3288	3
3289	6
3290	3
3291	3
3292	3
3293	7
3294	10
3295	3
3296	5
3297	3
3298	10
3299	6
3300	5
3301	3
3302	7
3303	3
3304	3
3305	6
3306	4
3307	6
3308	3
3309	7
3310	3
3311	5
3312	3
3313	2
3314	9
3315	3
3316	2
3317	6
3318	5
3319	4
3320	6
3321	7
3322	5
3323	4
3324	4
3325	6
3326	5
3327	5
3328	5
3329	2
3330	3
3331	8
3332	7
3333	3
3334	5
3335	2
3336	6
3337	4
3338	6
3339	5
3340	5
3341	2
3342	2
3343	6
3344	7
3345	5
3346	4
3347	4
3348	6
3349	7
3350	4
3351	2
3352	6
3353	4
3354	6
3355	7
3356	5
3357	3
3358	2
3359	2
3360	2
3361	2
3362	7
3363	3
3364	6
3365	4
3366	6
3367	7
3368	5
3369	5
3370	3
3371	11
3372	4
3373	5
3374	5
3375	4
3376	7
3377	1
3378	2
3379	6
3380	4
3381	3
3382	4
3383	4
3384	3
3385	5
3386	2
3387	9
3388	3
3389	2
3390	3
3391	2
3392	5
3393	4
3394	2
3395	4
3396	7
3397	8
3398	5
3399	3
3400	4
3401	1
3402	8
3403	7
3404	5
3405	1
3406	12
3407	4
3408	6
3409	2
3410	7
3411	6
3412	4
3413	5
3414	2
3415	1
3416	5
3417	3
3418	4
3419	3
3420	2
3421	9
3422	4
3423	4
3424	6
3425	2
3426	2
3427	4
3428	3
3429	3
3430	2
3431	2
3432	5
3433	3
3434	3
3435	3
3436	2
3437	2
3438	4
3439	5
3440	5
3441	4
3442	1
3443	6
3444	4
3445	3
3446	1
3447	5
3448	2
3449	4
3450	8
3451	8
3452	7
3453	3
3454	1
3455	2
3456	5
3457	3
3458	6
3459	3
3460	0
3461	1
3462	4
3463	4
3464	1
3465	6
3466	7
3467	3
3468	1
3469	3
3470	6
3471	8
3472	3
3473	2
3474	5
3475	6
3476	5
3477	4
3478	3
3479	4
3480	4
3481	4
3482	3
3483	2
3484	6
3485	4
3486	5
3487	3
3488	3
3489	6
3490	9
3491	6
3492	4
3493	4
3494	3
3495	9
3496	5
3497	4
3498	5
3499	2
3500	5
3501	3
3502	2
3503	7
3504	3
3505	2
3506	3
3507	8
3508	4
3509	2
3510	6
3511	6
3512	1
3513	3
3514	3
3515	3
3516	5
3517	7
3518	7
3519	5
3520	9
3521	7
3522	2
3523	3
3524	2
3525	2
3526	4
3527	4
3528	6
3529	8
3530	3
3531	5
3532	4
3533	7
3534	5
3535	5
3536	4
3537	7
3538	6
3539	2
3540	6
3541	1
3542	2
3543	6
3544	9
3545	7
3546	2
3547	9
3548	5
3549	3
3550	3
3551	5
3552	5
3553	6
3554	2
3555	6
3556	7
3557	1
3558	3
3559	8
3560	2
3561	9
3562	4
3563	3
3564	6
3565	1
3566	4
3567	4
3568	6
3569	6
3570	5
3571	5
3572	5
3573	4
3574	3
3575	4
3576	3
3577	2
3578	5
3579	4
3580	4
3581	2
3582	4
3583	4
3584	3
3585	4
3586	7
3587	2
3588	4
3589	2
3590	6
3591	3
3592	4
3593	3
3594	3
3595	5
3596	2
3597	4
3598	6
3599	6
3600	5
3601	4
3602	3
3603	6
3604	3
3605	4
3606	4
3607	7
3608	3
3609	4
3610	5
3611	4
3612	3
3613	3
3614	4
3615	5
3616	0
3617	5
3618	6
3619	4
3620	2
3621	7
3622	7
3623	3
3624	6
3625	8
3626	7
3627	6
3628	2
3629	6
3630	2
3631	2
3632	1
3633	4
3634	6
3635	4
3636	3
3637	2
3638	2
3639	4
3640	2
3641	4
3642	4
3643	4
3644	1
3645	7
3646	5
3647	3
3648	2
3649	5
3650	3
3651	2
3652	6
3653	4
3654	3
3655	2
3656	3
3657	3
3658	8
3659	4
3660	1
3661	7
3662	1
3663	2
3664	7
3665	3
3666	0
3667	5
3668	4
3669	2
3670	4
3671	4
3672	0
3673	5
3674	3
3675	2
3676	2
3677	2
3678	6
3679	1
3680	3
3681	3
3682	4
3683	3
3684	2
3685	4
3686	5
3687	5
3688	2
3689	2
3690	2
3691	2
3692	6
3693	1
3694	6
3695	3
3696	7
3697	4
3698	2
3699	4
3700	2
3701	4
3702	4
3703	6
3704	3
3705	2
3706	6
3707	3
3708	4
3709	6
3710	3
3711	3
3712	2
3713	7
3714	3
3715	1
3716	8
3717	6
3718	3
3719	0
3720	7
3721	2
3722	3
3723	3
3724	5
3725	3
3726	4
3727	1
3728	5
3729	4
3730	4
3731	4
3732	4
3733	7
3734	4
3735	1
3736	8
3737	2
3738	6
3739	3
3740	5
3741	6
3742	0
3743	3
3744	2
3745	2
3746	5
3747	6
3748	3
3749	6
3750	5
3751	1
3752	4
3753	5
3754	2
3755	7
3756	5
3757	0
3758	3
3759	1
3760	6
3761	4
3762	4
3763	5
3764	3
3765	3
3766	2
3767	4
3768	4
3769	5
3770	4
3771	3
3772	6
3773	2
3774	7
3775	3
3776	1
3777	4
3778	2
3779	4
3780	2
3781	1
3782	4
3783	7
3784	4
3785	7
3786	3
3787	6
3788	6
3789	5
3790	1
3791	2
3792	4
3793	3
3794	3
3795	6
3796	4
3797	1
3798	3
3799	6
3800	1
3801	9
3802	4
3803	2
3804	2
3805	6
3806	3
3807	4
3808	3
3809	5
3810	3
3811	6
3812	6
3813	5
3814	4
3815	0
3816	1
3817	5
3818	2
3819	5
3820	6
3821	4
3822	4
3823	2
3824	1
3825	5
3826	4
3827	5
3828	2
3829	2
3830	2
3831	1
3832	5
3833	2
3834	4
3835	4
3836	5
3837	4
3838	5
3839	3
3840	2
3841	1
3842	2
3843	8
3844	1
3845	2
3846	4
3847	8
3848	6
3849	2
3850	4
3851	5
3852	3
3853	5
3854	2
3855	4
3856	2
3857	4
3858	5
3859	8
3860	0
3861	4
3862	5
3863	5
3864	2
3865	1
3866	5
3867	4
3868	9
3869	3
3870	6
3871	5
3872	4
3873	5
3874	4
3875	5
3876	1
3877	3
3878	1
3879	2
3880	3
3881	2
3882	1
3883	3
3884	4
3885	1
3886	4
3887	2
3888	3
3889	5
3890	2
3891	6
3892	2
3893	2
3894	4
3895	1
3896	5
3897	4
3898	3
3899	1
3900	2
3901	8
3902	2
3903	4
3904	4
3905	6
3906	4
3907	4
3908	3
3909	3
3910	6
3911	6
3912	2
3913	2
3914	6
3915	2
3916	1
3917	3
3918	2
3919	3
3920	3
3921	7
3922	4
3923	1
3924	3
3925	5
3926	5
3927	3
3928	1
3929	3
3930	1
3931	1
3932	5
3933	5
3934	4
3935	2
3936	5
3937	4
3938	5
3939	3
3940	5
3941	6
3942	1
3943	5
3944	0
3945	2
3946	3
3947	2
3948	2
3949	1
3950	1
3951	5
3952	2
3953	4
3954	3
3955	3
3956	5
3957	7
3958	2
3959	0
3960	5
3961	1
3962	5
3963	6
3964	4
3965	6
3966	1
3967	6
3968	4
3969	5
3970	3
3971	1
3972	4
3973	4
3974	1
3975	2
3976	5
3977	6
3978	5
3979	3
3980	2
3981	5
3982	2
3983	3
3984	3
3985	4
3986	4
3987	4
3988	2
3989	5
3990	3
3991	6
3992	3
3993	2
3994	3
3995	1
3996	3
3997	1
3998	3
3999	3
4000	2
4001	1
4002	1
4003	2
4004	3
4005	4
4006	2
4007	3
4008	5
4009	4
4010	5
4011	2
4012	2
4013	8
4014	1
4015	2
4016	2
4017	8
4018	3
4019	5
4020	4
4021	4
4022	3
4023	5
4024	2
4025	3
4026	3
4027	4
4028	4
4029	6
4030	7
4031	4
4032	3
4033	5
4034	5
4035	3
4036	3
4037	3
4038	1
4039	4
4040	5
4041	3
4042	1
4043	5
4044	4
4045	3
4046	5
4047	4
4048	4
4049	6
4050	2
4051	4
4052	6
4053	4
4054	3
4055	6
4056	2
4057	1
4058	4
4059	3
4060	1
4061	5
4062	5
4063	5
4064	3
4065	6
4066	0
4067	3
4068	5
4069	2
4070	1
4071	2
4072	4
4073	7
4074	1
4075	1
4076	1
4077	0
4078	1
4079	4
4080	4
4081	4
4082	3
4083	3
4084	2
4085	3
4086	3
4087	4
4088	5
4089	2
4090	2
4091	4
4092	2
4093	4
4094	2
4095	1
4096	5
4097	4
4098	6
4099	5
4100	5
4101	4
4102	3
4103	1
4104	5
4105	4
4106	5
4107	4
4108	1
4109	6
4110	3
4111	3
4112	1
4113	3
4114	6
4115	4
4116	5
4117	3
4118	3
4119	2
4120	3
4121	5
4122	1
4123	2
4124	2
4125	1
4126	2
4127	1
4128	3
4129	2
4130	5
4131	3
4132	2
4133	5
4134	4
4135	4
4136	2
4137	4
4138	6
4139	3
4140	2
4141	1
4142	5
4143	4
4144	1
4145	4
4146	7
4147	5
4148	5
4149	3
4150	9
4151	2
4152	3
4153	0
4154	5
4155	3
4156	2
4157	6
4158	7
4159	7
4160	3
4161	2
4162	3
4163	6
4164	0
4165	3
4166	3
4167	6
4168	3
4169	4
4170	4
4171	4
4172	6
4173	3
4174	7
4175	3
4176	4
4177	2
4178	1
4179	5
4180	1
4181	6
4182	1
4183	3
4184	3
4185	1
4186	5
4187	7
4188	8
4189	5
4190	1
4191	5
4192	4
4193	3
4194	4
4195	2
4196	4
4197	2
4198	4
4199	2
4200	3
4201	5
4202	0
4203	3
4204	4
4205	5
4206	0
4207	4
4208	4
4209	6
4210	4
4211	5
4212	5
4213	5
4214	3
4215	0
4216	1
4217	3
4218	6
4219	2
4220	1
4221	3
4222	3
4223	4
4224	5
4225	8
4226	3
4227	4
4228	4
4229	4
4230	1
4231	3
4232	3
4233	1
4234	5
4235	4
4236	5
4237	1
4238	7
4239	1
4240	1
4241	2
4242	6
4243	2
4244	5
4245	3
4246	3
4247	4
4248	4
4249	7
4250	0
4251	1
4252	2
4253	2
4254	5
4255	2
4256	2
4257	4
4258	5
4259	2
4260	2
4261	3
4262	3
4263	3
4264	4
4265	4
4266	1
4267	5
4268	2
4269	5
4270	3
4271	5
4272	2
4273	6
4274	5
4275	1
4276	3
4277	1
4278	3
4279	1
4280	5
4281	4
4282	3
4283	4
4284	5
4285	7
4286	4
4287	5
4288	4
4289	3
4290	1
4291	0
4292	2
4293	1
4294	2
4295	2
4296	2
4297	3
4298	3
4299	2
4300	4
4301	2
4302	2
4303	2
4304	6
4305	2
4306	2
4307	3
4308	1
4309	2
4310	3
4311	6
4312	3
4313	0
4314	1
4315	5
4316	1
4317	4
4318	3
4319	2
4320	5
4321	3
4322	4
4323	5
4324	4
4325	7
4326	2
4327	3
4328	8
4329	5
4330	4
4331	4
4332	3
4333	8
4334	0
4335	3
4336	3
4337	4
4338	2
4339	5
4340	5
4341	3
4342	2
4343	3
4344	4
4345	2
4346	2
4347	2
4348	1
4349	3
4350	2
4351	3
4352	4
4353	5
4354	2
4355	2
4356	3
4357	2
4358	4
4359	3
4360	3
4361	2
4362	5
4363	4
4364	3
4365	5
4366	3
4367	4
4368	4
4369	7
4370	2
4371	4
4372	3
4373	4
4374	1
4375	1
4376	3
4377	3
4378	7
4379	4
4380	3
4381	9
4382	3
4383	6
4384	3
4385	8
4386	5
4387	1
4388	7
4389	5
4390	3
4391	0
4392	2
4393	2
4394	4
4395	4
4396	3
4397	3
4398	1
4399	3
4400	1
4401	1
4402	4
4403	3
4404	5
4405	4
4406	5
4407	3
4408	8
4409	1
4410	4
4411	3
4412	2
4413	3
4414	6
4415	2
4416	3
4417	3
4418	2
4419	4
4420	5
4421	3
4422	4
4423	4
4424	4
4425	2
4426	2
4427	5
4428	2
4429	3
4430	0
4431	6
4432	3
4433	3
4434	3
4435	4
4436	7
4437	7
4438	3
4439	6
4440	1
4441	4
4442	3
4443	0
4444	3
4445	1
4446	2
4447	2
4448	2
4449	4
4450	2
4451	1
4452	5
4453	2
4454	3
4455	2
4456	3
4457	4
4458	3
4459	1
4460	3
4461	5
4462	7
4463	2
4464	5
4465	2
4466	4
4467	4
4468	3
4469	3
4470	5
4471	1
4472	0
4473	3
4474	2
4475	4
4476	1
4477	1
4478	5
4479	3
4480	2
4481	0
4482	4
4483	4
4484	1
4485	5
4486	2
4487	3
4488	3
4489	3
4490	1
4491	2
4492	1
4493	1
4494	2
4495	1
4496	4
4497	6
4498	3
4499	2
4500	0
4501	5
4502	2
4503	2
4504	3
4505	1
4506	5
4507	2
4508	6
4509	4
4510	4
4511	6
4512	4
4513	3
4514	1
4515	1
4516	3
4517	2
4518	5
4519	3
4520	3
4521	3
4522	1
4523	5
4524	2
4525	1
4526	2
4527	3
4528	2
4529	3
4530	0
4531	2
4532	3
4533	3
4534	3
4535	3
4536	4
4537	1
4538	3
4539	3
4540	6
4541	4
4542	2
4543	3
4544	4
4545	3
4546	0
4547	3
4548	4
4549	3
4550	7
4551	3
4552	2
4553	6
4554	4
4555	4
4556	2
4557	3
4558	3
4559	4
4560	3
4561	1
4562	0
4563	4
4564	3
4565	4
4566	1
4567	2
4568	2
4569	1
4570	3
4571	2
4572	4
4573	6
4574	5
4575	2
4576	5
4577	3
4578	3
4579	4
4580	3
4581	2
4582	1
4583	5
4584	2
4585	1
4586	3
4587	0
4588	5
4589	2
4590	4
4591	4
4592	4
4593	3
4594	5
4595	0
4596	3
4597	3
4598	6
4599	3
4600	1
4601	2
4602	3
4603	3
4604	1
4605	5
4606	3
4607	5
4608	3
4609	3
4610	1
4611	2
4612	3
4613	3
4614	1
4615	3
4616	3
4617	2
4618	4
4619	3
4620	2
4621	4
4622	6
4623	5
4624	2
4625	2
4626	3
4627	1
4628	3
4629	2
4630	2
4631	5
4632	2
4633	3
4634	0
4635	3
4636	4
4637	1
4638	3
4639	0
4640	1
4641	3
4642	0
4643	5
4644	2
4645	3
4646	5
4647	4
4648	3
4649	1
4650	5
4651	3
4652	2
4653	1
4654	2
4655	6
4656	2
4657	6
4658	3
4659	3
4660	2
4661	2
4662	2
4663	2
4664	5
4665	4
4666	2
4667	5
4668	3
4669	1
4670	3
4671	3
4672	3
4673	3
4674	1
4675	2
4676	1
4677	7
4678	5
4679	3
4680	2
4681	5
4682	0
4683	3
4684	2
4685	1
4686	1
4687	2
4688	5
4689	4
4690	2
4691	3
4692	6
4693	2
4694	3
4695	2
4696	6
4697	3
4698	3
4699	4
4700	5
4701	0
4702	3
4703	3
4704	5
4705	4
4706	4
4707	3
4708	2
4709	4
4710	4
4711	2
4712	1
4713	4
4714	4
4715	1
4716	2
4717	2
4718	1
4719	5
4720	1
4721	3
4722	7
4723	1
4724	4
4725	2
4726	1
4727	2
4728	2
4729	2
4730	2
4731	4
4732	3
4733	4
4734	4
4735	1
4736	1
4737	2
4738	4
4739	2
4740	0
4741	2
4742	1
4743	1
4744	0
4745	3
4746	2
4747	1
4748	1
4749	1
4750	5
4751	3
4752	2
4753	3
4754	1
4755	1
4756	5
4757	1
4758	5
4759	3
4760	3
4761	4
4762	2
4763	1
4764	3
4765	4
4766	1
4767	4
4768	3
4769	5
4770	4
4771	5
4772	0
4773	4
4774	6
4775	3
4776	3
4777	4
4778	2
4779	3
4780	6
4781	2
4782	2
4783	6
4784	4
4785	2
4786	3
4787	0
4788	8
4789	6
4790	3
4791	2
4792	2
4793	1
4794	3
4795	3
4796	2
4797	4
4798	6
4799	2
4800	5
4801	5
4802	6
4803	3
4804	2
4805	2
4806	2
4807	4
4808	2
4809	3
4810	1
4811	5
4812	3
4813	6
4814	2
4815	4
4816	2
4817	3
4818	2
4819	2
4820	7
4821	2
4822	2
4823	2
4824	3
4825	2
4826	1
4827	0
4828	4
4829	5
4830	2
4831	3
4832	4
4833	8
4834	1
4835	4
4836	0
4837	1
4838	2
4839	1
4840	4
4841	0
4842	3
4843	2
4844	3
4845	3
4846	2
4847	1
4848	1
4849	1
4850	5
4851	4
4852	4
4853	1
4854	3
4855	2
4856	2
4857	3
4858	2
4859	3
4860	4
4861	2
4862	1
4863	4
4864	5
4865	6
4866	2
4867	3
4868	0
4869	3
4870	2
4871	4
4872	2
4873	2
4874	8
4875	3
4876	5
4877	3
4878	1
4879	2
4880	3
4881	3
4882	4
4883	8
4884	5
4885	0
4886	0
4887	5
4888	4
4889	3
4890	3
4891	3
4892	5
4893	2
4894	1
4895	3
4896	1
4897	3
4898	3
4899	0
4900	2
4901	3
4902	1
4903	0
4904	2
4905	2
4906	4
4907	3
4908	2
4909	3
4910	3
4911	0
4912	2
4913	6
4914	0
4915	4
4916	4
4917	3
4918	4
4919	1
4920	4
4921	4
4922	1
4923	0
4924	3
4925	4
4926	5
4927	3
4928	0
4929	2
4930	1
4931	5
4932	1
4933	2
4934	2
4935	1
4936	4
4937	2
4938	2
4939	5
4940	0
4941	4
4942	3
4943	6
4944	0
4945	2
4946	2
4947	2
4948	2
4949	1
4950	3
4951	3
4952	1
4953	4
4954	2
4955	2
4956	1
4957	6
4958	2
4959	3
4960	1
4961	3
4962	0
4963	2
4964	5
4965	1
4966	4
4967	3
4968	5
4969	4
4970	1
4971	4
4972	1
4973	2
4974	2
4975	2
4976	4
4977	2
4978	3
4979	2
4980	3
4981	3
4982	3
4983	5
4984	1
4985	3
4986	2
4987	4
4988	2
4989	0
4990	2
4991	2
4992	5
4993	2
4994	1
4995	2
4996	2
4997	2
4998	5
4999	3
5000	0
5001	2
5002	4
5003	4
5004	0
5005	0
5006	4
5007	4
5008	2
5009	2
5010	4
5011	2
5012	4
5013	2
5014	2
5015	4
5016	4
5017	4
5018	3
5019	3
5020	5
5021	2
5022	3
5023	0
5024	5
5025	2
5026	4
5027	3
5028	7
5029	2
5030	3
5031	3
5032	3
5033	1
5034	2
5035	3
5036	2
5037	4
5038	2
5039	3
5040	2
5041	3
5042	3
5043	1
5044	4
5045	2
5046	4
5047	2
5048	4
5049	3
5050	3
5051	4
5052	1
5053	7
5054	1
5055	2
5056	2
5057	4
5058	2
5059	3
5060	2
5061	6
5062	2
5063	2
5064	3
5065	4
5066	6
5067	4
5068	4
5069	4
5070	4
5071	1
5072	4
5073	1
5074	2
5075	2
5076	0
5077	5
5078	0
5079	4
5080	2
5081	6
5082	3
5083	3
5084	0
5085	4
5086	6
5087	2
5088	4
5089	6
5090	1
5091	2
5092	2
5093	3
5094	3
5095	1
5096	2
5097	4
5098	2
5099	2
5100	3
5101	3
5102	3
5103	5
5104	1
5105	6
5106	5
5107	5
5108	1
5109	3
5110	3
5111	2
5112	1
5113	0
5114	2
5115	2
5116	2
5117	5
5118	4
5119	3
5120	1
5121	1
5122	5
5123	3
5124	1
5125	4
5126	1
5127	4
5128	2
5129	4
5130	3
5131	1
5132	2
5133	2
5134	2
5135	0
5136	3
5137	1
5138	5
5139	2
5140	5
5141	4
5142	3
5143	2
5144	2
5145	2
5146	0
5147	2
5148	1
5149	1
5150	2
5151	2
5152	1
5153	3
5154	3
5155	3
5156	5
5157	4
5158	2
5159	5
5160	3
5161	2
5162	3
5163	3
5164	3
5165	2
5166	2
5167	0
5168	3
5169	1
5170	6
5171	2
5172	1
5173	2
5174	3
5175	4
5176	3
5177	3
5178	1
5179	2
5180	4
5181	4
5182	4
5183	0
5184	6
5185	3
5186	2
5187	3
5188	1
5189	3
5190	2
5191	2
5192	4
5193	2
5194	1
5195	3
5196	4
5197	0
5198	3
5199	3
5200	2
5201	3
5202	5
5203	0
5204	3
5205	1
5206	6
5207	2
5208	2
5209	1
5210	1
5211	1
5212	2
5213	3
5214	2
5215	3
5216	2
5217	3
5218	5
5219	1
5220	0
5221	1
5222	1
5223	2
5224	5
5225	0
5226	1
5227	4
5228	5
5229	1
5230	3
5231	3
5232	3
5233	2
5234	6
5235	4
5236	5
5237	0
5238	3
5239	2
5240	9
5241	1
5242	4
5243	3
5244	1
5245	3
5246	2
5247	2
5248	1
5249	1
5250	1
5251	5
5252	1
5253	2
5254	1
5255	3
5256	5
5257	2
5258	2
5259	6
5260	1
5261	1
5262	2
5263	4
5264	4
5265	0
5266	3
5267	5
5268	2
5269	5
5270	3
5271	1
5272	2
5273	5
5274	5
5275	4
5276	2
5277	3
5278	5
5279	5
5280	1
5281	2
5282	3
5283	1
5284	3
5285	1
5286	3
5287	0
5288	3
5289	2
5290	3
5291	2
5292	4
5293	1
5294	1
5295	1
5296	5
5297	2
5298	2
5299	4
5300	4
5301	1
5302	2
5303	2
5304	1
5305	4
5306	2
5307	1
5308	1
5309	2
5310	2
5311	1
5312	2
5313	0
5314	2
5315	1
5316	2
5317	1
5318	3
5319	2
5320	2
5321	2
5322	0
5323	2
5324	3
5325	0
5326	1
5327	4
5328	5
5329	4
5330	2
5331	1
5332	1
5333	4
5334	2
5335	3
5336	2
5337	2
5338	1
5339	3
5340	2
5341	2
5342	1
5343	2
5344	3
5345	2
5346	3
5347	0
5348	2
5349	4
5350	2
5351	3
5352	3
5353	3
5354	1
5355	2
5356	3
5357	1
5358	2
5359	1
5360	3
5361	5
5362	4
5363	1
5364	4
5365	3
5366	3
5367	2
5368	1
5369	2
5370	2
5371	3
5372	0
5373	2
5374	3
5375	2
5376	1
5377	3
5378	4
5379	2
5380	2
5381	2
5382	6
5383	2
5384	7
5385	0
5386	2
5387	3
5388	2
5389	6
5390	2
5391	2
5392	3
5393	2
5394	4
5395	5
5396	1
5397	1
5398	5
5399	0
5400	2
5401	1
5402	1
5403	3
5404	3
5405	2
5406	3
5407	3
5408	3
5409	2
5410	2
5411	0
5412	6
5413	1
5414	1
5415	5
5416	0
5417	3
5418	4
5419	6
5420	2
5421	5
5422	2
5423	3
5424	5
5425	2
5426	2
5427	4
5428	1
5429	6
5430	7
5431	2
5432	0
5433	0
5434	3
5435	3
5436	3
5437	2
5438	3
5439	1
5440	1
5441	4
5442	4
5443	3
5444	1
5445	2
5446	0
5447	0
5448	2
5449	0
5450	1
5451	5
5452	5
5453	2
5454	3
5455	0
5456	0
5457	4
5458	1
5459	5
5460	1
5461	1
5462	1
5463	2
5464	3
5465	0
5466	2
5467	4
5468	4
5469	5
5470	1
5471	1
5472	4
5473	2
5474	5
5475	3
5476	1
5477	1
5478	6
5479	3
5480	4
5481	2
5482	3
5483	2
5484	3
5485	1
5486	2
5487	5
5488	5
5489	0
5490	1
5491	2
5492	1
5493	1
5494	2
5495	1
5496	1
5497	1
5498	3
5499	5
5500	2
5501	3
5502	0
5503	1
5504	0
5505	2
5506	1
5507	4
5508	4
5509	2
5510	3
5511	1
5512	2
5513	2
5514	1
5515	2
5516	3
5517	0
5518	0
5519	1
5520	1
5521	2
5522	4
5523	1
5524	1
5525	1
5526	0
5527	2
5528	2
5529	6
5530	5
5531	6
5532	4
5533	5
5534	1
5535	1
5536	3
5537	4
5538	4
5539	1
5540	1
5541	2
5542	0
5543	5
5544	7
5545	4
5546	2
5547	3
5548	3
5549	3
5550	3
5551	3
5552	3
5553	1
5554	1
5555	3
5556	0
5557	2
5558	1
5559	2
5560	3
5561	2
5562	2
5563	4
5564	4
5565	5
5566	5
5567	3
5568	3
5569	3
5570	3
5571	2
5572	2
5573	5
5574	3
5575	5
5576	1
5577	4
5578	5
5579	1
5580	0
5581	1
5582	3
5583	0
5584	0
5585	1
5586	7
5587	3
5588	4
5589	4
5590	1
5591	3
5592	4
5593	2
5594	4
5595	3
5596	1
5597	4
5598	0
5599	1
5600	1
5601	1
5602	3
5603	2
5604	3
5605	1
5606	2
5607	1
5608	0
5609	0
5610	3
5611	5
5612	2
5613	1
5614	1
5615	1
5616	0
5617	3
5618	1
5619	1
5620	0
5621	2
5622	1
5623	1
5624	1
5625	5
5626	1
5627	2
5628	1
5629	1
5630	4
5631	4
5632	0
5633	6
5634	1
5635	2
5636	1
5637	2
5638	1
5639	5
5640	5
5641	3
5642	2
5643	2
5644	3
5645	3
5646	1
5647	4
5648	1
5649	5
5650	1
5651	1
5652	2
5653	3
5654	0
5655	2
5656	6
5657	1
5658	3
5659	0
5660	3
5661	0
5662	2
5663	2
5664	5
5665	1
5666	4
5667	3
5668	0
5669	3
5670	4
5671	6
5672	0
5673	3
5674	0
5675	3
5676	0
5677	1
5678	3
5679	2
5680	3
5681	1
5682	3
5683	3
5684	3
5685	4
5686	3
5687	3
5688	3
5689	3
5690	2
5691	1
5692	1
5693	2
5694	5
5695	5
5696	1
5697	1
5698	0
5699	1
5700	7
5701	3
5702	2
5703	1
5704	1
5705	1
5706	3
5707	3
5708	4
5709	3
5710	5
5711	2
5712	3
5713	3
5714	0
5715	2
5716	1
5717	2
5718	3
5719	1
5720	3
5721	3
5722	2
5723	4
5724	3
5725	2
5726	1
5727	2
5728	0
5729	4
5730	0
5731	2
5732	4
5733	2
5734	2
5735	0
5736	1
5737	2
5738	3
5739	3
5740	4
5741	1
5742	2
5743	1
5744	1
5745	2
5746	3
5747	3
5748	2
5749	6
5750	1
5751	1
5752	3
5753	4
5754	3
5755	1
5756	2
5757	2
5758	0
5759	1
5760	1
5761	2
5762	0
5763	4
5764	3
5765	0
5766	0
5767	0
5768	3
5769	4
5770	2
5771	2
5772	0
5773	1
5774	2
5775	9
5776	3
5777	2
5778	5
5779	1
5780	2
5781	6
5782	3
5783	3
5784	0
5785	4
5786	3
5787	3
5788	0
5789	0
5790	6
5791	2
5792	2
5793	1
5794	1
5795	2
5796	0
5797	5
5798	0
5799	2
5800	1
5801	2
5802	2
5803	2
5804	1
5805	5
5806	1
5807	7
5808	0
5809	2
5810	2
5811	2
5812	1
5813	5
5814	2
5815	1
5816	0
5817	1
5818	3
5819	1
5820	3
5821	2
5822	0
5823	5
5824	2
5825	3
5826	0
5827	0
5828	2
5829	2
5830	1
5831	0
5832	2
5833	3
5834	3
5835	2
5836	1
5837	3
5838	1
5839	2
5840	0
5841	4
5842	0
5843	2
5844	4
5845	3
5846	1
5847	1
5848	2
5849	2
5850	5
5851	1
5852	2
5853	2
5854	0
5855	2
5856	5
5857	0
5858	3
5859	2
5860	0
5861	1
5862	3
5863	0
5864	2
5865	1
5866	1
5867	1
5868	5
5869	1
5870	1
5871	4
5872	1
5873	3
5874	4
5875	1
5876	2
5877	2
5878	3
5879	2
5880	2
5881	2
5882	1
5883	2
5884	6
5885	2
5886	3
5887	3
5888	4
5889	4
5890	3
5891	2
5892	1
5893	3
5894	1
5895	4
5896	1
5897	2
5898	3
5899	3
5900	3
5901	2
5902	4
5903	1
5904	2
5905	1
5906	0
5907	3
5908	3
5909	1
5910	5
5911	1
5912	2
5913	5
5914	2
5915	3
5916	2
5917	1
5918	5
5919	2
5920	3
5921	1
5922	7
5923	4
5924	4
5925	2
5926	2
5927	1
5928	2
5929	1
5930	2
5931	6
5932	0
5933	2
5934	1
5935	2
5936	3
5937	7
5938	1
5939	4
5940	3
5941	1
5942	3
5943	0
5944	4
5945	1
5946	1
5947	3
5948	0
5949	3
5950	3
5951	2
5952	2
5953	2
5954	3
5955	1
5956	3
5957	2
5958	1
5959	2
5960	2
5961	5
5962	2
5963	6
5964	2
5965	0
5966	3
5967	1
5968	0
5969	2
5970	3
5971	3
5972	1
5973	3
5974	3
5975	6
5976	2
5977	2
5978	3
5979	3
5980	3
5981	1
5982	1
5983	2
5984	0
5985	3
5986	4
5987	3
5988	4
5989	2
5990	3
5991	4
5992	4
5993	3
5994	3
5995	3
5996	4
5997	3
5998	4
5999	4
6000	2
6001	4
6002	3
6003	3
6004	3
6005	3
6006	6
6007	2
6008	1
6009	3
6010	3
6011	2
6012	2
6013	3
6014	4
6015	3
6016	2
6017	3
6018	2
6019	2
6020	1
6021	1
6022	1
6023	2
6024	3
6025	3
6026	1
6027	7
6028	3
6029	0
6030	1
6031	3
6032	0
6033	3
6034	2
6035	3
6036	2
6037	1
6038	1
6039	1
6040	2
6041	1
6042	1
6043	3
6044	3
6045	1
6046	1
6047	0
6048	5
6049	3
6050	3
6051	3
6052	2
6053	0
6054	3
6055	2
6056	1
6057	2
6058	4
6059	3
6060	1
6061	1
6062	2
6063	1
6064	2
6065	3
6066	2
6067	1
6068	1
6069	6
6070	1
6071	3
6072	2
6073	2
6074	0
6075	2
6076	5
6077	2
6078	2
6079	2
6080	1
6081	1
6082	0
6083	1
6084	2
6085	3
6086	1
6087	6
6088	0
6089	4
6090	6
6091	2
6092	3
6093	4
6094	4
6095	2
6096	1
6097	0
6098	5
6099	3
6100	1
6101	3
6102	4
6103	1
6104	1
6105	1
6106	1
6107	1
6108	2
6109	2
6110	2
6111	4
6112	2
6113	3
6114	4
6115	0
6116	2
6117	4
6118	3
6119	2
6120	2
6121	0
6122	2
6123	2
6124	2
6125	0
6126	3
6127	1
6128	2
6129	1
6130	0
6131	5
6132	3
6133	1
6134	3
6135	5
6136	4
6137	5
6138	2
6139	2
6140	0
6141	3
6142	1
6143	3
6144	4
6145	6
6146	2
6147	3
6148	0
6149	3
6150	4
6151	2
6152	3
6153	3
6154	3
6155	3
6156	1
6157	3
6158	1
6159	2
6160	0
6161	1
6162	2
6163	2
6164	3
6165	2
6166	2
6167	2
6168	2
6169	1
6170	1
6171	1
6172	2
6173	3
6174	4
6175	2
6176	1
6177	0
6178	1
6179	0
6180	3
6181	3
6182	3
6183	2
6184	1
6185	1
6186	2
6187	2
6188	3
6189	4
6190	2
6191	2
6192	3
6193	4
6194	2
6195	2
6196	2
6197	0
6198	2
6199	1
6200	3
6201	2
6202	2
6203	3
6204	4
6205	1
6206	1
6207	5
6208	3
6209	0
6210	2
6211	1
6212	2
6213	5
6214	6
6215	1
6216	0
6217	2
6218	1
6219	5
6220	2
6221	2
6222	4
6223	2
6224	6
6225	1
6226	7
6227	2
6228	2
6229	2
6230	4
6231	2
6232	2
6233	3
6234	2
6235	3
6236	1
6237	1
6238	2
6239	3
6240	0
6241	0
6242	3
6243	2
6244	5
6245	2
6246	3
6247	4
6248	2
6249	3
6250	1
6251	0
6252	0
6253	2
6254	2
6255	1
6256	2
6257	4
6258	2
6259	4
6260	3
6261	4
6262	2
6263	1
6264	2
6265	6
6266	3
6267	2
6268	2
6269	1
6270	5
6271	2
6272	2
6273	3
6274	2
6275	1
6276	1
6277	1
6278	3
6279	3
6280	1
6281	1
6282	1
6283	2
6284	0
6285	1
6286	4
6287	1
6288	1
6289	0
6290	4
6291	6
6292	1
6293	1
6294	3
6295	6
6296	3
6297	0
6298	2
6299	2
6300	0
6301	2
6302	2
6303	2
6304	4
6305	1
6306	1
6307	8
6308	2
6309	1
6310	2
6311	5
6312	1
6313	3
6314	2
6315	0
6316	3
6317	2
6318	2
6319	3
6320	0
6321	3
6322	3
6323	3
6324	1
6325	3
6326	0
6327	2
6328	3
6329	2
6330	5
6331	5
6332	2
6333	2
6334	2
6335	2
6336	1
6337	1
6338	1
6339	3
6340	2
6341	1
6342	1
6343	4
6344	1
6345	2
6346	5
6347	2
6348	1
6349	2
6350	3
6351	4
6352	2
6353	2
6354	1
6355	3
6356	2
6357	0
6358	5
6359	6
6360	1
6361	0
6362	2
6363	1
6364	1
6365	1
6366	5
6367	2
6368	4
6369	0
6370	3
6371	3
6372	1
6373	1
6374	3
6375	0
6376	1
6377	0
6378	2
6379	2
6380	3
6381	1
6382	2
6383	4
6384	2
6385	2
6386	5
6387	2
6388	2
6389	3
6390	1
6391	1
6392	0
6393	1
6394	2
6395	1
6396	0
6397	1
6398	3
6399	3
6400	3
6401	0
6402	4
6403	0
6404	1
6405	3
6406	2
6407	2
6408	5
6409	2
6410	4
6411	5
6412	2
6413	3
6414	3
6415	6
6416	3
6417	1
6418	2
6419	2
6420	2
6421	1
6422	1
6423	1
6424	4
6425	3
6426	2
6427	1
6428	2
6429	1
6430	4
6431	3
6432	1
6433	3
6434	2
6435	6
6436	1
6437	2
6438	4
6439	5
6440	1
6441	2
6442	1
6443	5
6444	2
6445	1
6446	1
6447	1
6448	0
6449	0
6450	2
6451	0
6452	0
6453	1
6454	2
6455	1
6456	4
6457	1
6458	3
6459	1
6460	1
6461	3
6462	3
6463	1
6464	0
6465	2
6466	3
6467	1
6468	2
6469	1
6470	2
6471	2
6472	3
6473	1
6474	0
6475	2
6476	3
6477	4
6478	0
6479	1
6480	2
6481	1
6482	1
6483	1
6484	2
6485	3
6486	1
6487	0
6488	2
6489	1
6490	2
6491	1
6492	0
6493	6
6494	2
6495	3
6496	1
6497	0
6498	3
6499	3
6500	3
6501	2
6502	3
6503	3
6504	0
6505	3
6506	1
6507	0
6508	3
6509	1
6510	0
6511	5
6512	3
6513	1
6514	1
6515	7
6516	2
6517	1
6518	5
6519	2
6520	1
6521	0
6522	1
6523	2
6524	2
6525	3
6526	2
6527	2
6528	3
6529	4
6530	3
6531	2
6532	1
6533	1
6534	2
6535	3
6536	2
6537	1
6538	0
6539	2
6540	2
6541	2
6542	1
6543	1
6544	5
6545	1
6546	1
6547	0
6548	4
6549	2
6550	1
6551	2
6552	3
6553	3
6554	1
6555	2
6556	2
6557	1
6558	2
6559	2
6560	3
6561	0
6562	2
6563	1
6564	2
6565	3
6566	3
6567	2
6568	6
6569	2
6570	2
6571	2
6572	1
6573	2
6574	0
6575	2
6576	0
6577	0
6578	2
6579	0
6580	1
6581	1
6582	1
6583	5
6584	4
6585	1
6586	0
6587	4
6588	3
6589	3
6590	1
6591	0
6592	5
6593	0
6594	3
6595	1
6596	1
6597	4
6598	2
6599	2
6600	6
6601	3
6602	1
6603	0
6604	6
6605	3
6606	3
6607	0
6608	1
6609	3
6610	4
6611	2
6612	4
6613	3
6614	1
6615	1
6616	3
6617	2
6618	1
6619	0
6620	2
6621	1
6622	0
6623	2
6624	2
6625	1
6626	6
6627	3
6628	2
6629	2
6630	2
6631	4
6632	0
6633	0
6634	4
6635	1
6636	2
6637	4
6638	1
6639	1
6640	2
6641	2
6642	3
6643	1
6644	2
6645	0
6646	0
6647	3
6648	5
6649	0
6650	2
6651	7
6652	3
6653	0
6654	1
6655	1
6656	3
6657	4
6658	1
6659	0
6660	3
6661	1
6662	2
6663	3
6664	2
6665	3
6666	1
6667	2
6668	8
6669	4
6670	5
6671	0
6672	3
6673	1
6674	2
6675	2
6676	2
6677	0
6678	2
6679	0
6680	2
6681	3
6682	2
6683	4
6684	1
6685	4
6686	1
6687	0
6688	5
6689	1
6690	2
6691	3
6692	8
6693	1
6694	3
6695	1
6696	2
6697	1
6698	1
6699	1
6700	3
6701	1
6702	3
6703	2
6704	3
6705	5
6706	1
6707	0
6708	3
6709	4
6710	1
6711	1
6712	2
6713	2
6714	4
6715	3
6716	1
6717	4
6718	1
6719	3
6720	2
6721	3
6722	2
6723	1
6724	3
6725	2
6726	3
6727	0
6728	2
6729	2
6730	1
6731	1
6732	0
6733	2
6734	1
6735	4
6736	0
6737	2
6738	2
6739	1
6740	1
6741	3
6742	2
6743	2
6744	3
6745	5
6746	1
6747	2
6748	4
6749	0
6750	4
6751	0
6752	3
6753	7
6754	1
6755	5
6756	3
6757	3
6758	0
6759	0
6760	1
6761	1
6762	2
6763	0
6764	3
6765	2
6766	1
6767	1
6768	2
6769	0
6770	0
6771	2
6772	2
6773	1
6774	2
6775	1
6776	1
6777	2
6778	2
6779	3
6780	2
6781	2
6782	0
6783	3
6784	1
6785	2
6786	1
6787	2
6788	1
6789	3
6790	1
6791	1
6792	4
6793	1
6794	3
6795	2
6796	1
6797	1
6798	1
6799	1
6800	0
6801	3
6802	1
6803	0
6804	1
6805	3
6806	2
6807	2
6808	1
6809	0
6810	3
6811	4
6812	1
6813	2
6814	2
6815	1
6816	5
6817	3
6818	3
6819	1
6820	1
6821	2
6822	3
6823	2
6824	4
6825	3
6826	1
6827	1
6828	3
6829	0
6830	2
6831	3
6832	4
6833	2
6834	0
6835	1
6836	1
6837	2
6838	1
6839	1
6840	1
6841	1
6842	4
6843	6
6844	1
6845	2
6846	1
6847	3
6848	1
6849	3
6850	2
6851	2
6852	2
6853	3
6854	1
6855	0
6856	4
6857	2
6858	4
6859	0
6860	3
6861	2
6862	0
6863	6
6864	1
6865	3
6866	2
6867	1
6868	3
6869	3
6870	2
6871	2
6872	1
6873	5
6874	2
6875	1
6876	1
6877	0
6878	1
6879	2
6880	1
6881	2
6882	0
6883	3
6884	7
6885	2
6886	2
6887	2
6888	2
6889	0
6890	1
6891	2
6892	1
6893	2
6894	1
6895	1
6896	6
6897	2
6898	4
6899	0
6900	2
6901	1
6902	0
6903	4
6904	1
6905	2
6906	2
6907	0
6908	0
6909	0
6910	7
6911	1
6912	4
6913	3
6914	2
6915	3
6916	0
6917	0
6918	3
6919	3
6920	3
6921	1
6922	1
6923	1
6924	3
6925	2
6926	4
6927	1
6928	1
6929	1
6930	2
6931	3
6932	1
6933	4
6934	1
6935	2
6936	2
6937	1
6938	1
6939	2
6940	2
6941	1
6942	1
6943	4
6944	1
6945	3
6946	1
6947	3
6948	6
6949	2
6950	0
6951	4
6952	1
6953	3
6954	1
6955	3
6956	2
6957	1
6958	3
6959	0
6960	1
6961	1
6962	0
6963	4
6964	2
6965	1
6966	3
6967	3
6968	2
6969	1
6970	1
6971	2
6972	2
6973	2
6974	2
6975	2
6976	1
6977	2
6978	1
6979	1
6980	1
6981	3
6982	2
6983	4
6984	2
6985	2
6986	4
6987	2
6988	0
6989	2
6990	0
6991	0
6992	0
6993	1
6994	1
6995	2
6996	1
6997	2
6998	2
6999	3
7000	1
7001	2
7002	4
7003	1
7004	1
7005	2
7006	2
7007	2
7008	0
7009	0
7010	2
7011	1
7012	2
7013	2
7014	1
7015	3
7016	3
7017	0
7018	2
7019	3
7020	1
7021	2
7022	0
7023	2
7024	0
7025	3
7026	0
7027	4
7028	0
7029	1
7030	2
7031	0
7032	2
7033	1
7034	1
7035	1
7036	1
7037	1
7038	3
7039	3
7040	2
7041	2
7042	1
7043	1
7044	1
7045	0
7046	3
7047	1
7048	1
7049	4
7050	0
7051	0
7052	3
7053	2
7054	1
7055	0
7056	4
7057	1
7058	4
7059	3
7060	3
7061	1
7062	4
7063	1
7064	0
7065	2
7066	1
7067	2
7068	3
7069	5
7070	1
7071	2
7072	1
7073	1
7074	1
7075	2
7076	4
7077	0
7078	1
7079	2
7080	2
7081	1
7082	4
7083	4
7084	3
7085	0
7086	2
7087	3
7088	4
7089	3
7090	0
7091	2
7092	2
7093	2
7094	1
7095	4
7096	0
7097	2
7098	2
7099	0
7100	0
7101	7
7102	2
7103	4
7104	0
7105	2
7106	2
7107	5
7108	0
7109	1
7110	3
7111	2
7112	0
7113	1
7114	3
7115	2
7116	4
7117	2
7118	1
7119	3
7120	0
7121	5
7122	2
7123	2
7124	3
7125	1
7126	2
7127	0
7128	6
7129	1
7130	1
7131	3
7132	0
7133	3
7134	2
7135	0
7136	1
7137	0
7138	2
7139	4
7140	6
7141	1
7142	3
7143	1
7144	1
7145	1
7146	4
7147	2
7148	2
7149	2
7150	3
7151	1
7152	1
7153	3
7154	3
7155	2
7156	3
7157	2
7158	3
7159	1
7160	1
7161	2
7162	1
7163	2
7164	4
7165	3
7166	1
7167	4
7168	1
7169	4
7170	0
7171	2
7172	0
7173	2
7174	4
7175	2
7176	5
7177	2
7178	3
7179	0
7180	0
7181	1
7182	1
7183	0
7184	2
7185	1
7186	3
7187	3
7188	5
7189	2
7190	3
7191	1
7192	3
7193	4
7194	1
7195	2
7196	0
7197	0
7198	1
7199	1
7200	3
7201	4
7202	4
7203	3
7204	1
7205	2
7206	0
7207	3
7208	2
7209	3
7210	1
7211	3
7212	2
7213	3
7214	0
7215	1
7216	2
7217	4
7218	4
7219	5
7220	3
7221	5
7222	3
7223	3
7224	4
7225	0
7226	0
7227	0
7228	1
7229	2
7230	1
7231	1
7232	3
7233	3
7234	1
7235	2
7236	0
7237	1
7238	2
7239	3
7240	2
7241	0
7242	1
7243	2
7244	1
7245	4
7246	3
7247	2
7248	1
7249	0
7250	2
7251	0
7252	6
7253	0
7254	1
7255	1
7256	0
7257	3
7258	3
7259	2
7260	1
7261	2
7262	4
7263	2
7264	1
7265	1
7266	3
7267	3
7268	1
7269	1
7270	1
7271	1
7272	0
7273	0
7274	4
7275	0
7276	2
7277	2
7278	2
7279	1
7280	0
7281	1
7282	3
7283	2
7284	1
7285	0
7286	3
7287	1
7288	6
7289	3
7290	3
7291	2
7292	0
7293	1
7294	2
7295	3
7296	1
7297	2
7298	3
7299	5
7300	2
7301	1
7302	2
7303	2
7304	3
7305	4
7306	3
7307	0
7308	0
7309	0
7310	0
7311	2
7312	2
7313	1
7314	0
7315	2
7316	3
7317	1
7318	4
7319	1
7320	1
7321	1
7322	1
7323	1
7324	4
7325	6
7326	2
7327	2
7328	3
7329	1
7330	0
7331	0
7332	2
7333	1
7334	1
7335	3
7336	2
7337	3
7338	0
7339	1
7340	4
7341	2
7342	3
7343	0
7344	1
7345	1
7346	1
7347	2
7348	2
7349	3
7350	2
7351	2
7352	3
7353	3
7354	0
7355	1
7356	3
7357	2
7358	3
7359	2
7360	1
7361	0
7362	0
7363	0
7364	0
7365	3
7366	2
7367	3
7368	2
7369	3
7370	1
7371	2
7372	2
7373	3
7374	3
7375	3
7376	0
7377	3
7378	1
7379	0
7380	1
7381	2
7382	1
7383	4
7384	3
7385	2
7386	1
7387	0
7388	0
7389	0
7390	0
7391	1
7392	3
7393	0
7394	2
7395	2
7396	2
7397	2
7398	1
7399	4
7400	0
7401	3
7402	1
7403	0
7404	1
7405	2
7406	4
7407	2
7408	3
7409	2
7410	3
7411	1
7412	6
7413	2
7414	4
7415	1
7416	2
7417	1
7418	2
7419	0
7420	1
7421	4
7422	1
7423	2
7424	6
7425	0
7426	3
7427	1
7428	1
7429	3
7430	2
7431	3
7432	1
7433	0
7434	1
7435	1
7436	0
7437	2
7438	3
7439	1
7440	2
7441	0
7442	2
7443	2
7444	2
7445	3
7446	3
7447	3
7448	1
7449	5
7450	3
7451	3
7452	1
7453	5
7454	1
7455	1
7456	1
7457	3
7458	3
7459	1
7460	4
7461	3
7462	1
7463	3
7464	1
7465	1
7466	1
7467	2
7468	1
7469	1
7470	1
7471	4
7472	1
7473	1
7474	3
7475	3
7476	3
7477	2
7478	2
7479	1
7480	7
7481	1
7482	1
7483	2
7484	0
7485	1
7486	1
7487	2
7488	2
7489	2
7490	2
7491	3
7492	1
7493	2
7494	1
7495	4
7496	2
7497	0
7498	2
7499	1
7500	0
7501	4
7502	2
7503	3
7504	2
7505	2
7506	4
7507	5
7508	3
7509	2
7510	1
7511	0
7512	0
7513	1
7514	2
7515	3
7516	1
7517	1
7518	1
7519	3
7520	5
7521	1
7522	4
7523	1
7524	3
7525	4
7526	2
7527	0
7528	4
7529	2
7530	3
7531	5
7532	2
7533	3
7534	8
7535	3
7536	3
7537	1
7538	2
7539	2
7540	0
7541	4
7542	0
7543	2
7544	0
7545	1
7546	0
7547	4
7548	3
7549	1
7550	3
7551	0
7552	1
7553	1
7554	1
7555	3
7556	2
7557	1
7558	2
7559	2
7560	4
7561	2
7562	0
7563	3
7564	4
7565	1
7566	4
7567	5
7568	0
7569	2
7570	2
7571	2
7572	2
7573	4
7574	1
7575	4
7576	3
7577	2
7578	1
7579	0
7580	2
7581	1
7582	1
7583	2
7584	0
7585	3
7586	1
7587	3
7588	4
7589	0
7590	1
7591	0
7592	2
7593	3
7594	5
7595	1
7596	1
7597	5
7598	2
7599	0
7600	3
7601	1
7602	0
7603	4
7604	1
7605	1
7606	2
7607	4
7608	2
7609	3
7610	3
7611	2
7612	1
7613	3
7614	1
7615	0
7616	1
7617	1
7618	2
7619	1
7620	0
7621	3
7622	3
7623	1
7624	0
7625	4
7626	1
7627	1
7628	1
7629	2
7630	1
7631	6
7632	1
7633	1
7634	3
7635	2
7636	1
7637	2
7638	0
7639	2
7640	4
7641	1
7642	0
7643	1
7644	1
7645	4
7646	2
7647	0
7648	0
7649	0
7650	1
7651	1
7652	0
7653	2
7654	3
7655	3
7656	2
7657	0
7658	2
7659	2
7660	1
7661	2
7662	4
7663	1
7664	3
7665	0
7666	0
7667	1
7668	0
7669	1
7670	0
7671	1
7672	1
7673	3
7674	3
7675	1
7676	1
7677	3
7678	1
7679	2
7680	1
7681	1
7682	2
7683	3
7684	5
7685	1
7686	4
7687	1
7688	2
7689	0
7690	3
7691	2
7692	3
7693	1
7694	2
7695	4
7696	2
7697	1
7698	2
7699	1
7700	2
7701	3
7702	5
7703	0
7704	1
7705	0
7706	1
7707	0
7708	2
7709	1
7710	4
7711	1
7712	3
7713	1
7714	2
7715	0
7716	5
7717	2
7718	4
7719	0
7720	1
7721	2
7722	4
7723	3
7724	3
7725	3
7726	3
7727	0
7728	1
7729	1
7730	0
7731	1
7732	2
7733	2
7734	1
7735	4
7736	2
7737	3
7738	3
7739	0
7740	3
7741	2
7742	1
7743	2
7744	2
7745	0
7746	2
7747	3
7748	1
7749	1
7750	1
7751	1
7752	2
7753	2
7754	2
7755	1
7756	3
7757	2
7758	2
7759	2
7760	1
7761	2
7762	2
7763	2
7764	4
7765	0
7766	2
7767	1
7768	2
7769	1
7770	2
7771	1
7772	1
7773	2
7774	2
7775	3
7776	0
7777	1
7778	4
7779	1
7780	1
7781	0
7782	2
7783	1
7784	1
7785	3
7786	2
7787	0
7788	0
7789	2
7790	2
7791	1
7792	1
7793	0
7794	2
7795	1
7796	1
7797	1
7798	2
7799	4
7800	1
7801	3
7802	3
7803	2
7804	3
7805	1
7806	1
7807	0
7808	4
7809	0
7810	0
7811	0
7812	0
7813	2
7814	3
7815	2
7816	3
7817	1
7818	0
7819	1
7820	1
7821	1
7822	2
7823	0
7824	2
7825	2
7826	0
7827	1
7828	1
7829	3
7830	2
7831	2
7832	1
7833	2
7834	0
7835	4
7836	2
7837	2
7838	1
7839	2
7840	2
7841	2
7842	2
7843	1
7844	1
7845	1
7846	0
7847	1
7848	1
7849	1
7850	1
7851	2
7852	3
7853	1
7854	2
7855	1
7856	1
7857	1
7858	0
7859	1
7860	2
7861	2
7862	4
7863	6
7864	1
7865	5
7866	2
7867	4
7868	1
7869	4
7870	0
7871	2
7872	0
7873	2
7874	1
7875	1
7876	1
7877	2
7878	2
7879	2
7880	1
7881	3
7882	2
7883	1
7884	1
7885	3
7886	0
7887	3
7888	3
7889	1
7890	3
7891	2
7892	1
7893	0
7894	5
7895	1
7896	2
7897	1
7898	3
7899	1
7900	1
7901	2
7902	2
7903	2
7904	1
7905	2
7906	1
7907	1
7908	1
7909	0
7910	1
7911	1
7912	1
7913	2
7914	3
7915	4
7916	3
7917	1
7918	0
7919	4
7920	1
7921	2
7922	2
7923	2
7924	1
7925	1
7926	1
7927	3
7928	2
7929	1
7930	1
7931	2
7932	2
7933	0
7934	3
7935	2
7936	3
7937	1
7938	1
7939	0
7940	1
7941	2
7942	1
7943	2
7944	0
7945	2
7946	1
7947	3
7948	2
7949	1
7950	1
7951	1
7952	2
7953	1
7954	4
7955	3
7956	2
7957	2
7958	1
7959	1
7960	2
7961	2
7962	2
7963	5
7964	2
7965	3
7966	0
7967	2
7968	0
7969	3
7970	2
7971	1
7972	1
7973	1
7974	1
7975	0
7976	0
7977	1
7978	0
7979	4
7980	2
7981	0
7982	3
7983	1
7984	0
7985	1
7986	0
7987	0
7988	4
7989	0
7990	1
7991	1
7992	2
7993	1
7994	2
7995	3
7996	1
7997	2
7998	1
7999	0
8000	4
8001	0
8002	1
8003	0
8004	3
8005	2
8006	2
8007	2
8008	1
8009	0
8010	0
8011	1
8012	1
8013	1
8014	3
8015	3
8016	3
8017	2
8018	2
8019	2
8020	2
8021	4
8022	3
8023	1
8024	0
8025	1
8026	1
8027	2
8028	2
8029	1
8030	1
8031	4
8032	0
8033	2
8034	3
8035	0
8036	1
8037	6
8038	1
8039	1
8040	2
8041	2
8042	2
8043	0
8044	1
8045	2
8046	1
8047	0
8048	1
8049	0
8050	0
8051	2
8052	1
8053	0
8054	2
8055	1
8056	2
8057	2
8058	3
8059	0
8060	2
8061	1
8062	1
8063	0
8064	0
8065	0
8066	0
8067	0
8068	0
8069	0
8070	0
8071	0
8072	0
8073	0
8074	0
8075	0
8076	0
8077	0
8078	0
8079	0
8080	0
8081	0
8082	0
8083	0
8084	0
8085	0
8086	0
8087	0
8088	0
8089	0
8090	0
8091	0
8092	0
8093	0
8094	0
8095	0
8096	0
8097	0
8098	0
8099	0
8100	0
8101	0
8102	0
8103	0
8104	0
8105	0
8106	0
8107	0
8108	0
8109	0
8110	0
8111	0
8112	0
8113	0
8114	0
8115	0
8116	0
8117	0
8118	0
8119	0
8120	0
8121	0
8122	0
8123	0
8124	0
8125	0
8126	0
8127	0
8128	0
8129	0
8130	0
8131	0
8132	0
8133	0
8134	0
8135	0
8136	0
8137	0
8138	0
8139	0
8140	0
8141	0
8142	0
8143	0
8144	0
8145	0
8146	0
8147	0
8148	0
8149	0
8150	0
8151	0
8152	0
8153	0
8154	0
8155	0
8156	0
8157	0
8158	0
8159	0
8160	0
8161	0
8162	0
8163	0
8164	0
8165	0
8166	0
8167	0
8168	0
8169	0
8170	0
8171	0
8172	0
8173	0
8174	0
8175	0
8176	0
8177	0
8178	0
8179	0
8180	0
8181	0
8182	0
8183	0
8184	0
8185	0
8186	0
8187	0
8188	0
8189	0
8190	0
8191	0
