-2	86400
-1	86429.76
0	0
1	0
2	0
3	0
4	0
5	0
6	0
7	0
8	0
9	0
10	0
11	0
12	0
13	0
14	0
15	0
16	0
17	0
18	0
19	0
20	0
21	0
22	0
23	0
24	0
25	0
26	0
27	0
28	0
29	0
30	0
31	0
32	0
33	0
34	0
35	0
36	0
37	0
38	0
39	0
40	0
41	0
42	0
43	0
44	0
45	0
46	1
47	1
48	0
49	81
50	379
51	507
52	542
53	674
54	765
55	797
56	839
57	867
58	896
59	872
60	811
61	778
62	775
63	749
64	712
65	788
66	770
67	761
68	760
69	708
70	782
71	720
72	825
73	782
74	791
75	820
76	767
77	781
78	805
79	897
80	844
81	841
82	811
83	816
84	799
85	799
86	828
87	842
88	817
89	804
90	772
91	829
92	819
93	745
94	792
95	838
96	922
97	923
98	881
99	918
100	872
101	917
102	932
103	924
104	935
105	1004
106	964
107	990
108	1000
109	1001
110	1050
111	1096
112	1062
113	1109
114	1104
115	1076
116	1153
117	1164
118	1181
119	1118
120	1210
121	1144
122	1239
123	1257
124	1208
125	1272
126	1219
127	1331
128	1311
129	1301
130	1352
131	1248
132	1335
133	1409
134	1334
135	1380
136	1400
137	1405
138	1396
139	1480
140	1444
141	1484
142	1509
143	1510
144	1523
145	1490
146	1431
147	1528
148	1525
149	1573
150	1501
151	1493
152	1493
153	1566
154	1555
155	1638
156	1608
157	1669
158	1557
159	1590
160	1633
161	1594
162	1600
163	1673
164	1634
165	1632
166	1569
167	1647
168	1597
169	1621
170	1535
171	1553
172	1665
173	1671
174	1695
175	1648
176	1616
177	1684
178	1617
179	1638
180	1683
181	1582
182	1662
183	1677
184	1661
185	1678
186	1686
187	1612
188	1657
189	1681
190	1563
191	1625
192	1705
193	1644
194	1604
195	1685
196	1656
197	1675
198	1690
199	1630
200	1635
201	1649
202	1707
203	1622
204	1705
205	1665
206	1633
207	1654
208	1669
209	1663
210	1609
211	1588
212	1593
213	1622
214	1563
215	1601
216	1614
217	1536
218	1638
219	1592
220	1577
221	1552
222	1566
223	1518
224	1609
225	1485
226	1521
227	1587
228	1556
229	1534
230	1506
231	1471
232	1601
233	1486
234	1482
235	1505
236	1422
237	1478
238	1468
239	1474
240	1475
241	1462
242	1456
243	1497
244	1445
245	1454
246	1385
247	1531
248	1452
249	1420
250	1405
251	1457
252	1371
253	1354
254	1414
255	1358
256	1295
257	1441
258	1342
259	1354
260	1364
261	1365
262	1350
263	1342
264	1407
265	1397
266	1373
267	1346
268	1288
269	1253
270	1262
271	1265
272	1242
273	1261
274	1282
275	1253
276	1212
277	1253
278	1195
279	1206
280	1231
281	1235
282	1193
283	1167
284	1232
285	1157
286	1167
287	1193
288	1121
289	1179
290	1237
291	1192
292	1225
293	1129
294	1155
295	1143
296	1153
297	1132
298	1138
299	1110
300	1125
301	1174
302	1106
303	1083
304	1086
305	1089
306	1102
307	1126
308	1130
309	1020
310	1062
311	1054
312	1006
313	1049
314	1038
315	995
316	1055
317	1002
318	1043
319	1038
320	1042
321	1054
322	1003
323	1025
324	1036
325	1029
326	1052
327	1069
328	1047
329	1019
330	994
331	973
332	912
333	990
334	895
335	1014
336	982
337	1016
338	912
339	915
340	994
341	907
342	892
343	938
344	858
345	920
346	892
347	927
348	940
349	877
350	921
351	893
352	877
353	861
354	897
355	912
356	892
357	846
358	863
359	889
360	847
361	859
362	866
363	844
364	856
365	862
366	835
367	882
368	867
369	808
370	833
371	846
372	854
373	843
374	823
375	826
376	888
377	781
378	780
379	836
380	801
381	810
382	761
383	800
384	754
385	756
386	775
387	817
388	850
389	923
390	928
391	829
392	835
393	728
394	716
395	732
396	694
397	711
398	692
399	737
400	731
401	752
402	753
403	699
404	716
405	699
406	695
407	633
408	684
409	658
410	750
411	674
412	695
413	677
414	674
415	659
416	707
417	645
418	658
419	703
420	685
421	655
422	644
423	665
424	697
425	640
426	673
427	664
428	680
429	691
430	660
431	671
432	629
433	610
434	610
435	616
436	660
437	661
438	628
439	660
440	608
441	600
442	654
443	613
444	639
445	623
446	602
447	585
448	614
449	640
450	564
451	576
452	565
453	612
454	599
455	592
456	571
457	610
458	555
459	586
460	593
461	588
462	583
463	589
464	599
465	569
466	578
467	574
468	581
469	570
470	568
471	594
472	549
473	567
474	578
475	540
476	545
477	592
478	554
479	540
480	491
481	549
482	567
483	550
484	519
485	553
486	522
487	523
488	537
489	564
490	546
491	517
492	508
493	534
494	510
495	521
496	540
497	518
498	502
499	518
500	538
501	508
502	488
503	490
504	493
505	500
506	538
507	530
508	523
509	484
510	558
511	517
512	537
513	535
514	522
515	519
516	515
517	484
518	497
519	494
520	488
521	490
522	501
523	485
524	503
525	496
526	537
527	446
528	471
529	477
530	463
531	463
532	466
533	496
534	473
535	482
536	496
537	451
538	462
539	476
540	464
541	478
542	467
543	453
544	480
545	466
546	464
547	448
548	450
549	483
550	464
551	462
552	480
553	429
554	468
555	447
556	455
557	433
558	431
559	450
560	500
561	533
562	702
563	891
564	1265
565	1320
566	1232
567	965
568	719
569	530
570	498
571	443
572	412
573	443
574	408
575	392
576	445
577	425
578	429
579	408
580	391
581	400
582	396
583	400
584	423
585	398
586	400
587	438
588	440
589	423
590	389
591	418
592	451
593	392
594	412
595	373
596	394
597	403
598	375
599	407
600	359
601	411
602	373
603	393
604	352
605	383
606	364
607	394
608	399
609	388
610	373
611	396
612	387
613	374
614	351
615	362
616	382
617	359
618	424
619	388
620	340
621	379
622	382
623	394
624	359
625	421
626	387
627	349
628	371
629	351
630	377
631	341
632	389
633	379
634	343
635	367
636	346
637	356
638	383
639	385
640	343
641	387
642	421
643	508
644	597
645	644
646	577
647	427
648	415
649	321
650	326
651	352
652	318
653	366
654	366
655	327
656	330
657	361
658	341
659	353
660	332
661	333
662	353
663	375
664	347
665	382
666	345
667	349
668	326
669	327
670	348
671	452
672	567
673	679
674	719
675	570
676	460
677	361
678	371
679	318
680	308
681	297
682	316
683	351
684	324
685	318
686	327
687	315
688	348
689	293
690	298
691	306
692	331
693	309
694	308
695	319
696	301
697	317
698	311
699	314
700	314
701	266
702	280
703	290
704	280
705	322
706	288
707	292
708	276
709	272
710	299
711	294
712	311
713	245
714	293
715	280
716	323
717	289
718	295
719	282
720	280
721	270
722	296
723	284
724	277
725	286
726	307
727	284
728	249
729	271
730	307
731	251
732	254
733	275
734	262
735	298
736	288
737	291
738	278
739	277
740	305
741	292
742	299
743	304
744	293
745	294
746	283
747	253
748	290
749	302
750	276
751	288
752	264
753	267
754	240
755	260
756	284
757	285
758	247
759	269
760	278
761	281
762	283
763	282
764	306
765	280
766	278
767	286
768	271
769	283
770	291
771	266
772	293
773	278
774	269
775	291
776	266
777	291
778	290
779	276
780	262
781	297
782	278
783	277
784	233
785	290
786	269
787	247
788	241
789	278
790	255
791	261
792	246
793	269
794	275
795	228
796	244
797	289
798	255
799	289
800	234
801	259
802	277
803	318
804	308
805	336
806	285
807	255
808	253
809	234
810	229
811	250
812	209
813	257
814	229
815	240
816	241
817	231
818	263
819	251
820	248
821	247
822	252
823	275
824	239
825	246
826	272
827	251
828	256
829	249
830	233
831	231
832	243
833	251
834	231
835	245
836	253
837	223
838	252
839	233
840	221
841	224
842	240
843	211
844	238
845	265
846	229
847	257
848	237
849	260
850	269
851	286
852	225
853	256
854	225
855	225
856	201
857	206
858	214
859	230
860	260
861	218
862	213
863	214
864	214
865	214
866	221
867	239
868	243
869	236
870	228
871	238
872	239
873	222
874	239
875	244
876	216
877	214
878	266
879	264
880	233
881	222
882	201
883	207
884	208
885	203
886	202
887	215
888	224
889	208
890	213
891	206
892	239
893	219
894	225
895	194
896	203
897	204
898	219
899	195
900	194
901	224
902	221
903	201
904	194
905	217
906	234
907	205
908	219
909	195
910	245
911	199
912	184
913	206
914	191
915	178
916	207
917	214
918	196
919	193
920	210
921	237
922	207
923	238
924	243
925	196
926	210
927	224
928	203
929	204
930	222
931	223
932	212
933	208
934	195
935	210
936	199
937	219
938	181
939	189
940	217
941	210
942	209
943	195
944	197
945	211
946	206
947	256
948	238
949	206
950	220
951	235
952	254
953	239
954	208
955	198
956	168
957	174
958	191
959	185
960	198
961	203
962	195
963	200
964	186
965	205
966	203
967	193
968	172
969	195
970	179
971	173
972	180
973	184
974	213
975	190
976	188
977	200
978	199
979	196
980	201
981	191
982	197
983	187
984	171
985	191
986	194
987	212
988	199
989	187
990	209
991	193
992	195
993	174
994	183
995	171
996	201
997	197
998	171
999	182
1000	205
1001	214
1002	171
1003	208
1004	254
1005	297
1006	436
1007	500
1008	514
1009	297
1010	242
1011	205
1012	180
1013	177
1014	188
1015	176
1016	177
1017	176
1018	200
1019	186
1020	190
1021	180
1022	185
1023	169
1024	158
1025	178
1026	164
1027	166
1028	179
1029	186
1030	181
1031	196
1032	204
1033	194
1034	195
1035	179
1036	203
1037	153
1038	154
1039	157
1040	201
1041	160
1042	179
1043	166
1044	187
1045	191
1046	175
1047	187
1048	174
1049	217
1050	188
1051	186
1052	170
1053	183
1054	170
1055	194
1056	162
1057	175
1058	172
1059	166
1060	211
1061	174
1062	188
1063	200
1064	219
1065	243
1066	223
1067	252
1068	266
1069	303
1070	318
1071	359
1072	345
1073	267
1074	215
1075	162
1076	153
1077	160
1078	153
1079	161
1080	151
1081	163
1082	158
1083	156
1084	161
1085	150
1086	133
1087	164
1088	146
1089	159
1090	157
1091	162
1092	143
1093	157
1094	167
1095	159
1096	152
1097	158
1098	166
1099	157
1100	152
1101	158
1102	145
1103	156
1104	147
1105	155
1106	177
1107	170
1108	186
1109	167
1110	153
1111	161
1112	150
1113	149
1114	165
1115	124
1116	145
1117	134
1118	166
1119	144
1120	148
1121	164
1122	173
1123	139
1124	157
1125	142
1126	164
1127	174
1128	177
1129	166
1130	155
1131	157
1132	157
1133	154
1134	135
1135	161
1136	158
1137	152
1138	163
1139	143
1140	156
1141	134
1142	145
1143	144
1144	158
1145	128
1146	164
1147	153
1148	140
1149	161
1150	138
1151	177
1152	167
1153	138
1154	147
1155	152
1156	143
1157	145
1158	165
1159	124
1160	176
1161	156
1162	152
1163	152
1164	144
1165	147
1166	137
1167	158
1168	141
1169	159
1170	147
1171	124
1172	127
1173	146
1174	137
1175	160
1176	153
1177	146
1178	160
1179	170
1180	144
1181	141
1182	133
1183	149
1184	162
1185	140
1186	154
1187	133
1188	133
1189	158
1190	154
1191	180
1192	151
1193	145
1194	146
1195	140
1196	136
1197	141
1198	140
1199	135
1200	166
1201	132
1202	144
1203	143
1204	149
1205	126
1206	148
1207	156
1208	146
1209	154
1210	143
1211	155
1212	136
1213	129
1214	139
1215	118
1216	129
1217	152
1218	146
1219	158
1220	122
1221	143
1222	140
1223	133
1224	139
1225	138
1226	133
1227	137
1228	148
1229	142
1230	136
1231	158
1232	118
1233	150
1234	139
1235	201
1236	255
1237	295
1238	339
1239	309
1240	217
1241	154
1242	169
1243	136
1244	143
1245	139
1246	161
1247	135
1248	141
1249	140
1250	143
1251	135
1252	141
1253	160
1254	131
1255	165
1256	131
1257	154
1258	152
1259	142
1260	144
1261	110
1262	134
1263	120
1264	152
1265	165
1266	140
1267	161
1268	135
1269	122
1270	126
1271	131
1272	147
1273	144
1274	155
1275	157
1276	173
1277	164
1278	132
1279	143
1280	145
1281	119
1282	153
1283	148
1284	143
1285	145
1286	148
1287	134
1288	158
1289	145
1290	135
1291	122
1292	130
1293	151
1294	119
1295	144
1296	147
1297	148
1298	153
1299	129
1300	124
1301	139
1302	112
1303	130
1304	131
1305	144
1306	132
1307	138
1308	134
1309	128
1310	136
1311	132
1312	152
1313	142
1314	156
1315	143
1316	157
1317	152
1318	147
1319	153
1320	138
1321	137
1322	146
1323	147
1324	140
1325	140
1326	140
1327	125
1328	122
1329	143
1330	149
1331	133
1332	132
1333	129
1334	132
1335	133
1336	129
1337	153
1338	126
1339	121
1340	127
1341	141
1342	131
1343	155
1344	121
1345	133
1346	142
1347	158
1348	130
1349	134
1350	144
1351	145
1352	135
1353	144
1354	148
1355	119
1356	152
1357	144
1358	105
1359	157
1360	136
1361	127
1362	148
1363	143
1364	125
1365	154
1366	178
1367	197
1368	216
1369	217
1370	183
1371	146
1372	131
1373	132
1374	139
1375	131
1376	131
1377	113
1378	129
1379	135
1380	121
1381	124
1382	122
1383	120
1384	112
1385	129
1386	122
1387	113
1388	110
1389	124
1390	109
1391	122
1392	113
1393	134
1394	114
1395	99
1396	104
1397	121
1398	103
1399	121
1400	110
1401	122
1402	123
1403	106
1404	114
1405	122
1406	94
1407	101
1408	115
1409	106
1410	103
1411	117
1412	109
1413	121
1414	116
1415	113
1416	131
1417	111
1418	114
1419	103
1420	92
1421	125
1422	93
1423	117
1424	103
1425	109
1426	117
1427	87
1428	88
1429	88
1430	107
1431	95
1432	106
1433	109
1434	95
1435	96
1436	102
1437	96
1438	112
1439	95
1440	100
1441	91
1442	109
1443	98
1444	92
1445	97
1446	90
1447	78
1448	103
1449	106
1450	91
1451	85
1452	86
1453	103
1454	100
1455	82
1456	88
1457	91
1458	88
1459	110
1460	95
1461	89
1462	88
1463	80
1464	101
1465	87
1466	109
1467	83
1468	82
1469	89
1470	93
1471	95
1472	83
1473	96
1474	89
1475	79
1476	102
1477	76
1478	91
1479	103
1480	80
1481	84
1482	85
1483	81
1484	103
1485	104
1486	90
1487	84
1488	78
1489	74
1490	68
1491	81
1492	90
1493	104
1494	71
1495	75
1496	75
1497	84
1498	92
1499	86
1500	86
1501	73
1502	78
1503	80
1504	61
1505	78
1506	90
1507	90
1508	83
1509	72
1510	69
1511	62
1512	82
1513	84
1514	65
1515	90
1516	62
1517	78
1518	104
1519	77
1520	90
1521	133
1522	121
1523	123
1524	105
1525	82
1526	71
1527	67
1528	94
1529	86
1530	98
1531	88
1532	69
1533	75
1534	85
1535	62
1536	81
1537	67
1538	78
1539	84
1540	81
1541	70
1542	73
1543	82
1544	71
1545	73
1546	90
1547	91
1548	94
1549	87
1550	84
1551	78
1552	76
1553	69
1554	89
1555	110
1556	102
1557	104
1558	80
1559	82
1560	60
1561	72
1562	85
1563	75
1564	77
1565	73
1566	65
1567	65
1568	65
1569	64
1570	61
1571	64
1572	72
1573	80
1574	55
1575	67
1576	66
1577	80
1578	78
1579	68
1580	71
1581	60
1582	71
1583	66
1584	71
1585	64
1586	51
1587	71
1588	73
1589	76
1590	75
1591	71
1592	80
1593	81
1594	66
1595	70
1596	62
1597	64
1598	67
1599	48
1600	63
1601	84
1602	80
1603	60
1604	73
1605	35
1606	83
1607	87
1608	86
1609	124
1610	321
1611	755
1612	1698
1613	2585
1614	2914
1615	2389
1616	1436
1617	614
1618	221
1619	97
1620	36
1621	57
1622	44
1623	39
1624	41
1625	51
1626	38
1627	39
1628	46
1629	46
1630	48
1631	48
1632	45
1633	43
1634	36
1635	41
1636	49
1637	41
1638	55
1639	39
1640	49
1641	61
1642	44
1643	39
1644	39
1645	43
1646	43
1647	51
1648	40
1649	54
1650	47
1651	51
1652	53
1653	51
1654	52
1655	36
1656	35
1657	38
1658	44
1659	41
1660	44
1661	36
1662	48
1663	44
1664	48
1665	54
1666	64
1667	66
1668	69
1669	76
1670	58
1671	51
1672	51
1673	45
1674	57
1675	34
1676	46
1677	34
1678	36
1679	37
1680	34
1681	46
1682	33
1683	32
1684	39
1685	54
1686	43
1687	43
1688	46
1689	44
1690	30
1691	40
1692	32
1693	34
1694	41
1695	34
1696	58
1697	33
1698	51
1699	43
1700	53
1701	50
1702	46
1703	39
1704	49
1705	37
1706	48
1707	38
1708	30
1709	37
1710	40
1711	35
1712	25
1713	42
1714	50
1715	29
1716	41
1717	41
1718	30
1719	34
1720	40
1721	45
1722	33
1723	29
1724	42
1725	35
1726	27
1727	37
1728	34
1729	28
1730	34
1731	26
1732	35
1733	46
1734	44
1735	29
1736	42
1737	31
1738	42
1739	38
1740	30
1741	38
1742	45
1743	27
1744	48
1745	44
1746	43
1747	58
1748	51
1749	40
1750	39
1751	45
1752	61
1753	90
1754	102
1755	86
1756	80
1757	84
1758	62
1759	78
1760	50
1761	59
1762	51
1763	47
1764	40
1765	34
1766	37
1767	24
1768	22
1769	39
1770	41
1771	33
1772	39
1773	34
1774	38
1775	24
1776	30
1777	32
1778	48
1779	32
1780	42
1781	29
1782	39
1783	29
1784	33
1785	36
1786	32
1787	36
1788	47
1789	55
1790	59
1791	50
1792	53
1793	55
1794	37
1795	34
1796	29
1797	39
1798	37
1799	49
1800	50
1801	67
1802	52
1803	44
1804	46
1805	37
1806	37
1807	32
1808	29
1809	42
1810	40
1811	40
1812	37
1813	29
1814	23
1815	38
1816	25
1817	25
1818	38
1819	30
1820	38
1821	30
1822	29
1823	30
1824	26
1825	25
1826	36
1827	35
1828	24
1829	29
1830	36
1831	30
1832	35
1833	30
1834	48
1835	42
1836	44
1837	46
1838	38
1839	28
1840	30
1841	32
1842	41
1843	21
1844	25
1845	25
1846	35
1847	28
1848	39
1849	30
1850	31
1851	41
1852	30
1853	29
1854	33
1855	28
1856	36
1857	34
1858	38
1859	31
1860	36
1861	35
1862	25
1863	25
1864	31
1865	31
1866	19
1867	37
1868	35
1869	36
1870	26
1871	36
1872	33
1873	31
1874	39
1875	26
1876	31
1877	30
1878	37
1879	26
1880	35
1881	25
1882	28
1883	38
1884	20
1885	40
1886	28
1887	26
1888	29
1889	27
1890	20
1891	34
1892	24
1893	26
1894	22
1895	30
1896	31
1897	21
1898	41
1899	26
1900	32
1901	26
1902	24
1903	31
1904	36
1905	27
1906	33
1907	45
1908	42
1909	67
1910	71
1911	72
1912	56
1913	44
1914	40
1915	29
1916	38
1917	27
1918	26
1919	34
1920	30
1921	28
1922	32
1923	19
1924	21
1925	23
1926	23
1927	22
1928	24
1929	31
1930	36
1931	29
1932	15
1933	24
1934	26
1935	25
1936	27
1937	32
1938	43
1939	26
1940	37
1941	24
1942	39
1943	32
1944	33
1945	59
1946	86
1947	134
1948	248
1949	262
1950	254
1951	208
1952	100
1953	59
1954	39
1955	22
1956	26
1957	29
1958	25
1959	26
1960	29
1961	28
1962	27
1963	26
1964	32
1965	30
1966	24
1967	31
1968	33
1969	25
1970	24
1971	28
1972	35
1973	27
1974	22
1975	27
1976	37
1977	25
1978	17
1979	24
1980	28
1981	28
1982	30
1983	16
1984	20
1985	30
1986	30
1987	26
1988	26
1989	18
1990	27
1991	24
1992	17
1993	21
1994	26
1995	27
1996	19
1997	29
1998	28
1999	28
2000	27
2001	22
2002	19
2003	29
2004	22
2005	24
2006	20
2007	34
2008	26
2009	18
2010	26
2011	26
2012	22
2013	31
2014	29
2015	31
2016	30
2017	27
2018	21
2019	28
2020	20
2021	25
2022	32
2023	31
2024	32
2025	21
2026	28
2027	37
2028	26
2029	41
2030	27
2031	26
2032	29
2033	31
2034	26
2035	36
2036	24
2037	31
2038	37
2039	50
2040	43
2041	66
2042	37
2043	53
2044	37
2045	27
2046	26
2047	32
2048	29
2049	27
2050	19
2051	18
2052	23
2053	29
2054	26
2055	25
2056	24
2057	20
2058	33
2059	31
2060	23
2061	26
2062	23
2063	30
2064	28
2065	21
2066	30
2067	27
2068	32
2069	29
2070	24
2071	32
2072	31
2073	14
2074	18
2075	23
2076	22
2077	25
2078	28
2079	28
2080	34
2081	26
2082	14
2083	28
2084	23
2085	25
2086	35
2087	18
2088	27
2089	31
2090	23
2091	23
2092	25
2093	26
2094	29
2095	29
2096	26
2097	27
2098	33
2099	16
2100	27
2101	32
2102	23
2103	22
2104	28
2105	26
2106	23
2107	29
2108	21
2109	41
2110	24
2111	33
2112	25
2113	22
2114	19
2115	23
2116	25
2117	22
2118	36
2119	21
2120	15
2121	18
2122	33
2123	19
2124	32
2125	15
2126	28
2127	34
2128	24
2129	27
2130	23
2131	24
2132	22
2133	34
2134	25
2135	33
2136	20
2137	26
2138	37
2139	32
2140	17
2141	27
2142	29
2143	23
2144	24
2145	27
2146	21
2147	29
2148	23
2149	23
2150	23
2151	26
2152	29
2153	28
2154	25
2155	29
2156	25
2157	23
2158	26
2159	25
2160	17
2161	28
2162	25
2163	19
2164	33
2165	23
2166	23
2167	33
2168	23
2169	25
2170	23
2171	24
2172	24
2173	29
2174	26
2175	32
2176	28
2177	27
2178	25
2179	17
2180	19
2181	25
2182	25
2183	17
2184	19
2185	24
2186	26
2187	20
2188	23
2189	23
2190	22
2191	29
2192	21
2193	24
2194	27
2195	25
2196	26
2197	19
2198	19
2199	26
2200	18
2201	16
2202	34
2203	19
2204	31
2205	15
2206	23
2207	22
2208	21
2209	24
2210	25
2211	21
2212	22
2213	16
2214	28
2215	29
2216	18
2217	24
2218	21
2219	23
2220	22
2221	36
2222	23
2223	22
2224	18
2225	30
2226	25
2227	21
2228	21
2229	26
2230	28
2231	17
2232	28
2233	24
2234	23
2235	28
2236	22
2237	18
2238	25
2239	24
2240	25
2241	12
2242	18
2243	27
2244	17
2245	23
2246	28
2247	26
2248	34
2249	25
2250	15
2251	19
2252	27
2253	28
2254	23
2255	18
2256	25
2257	26
2258	25
2259	26
2260	21
2261	24
2262	18
2263	29
2264	21
2265	23
2266	24
2267	22
2268	17
2269	27
2270	29
2271	24
2272	21
2273	23
2274	23
2275	23
2276	25
2277	17
2278	13
2279	23
2280	19
2281	23
2282	21
2283	32
2284	20
2285	23
2286	23
2287	26
2288	28
2289	12
2290	20
2291	20
2292	19
2293	20
2294	17
2295	23
2296	20
2297	27
2298	18
2299	19
2300	24
2301	28
2302	22
2303	20
2304	21
2305	21
2306	19
2307	15
2308	21
2309	17
2310	16
2311	24
2312	16
2313	22
2314	25
2315	28
2316	24
2317	23
2318	26
2319	32
2320	60
2321	70
2322	105
2323	82
2324	83
2325	89
2326	48
2327	32
2328	21
2329	28
2330	33
2331	26
2332	16
2333	22
2334	19
2335	28
2336	23
2337	23
2338	40
2339	38
2340	37
2341	43
2342	24
2343	31
2344	33
2345	26
2346	22
2347	33
2348	23
2349	23
2350	20
2351	20
2352	22
2353	30
2354	22
2355	23
2356	20
2357	15
2358	20
2359	16
2360	21
2361	15
2362	24
2363	21
2364	17
2365	24
2366	20
2367	26
2368	16
2369	31
2370	26
2371	16
2372	22
2373	21
2374	20
2375	17
2376	21
2377	17
2378	28
2379	24
2380	27
2381	22
2382	21
2383	17
2384	12
2385	21
2386	29
2387	22
2388	23
2389	26
2390	21
2391	33
2392	23
2393	27
2394	30
2395	24
2396	18
2397	20
2398	23
2399	22
2400	38
2401	18
2402	24
2403	18
2404	34
2405	22
2406	17
2407	15
2408	18
2409	27
2410	30
2411	20
2412	20
2413	24
2414	19
2415	20
2416	17
2417	24
2418	16
2419	30
2420	15
2421	24
2422	29
2423	24
2424	14
2425	25
2426	22
2427	22
2428	20
2429	23
2430	30
2431	42
2432	62
2433	73
2434	105
2435	95
2436	72
2437	57
2438	39
2439	25
2440	15
2441	22
2442	23
2443	19
2444	21
2445	23
2446	24
2447	29
2448	25
2449	23
2450	19
2451	21
2452	24
2453	28
2454	23
2455	24
2456	25
2457	14
2458	20
2459	23
2460	26
2461	28
2462	22
2463	28
2464	25
2465	27
2466	22
2467	27
2468	15
2469	24
2470	16
2471	26
2472	24
2473	22
2474	24
2475	23
2476	25
2477	26
2478	21
2479	21
2480	24
2481	30
2482	18
2483	19
2484	28
2485	22
2486	27
2487	31
2488	23
2489	33
2490	12
2491	18
2492	12
2493	18
2494	18
2495	15
2496	19
2497	22
2498	19
2499	19
2500	22
2501	24
2502	24
2503	21
2504	28
2505	15
2506	22
2507	19
2508	22
2509	22
2510	23
2511	22
2512	22
2513	25
2514	19
2515	25
2516	21
2517	19
2518	21
2519	20
2520	19
2521	23
2522	31
2523	20
2524	24
2525	28
2526	18
2527	19
2528	25
2529	18
2530	35
2531	23
2532	37
2533	20
2534	24
2535	27
2536	26
2537	35
2538	28
2539	20
2540	26
2541	20
2542	22
2543	34
2544	16
2545	28
2546	33
2547	28
2548	25
2549	26
2550	17
2551	29
2552	23
2553	19
2554	20
2555	18
2556	22
2557	26
2558	23
2559	30
2560	22
2561	26
2562	20
2563	31
2564	27
2565	24
2566	22
2567	32
2568	27
2569	24
2570	19
2571	29
2572	30
2573	29
2574	28
2575	23
2576	21
2577	23
2578	21
2579	29
2580	14
2581	12
2582	29
2583	27
2584	22
2585	23
2586	24
2587	28
2588	25
2589	25
2590	19
2591	31
2592	26
2593	16
2594	27
2595	25
2596	23
2597	21
2598	21
2599	21
2600	23
2601	26
2602	16
2603	24
2604	31
2605	12
2606	21
2607	30
2608	16
2609	32
2610	23
2611	12
2612	25
2613	24
2614	35
2615	19
2616	21
2617	29
2618	22
2619	28
2620	25
2621	27
2622	28
2623	22
2624	19
2625	23
2626	30
2627	24
2628	25
2629	23
2630	24
2631	22
2632	23
2633	26
2634	26
2635	17
2636	21
2637	21
2638	25
2639	22
2640	23
2641	26
2642	14
2643	16
2644	20
2645	22
2646	19
2647	21
2648	18
2649	13
2650	17
2651	21
2652	15
2653	17
2654	22
2655	14
2656	28
2657	17
2658	18
2659	26
2660	21
2661	18
2662	17
2663	8
2664	20
2665	15
2666	12
2667	18
2668	15
2669	21
2670	23
2671	18
2672	21
2673	15
2674	16
2675	18
2676	16
2677	18
2678	9
2679	22
2680	21
2681	10
2682	23
2683	12
2684	15
2685	15
2686	22
2687	20
2688	17
2689	13
2690	20
2691	16
2692	22
2693	18
2694	13
2695	19
2696	16
2697	17
2698	14
2699	28
2700	20
2701	37
2702	37
2703	38
2704	30
2705	34
2706	25
2707	22
2708	20
2709	13
2710	18
2711	13
2712	11
2713	18
2714	11
2715	22
2716	16
2717	17
2718	16
2719	11
2720	17
2721	16
2722	15
2723	15
2724	17
2725	13
2726	13
2727	14
2728	16
2729	9
2730	17
2731	10
2732	20
2733	7
2734	16
2735	24
2736	15
2737	16
2738	17
2739	13
2740	9
2741	14
2742	11
2743	14
2744	8
2745	14
2746	17
2747	9
2748	11
2749	12
2750	14
2751	18
2752	10
2753	8
2754	8
2755	16
2756	15
2757	9
2758	16
2759	18
2760	13
2761	15
2762	10
2763	8
2764	9
2765	9
2766	10
2767	11
2768	11
2769	13
2770	7
2771	13
2772	10
2773	10
2774	6
2775	10
2776	11
2777	6
2778	11
2779	13
2780	12
2781	14
2782	15
2783	8
2784	13
2785	6
2786	7
2787	8
2788	6
2789	9
2790	13
2791	8
2792	12
2793	9
2794	13
2795	11
2796	9
2797	4
2798	18
2799	7
2800	15
2801	6
2802	10
2803	9
2804	11
2805	14
2806	5
2807	8
2808	10
2809	6
2810	11
2811	17
2812	8
2813	8
2814	17
2815	16
2816	10
2817	11
2818	11
2819	6
2820	10
2821	13
2822	11
2823	11
2824	7
2825	7
2826	7
2827	6
2828	8
2829	8
2830	11
2831	4
2832	8
2833	9
2834	11
2835	13
2836	9
2837	11
2838	7
2839	5
2840	14
2841	9
2842	7
2843	3
2844	10
2845	10
2846	7
2847	14
2848	1
2849	7
2850	17
2851	8
2852	9
2853	8
2854	15
2855	7
2856	6
2857	9
2858	9
2859	3
2860	11
2861	8
2862	16
2863	8
2864	9
2865	4
2866	8
2867	12
2868	12
2869	4
2870	7
2871	7
2872	9
2873	11
2874	17
2875	10
2876	10
2877	10
2878	11
2879	7
2880	11
2881	23
2882	45
2883	112
2884	212
2885	425
2886	505
2887	622
2888	631
2889	512
2890	363
2891	190
2892	66
2893	29
2894	12
2895	8
2896	7
2897	7
2898	4
2899	6
2900	5
2901	1
2902	5
2903	4
2904	6
2905	4
2906	6
2907	3
2908	3
2909	6
2910	2
2911	8
2912	3
2913	8
2914	5
2915	5
2916	9
2917	6
2918	6
2919	6
2920	5
2921	7
2922	3
2923	6
2924	8
2925	3
2926	3
2927	8
2928	5
2929	2
2930	8
2931	7
2932	6
2933	6
2934	8
2935	11
2936	5
2937	6
2938	4
2939	7
2940	7
2941	3
2942	6
2943	5
2944	3
2945	7
2946	4
2947	5
2948	6
2949	6
2950	11
2951	5
2952	4
2953	5
2954	11
2955	6
2956	9
2957	3
2958	7
2959	5
2960	6
2961	3
2962	6
2963	4
2964	1
2965	1
2966	1
2967	5
2968	5
2969	7
2970	6
2971	7
2972	4
2973	5
2974	2
2975	5
2976	7
2977	2
2978	5
2979	5
2980	8
2981	4
2982	10
2983	3
2984	9
2985	3
2986	8
2987	6
2988	7
2989	5
2990	6
2991	4
2992	7
2993	5
2994	8
2995	3
2996	4
2997	5
2998	7
2999	4
3000	4
3001	4
3002	5
3003	8
3004	6
3005	1
3006	7
3007	7
3008	4
3009	4
3010	6
3011	4
3012	4
3013	5
3014	3
3015	5
3016	8
3017	3
3018	3
3019	5
3020	2
3021	5
3022	8
3023	8
3024	5
3025	7
3026	9
3027	1
3028	6
3029	7
3030	5
3031	3
3032	3
3033	8
3034	10
3035	3
3036	3
3037	7
3038	7
3039	4
3040	6
3041	1
3042	4
3043	8
3044	1
3045	5
3046	7
3047	5
3048	6
3049	4
3050	6
3051	6
3052	5
3053	5
3054	3
3055	6
3056	7
3057	0
3058	4
3059	3
3060	4
3061	14
3062	6
3063	3
3064	5
3065	7
3066	7
3067	6
3068	8
3069	3
3070	6
3071	5
3072	5
3073	6
3074	4
3075	7
3076	8
3077	9
3078	2
3079	10
3080	3
3081	2
3082	7
3083	11
3084	7
3085	12
3086	3
3087	5
3088	3
3089	4
3090	5
3091	3
3092	2
3093	5
3094	3
3095	8
3096	3
3097	5
3098	6
3099	7
3100	7
3101	6
3102	2
3103	9
3104	5
3105	6
3106	5
3107	4
3108	4
3109	5
3110	4
3111	5
3112	5
3113	2
3114	1
3115	5
3116	6
3117	4
3118	4
3119	3
3120	7
3121	3
3122	8
3123	7
3124	4
3125	4
3126	5
3127	6
3128	4
3129	7
3130	3
3131	6
3132	5
3133	8
3134	1
3135	10
3136	1
3137	5
3138	2
3139	5
3140	4
3141	7
3142	5
3143	5
3144	2
3145	3
3146	8
3147	2
3148	7
3149	4
3150	7
3151	4
3152	5
3153	2
3154	4
3155	2
3156	2
3157	6
3158	8
3159	2
3160	5
3161	5
3162	9
3163	6
3164	4
3165	3
3166	5
3167	6
3168	4
3169	5
3170	6
3171	4
3172	3
3173	9
3174	11
3175	4
3176	6
3177	4
3178	3
3179	7
3180	4
3181	4
3182	4
3183	7
3184	5
3185	5
3186	5
3187	3
3188	4
3189	7
3190	7
3191	2
3192	8
3193	6
3194	3
3195	5
3196	5
3197	5
3198	6
3199	1
3200	6
3201	6
3202	7
3203	7
3204	4
3205	1
3206	4
3207	3
3208	7
3209	5
3210	3
3211	5
3212	4
3213	1
3214	7
3215	3
3216	10
3217	5
3218	2
3219	4
3220	6
3221	5
3222	3
3223	6
3224	8
3225	1
3226	6
3227	5
3228	4
3229	4
3230	3
3231	3
3232	2
3233	1
3234	5
3235	5
3236	5
3237	1
3238	0
3239	3
3240	4
3241	5
3242	3
3243	3
3244	6
3245	8
3246	3
3247	7
3248	5
3249	11
3250	4
3251	8
3252	2
3253	3
3254	7
3255	3
3256	3
3257	5
3258	3
3259	7
3260	7
3261	6
3262	3
3263	1
3264	3
3265	4
3266	5
3267	4
3268	4
3269	10
3270	5
3271	1
3272	1
3273	5
3274	3
3275	3
3276	5
3277	5
3278	4
3279	7
3280	4
3281	5
3282	4
3283	4
3284	4
3285	5
3286	4
3287	6
3288	7
3289	2
3290	5
3291	1
3292	2
3293	2
3294	6
3295	3
3296	4
3297	4
3298	2
3299	4
3300	6
3301	2
3302	5
3303	3
3304	2
3305	4
3306	4
3307	2
3308	6
3309	6
3310	6
3311	7
3312	5
3313	6
3314	2
3315	7
3316	2
3317	1
3318	3
3319	5
3320	5
3321	3
3322	5
3323	6
3324	5
3325	4
3326	7
3327	3
3328	4
3329	4
3330	6
3331	8
3332	3
3333	7
3334	4
3335	2
3336	7
3337	3
3338	7
3339	4
3340	4
3341	2
3342	5
3343	7
3344	5
3345	2
3346	2
3347	2
3348	3
3349	8
3350	5
3351	3
3352	7
3353	6
3354	4
3355	2
3356	2
3357	4
3358	4
3359	2
3360	4
3361	5
3362	5
3363	2
3364	5
3365	4
3366	2
3367	7
3368	3
3369	5
3370	4
3371	5
3372	1
3373	3
3374	3
3375	5
3376	2
3377	3
3378	2
3379	2
3380	3
3381	4
3382	0
3383	5
3384	5
3385	5
3386	5
3387	5
3388	4
3389	2
3390	5
3391	7
3392	5
3393	3
3394	3
3395	1
3396	7
3397	0
3398	6
3399	3
3400	9
3401	6
3402	1
3403	7
3404	3
3405	6
3406	3
3407	4
3408	2
3409	5
3410	3
3411	3
3412	1
3413	3
3414	4
3415	5
3416	9
3417	3
3418	9
3419	3
3420	4
3421	4
3422	3
3423	6
3424	8
3425	6
3426	5
3427	3
3428	3
3429	8
3430	1
3431	11
3432	4
3433	9
3434	10
3435	10
3436	5
3437	4
3438	4
3439	6
3440	11
3441	2
3442	3
3443	2
3444	2
3445	6
3446	4
3447	8
3448	6
3449	6
3450	3
3451	5
3452	5
3453	3
3454	2
3455	5
3456	7
3457	4
3458	7
3459	2
3460	5
3461	3
3462	3
3463	9
3464	5
3465	5
3466	4
3467	6
3468	2
3469	6
3470	5
3471	2
3472	2
3473	3
3474	7
3475	3
3476	4
3477	6
3478	4
3479	4
3480	4
3481	4
3482	5
3483	4
3484	3
3485	8
3486	3
3487	4
3488	5
3489	7
3490	0
3491	5
3492	6
3493	3
3494	6
3495	3
3496	7
3497	3
3498	7
3499	4
3500	2
3501	4
3502	4
3503	4
3504	5
3505	5
3506	3
3507	2
3508	2
3509	6
3510	5
3511	5
3512	2
3513	4
3514	1
3515	6
3516	9
3517	9
3518	2
3519	4
3520	1
3521	4
3522	3
3523	8
3524	2
3525	3
3526	6
3527	2
3528	2
3529	3
3530	2
3531	0
3532	5
3533	2
3534	4
3535	3
3536	3
3537	4
3538	3
3539	4
3540	5
3541	3
3542	8
3543	5
3544	3
3545	5
3546	9
3547	3
3548	4
3549	4
3550	6
3551	3
3552	0
3553	3
3554	5
3555	5
3556	3
3557	6
3558	2
3559	6
3560	4
3561	4
3562	5
3563	5
3564	6
3565	4
3566	1
3567	3
3568	11
3569	7
3570	2
3571	4
3572	3
3573	3
3574	8
3575	1
3576	7
3577	9
3578	2
3579	4
3580	3
3581	3
3582	8
3583	5
3584	4
3585	3
3586	1
3587	2
3588	1
3589	3
3590	3
3591	5
3592	3
3593	3
3594	8
3595	4
3596	2
3597	4
3598	8
3599	4
3600	5
3601	3
3602	2
3603	7
3604	6
3605	7
3606	7
3607	8
3608	1
3609	3
3610	4
3611	5
3612	6
3613	2
3614	4
3615	4
3616	4
3617	5
3618	2
3619	3
3620	4
3621	7
3622	6
3623	4
3624	11
3625	4
3626	5
3627	10
3628	4
3629	2
3630	4
3631	7
3632	5
3633	7
3634	3
3635	3
3636	4
3637	5
3638	4
3639	7
3640	2
3641	3
3642	3
3643	4
3644	5
3645	7
3646	3
3647	7
3648	3
3649	6
3650	7
3651	8
3652	7
3653	2
3654	4
3655	3
3656	4
3657	2
3658	2
3659	5
3660	4
3661	2
3662	6
3663	6
3664	6
3665	3
3666	4
3667	4
3668	4
3669	7
3670	5
3671	3
3672	4
3673	5
3674	3
3675	6
3676	3
3677	6
3678	7
3679	5
3680	3
3681	3
3682	2
3683	4
3684	2
3685	6
3686	4
3687	5
3688	2
3689	4
3690	6
3691	4
3692	5
3693	4
3694	2
3695	2
3696	9
3697	3
3698	2
3699	2
3700	3
3701	4
3702	2
3703	3
3704	3
3705	8
3706	4
3707	5
3708	4
3709	5
3710	4
3711	5
3712	4
3713	5
3714	4
3715	3
3716	6
3717	4
3718	3
3719	5
3720	2
3721	4
3722	1
3723	3
3724	6
3725	0
3726	4
3727	7
3728	3
3729	6
3730	4
3731	2
3732	2
3733	4
3734	0
3735	4
3736	3
3737	6
3738	3
3739	4
3740	4
3741	3
3742	6
3743	3
3744	4
3745	3
3746	8
3747	3
3748	1
3749	4
3750	2
3751	4
3752	6
3753	6
3754	3
3755	6
3756	3
3757	4
3758	1
3759	3
3760	2
3761	3
3762	2
3763	2
3764	5
3765	5
3766	2
3767	9
3768	2
3769	3
3770	1
3771	4
3772	1
3773	1
3774	3
3775	7
3776	4
3777	4
3778	5
3779	2
3780	1
3781	3
3782	6
3783	3
3784	3
3785	5
3786	5
3787	2
3788	5
3789	6
3790	3
3791	5
3792	4
3793	4
3794	6
3795	5
3796	4
3797	3
3798	2
3799	5
3800	4
3801	2
3802	1
3803	7
3804	4
3805	2
3806	3
3807	3
3808	3
3809	5
3810	4
3811	8
3812	4
3813	3
3814	3
3815	6
3816	5
3817	1
3818	3
3819	4
3820	3
3821	6
3822	2
3823	3
3824	6
3825	5
3826	6
3827	7
3828	6
3829	3
3830	2
3831	1
3832	4
3833	4
3834	1
3835	5
3836	5
3837	5
3838	7
3839	3
3840	2
3841	7
3842	4
3843	1
3844	6
3845	5
3846	2
3847	1
3848	4
3849	2
3850	4
3851	2
3852	1
3853	5
3854	1
3855	5
3856	6
3857	4
3858	5
3859	6
3860	5
3861	3
3862	1
3863	7
3864	2
3865	6
3866	4
3867	5
3868	3
3869	4
3870	5
3871	7
3872	3
3873	4
3874	4
3875	3
3876	6
3877	2
3878	5
3879	2
3880	4
3881	7
3882	5
3883	1
3884	8
3885	4
3886	5
3887	2
3888	5
3889	5
3890	2
3891	4
3892	3
3893	2
3894	3
3895	1
3896	6
3897	1
3898	2
3899	3
3900	4
3901	0
3902	4
3903	7
3904	2
3905	1
3906	5
3907	3
3908	1
3909	2
3910	7
3911	6
3912	3
3913	9
3914	5
3915	1
3916	5
3917	2
3918	2
3919	6
3920	3
3921	4
3922	4
3923	4
3924	3
3925	7
3926	4
3927	3
3928	1
3929	2
3930	1
3931	6
3932	2
3933	6
3934	6
3935	5
3936	2
3937	6
3938	3
3939	4
3940	2
3941	2
3942	7
3943	1
3944	6
3945	3
3946	4
3947	4
3948	6
3949	2
3950	7
3951	1
3952	5
3953	6
3954	4
3955	2
3956	3
3957	5
3958	5
3959	6
3960	4
3961	0
3962	4
3963	5
3964	3
3965	3
3966	2
3967	3
3968	4
3969	5
3970	4
3971	6
3972	2
3973	4
3974	7
3975	1
3976	2
3977	5
3978	3
3979	7
3980	4
3981	8
3982	4
3983	3
3984	5
3985	1
3986	6
3987	5
3988	4
3989	3
3990	4
3991	3
3992	2
3993	3
3994	4
3995	4
3996	3
3997	4
3998	3
3999	5
4000	2
4001	4
4002	5
4003	5
4004	7
4005	3
4006	0
4007	5
4008	3
4009	0
4010	7
4011	2
4012	4
4013	4
4014	5
4015	2
4016	5
4017	3
4018	7
4019	4
4020	5
4021	7
4022	1
4023	8
4024	5
4025	9
4026	4
4027	5
4028	6
4029	4
4030	2
4031	1
4032	2
4033	4
4034	7
4035	4
4036	5
4037	2
4038	2
4039	5
4040	2
4041	4
4042	2
4043	2
4044	3
4045	2
4046	5
4047	4
4048	5
4049	3
4050	4
4051	5
4052	4
4053	3
4054	7
4055	1
4056	2
4057	5
4058	6
4059	2
4060	2
4061	3
4062	3
4063	3
4064	2
4065	4
4066	3
4067	3
4068	6
4069	4
4070	2
4071	2
4072	2
4073	5
4074	3
4075	2
4076	3
4077	4
4078	4
4079	2
4080	0
4081	5
4082	4
4083	3
4084	2
4085	5
4086	2
4087	1
4088	2
4089	5
4090	3
4091	5
4092	6
4093	1
4094	3
4095	3
4096	2
4097	5
4098	6
4099	3
4100	1
4101	7
4102	3
4103	2
4104	6
4105	4
4106	0
4107	5
4108	2
4109	1
4110	3
4111	1
4112	0
4113	5
4114	3
4115	7
4116	2
4117	3
4118	4
4119	2
4120	4
4121	6
4122	6
4123	3
4124	2
4125	6
4126	1
4127	7
4128	4
4129	2
4130	4
4131	4
4132	2
4133	3
4134	4
4135	1
4136	1
4137	1
4138	3
4139	0
4140	6
4141	1
4142	7
4143	0
4144	4
4145	3
4146	2
4147	3
4148	9
4149	3
4150	9
4151	1
4152	3
4153	3
4154	3
4155	4
4156	0
4157	3
4158	2
4159	3
4160	3
4161	5
4162	4
4163	3
4164	2
4165	2
4166	1
4167	2
4168	3
4169	4
4170	2
4171	2
4172	1
4173	6
4174	5
4175	1
4176	1
4177	1
4178	4
4179	2
4180	3
4181	6
4182	6
4183	3
4184	3
4185	2
4186	4
4187	7
4188	6
4189	4
4190	1
4191	1
4192	4
4193	2
4194	3
4195	3
4196	2
4197	5
4198	1
4199	8
4200	4
4201	1
4202	4
4203	2
4204	1
4205	2
4206	2
4207	5
4208	3
4209	6
4210	2
4211	3
4212	4
4213	3
4214	1
4215	4
4216	4
4217	0
4218	4
4219	2
4220	6
4221	2
4222	3
4223	6
4224	6
4225	4
4226	2
4227	2
4228	3
4229	4
4230	7
4231	3
4232	2
4233	2
4234	4
4235	2
4236	0
4237	2
4238	3
4239	6
4240	4
4241	1
4242	2
4243	0
4244	2
4245	6
4246	5
4247	6
4248	1
4249	7
4250	4
4251	4
4252	3
4253	3
4254	6
4255	0
4256	3
4257	4
4258	4
4259	5
4260	6
4261	2
4262	7
4263	3
4264	4
4265	2
4266	5
4267	3
4268	4
4269	6
4270	5
4271	4
4272	1
4273	2
4274	4
4275	3
4276	3
4277	2
4278	7
4279	2
4280	2
4281	0
4282	3
4283	1
4284	2
4285	2
4286	1
4287	4
4288	1
4289	4
4290	2
4291	3
4292	7
4293	5
4294	2
4295	3
4296	5
4297	3
4298	6
4299	3
4300	2
4301	2
4302	2
4303	0
4304	7
4305	1
4306	0
4307	6
4308	2
4309	3
4310	1
4311	2
4312	2
4313	4
4314	2
4315	2
4316	2
4317	2
4318	2
4319	4
4320	4
4321	4
4322	4
4323	5
4324	1
4325	3
4326	3
4327	3
4328	5
4329	2
4330	4
4331	5
4332	1
4333	2
4334	2
4335	7
4336	7
4337	2
4338	3
4339	6
4340	7
4341	2
4342	1
4343	5
4344	3
4345	3
4346	5
4347	3
4348	2
4349	3
4350	8
4351	5
4352	5
4353	3
4354	4
4355	3
4356	2
4357	6
4358	2
4359	2
4360	4
4361	4
4362	6
4363	3
4364	3
4365	5
4366	3
4367	3
4368	4
4369	2
4370	5
4371	4
4372	2
4373	1
4374	3
4375	2
4376	4
4377	3
4378	1
4379	3
4380	5
4381	3
4382	6
4383	2
4384	2
4385	3
4386	3
4387	6
4388	2
4389	2
4390	2
4391	2
4392	6
4393	0
4394	2
4395	3
4396	4
4397	6
4398	6
4399	1
4400	3
4401	4
4402	4
4403	0
4404	7
4405	3
4406	2
4407	2
4408	8
4409	4
4410	6
4411	3
4412	3
4413	3
4414	7
4415	2
4416	2
4417	3
4418	1
4419	5
4420	1
4421	2
4422	2
4423	6
4424	2
4425	3
4426	2
4427	2
4428	3
4429	7
4430	2
4431	4
4432	5
4433	5
4434	1
4435	5
4436	3
4437	5
4438	6
4439	3
4440	6
4441	6
4442	1
4443	3
4444	5
4445	1
4446	4
4447	6
4448	2
4449	1
4450	6
4451	1
4452	1
4453	1
4454	4
4455	4
4456	3
4457	3
4458	8
4459	1
4460	4
4461	5
4462	4
4463	4
4464	2
4465	3
4466	3
4467	3
4468	3
4469	4
4470	2
4471	4
4472	5
4473	4
4474	7
4475	1
4476	4
4477	3
4478	2
4479	2
4480	1
4481	4
4482	2
4483	2
4484	2
4485	2
4486	7
4487	4
4488	4
4489	5
4490	4
4491	5
4492	3
4493	1
4494	2
4495	3
4496	2
4497	0
4498	3
4499	2
4500	4
4501	3
4502	2
4503	1
4504	1
4505	0
4506	1
4507	3
4508	5
4509	1
4510	2
4511	6
4512	3
4513	4
4514	5
4515	3
4516	2
4517	2
4518	6
4519	3
4520	3
4521	3
4522	1
4523	2
4524	2
4525	3
4526	5
4527	4
4528	2
4529	4
4530	5
4531	2
4532	4
4533	6
4534	3
4535	2
4536	2
4537	1
4538	3
4539	4
4540	1
4541	2
4542	2
4543	2
4544	2
4545	3
4546	3
4547	2
4548	4
4549	1
4550	4
4551	1
4552	4
4553	0
4554	4
4555	2
4556	1
4557	0
4558	4
4559	0
4560	3
4561	2
4562	1
4563	3
4564	2
4565	4
4566	1
4567	3
4568	1
4569	3
4570	1
4571	4
4572	3
4573	4
4574	6
4575	5
4576	4
4577	2
4578	2
4579	1
4580	3
4581	1
4582	4
4583	3
4584	2
4585	4
4586	4
4587	2
4588	6
4589	4
4590	4
4591	2
4592	2
4593	4
4594	1
4595	3
4596	0
4597	5
4598	4
4599	1
4600	3
4601	2
4602	4
4603	6
4604	5
4605	3
4606	3
4607	2
4608	6
4609	2
4610	3
4611	2
4612	1
4613	8
4614	1
4615	3
4616	2
4617	3
4618	5
4619	3
4620	2
4621	3
4622	1
4623	9
4624	3
4625	4
4626	1
4627	0
4628	2
4629	5
4630	5
4631	2
4632	2
4633	3
4634	1
4635	1
4636	4
4637	5
4638	1
4639	3
4640	1
4641	3
4642	2
4643	2
4644	7
4645	6
4646	2
4647	6
4648	3
4649	3
4650	3
4651	2
4652	6
4653	5
4654	3
4655	5
4656	1
4657	3
4658	7
4659	1
4660	4
4661	4
4662	4
4663	3
4664	5
4665	4
4666	2
4667	1
4668	5
4669	4
4670	2
4671	9
4672	1
4673	0
4674	6
4675	2
4676	7
4677	4
4678	7
4679	2
4680	6
4681	2
4682	2
4683	1
4684	3
4685	2
4686	1
4687	3
4688	5
4689	5
4690	1
4691	3
4692	3
4693	1
4694	2
4695	4
4696	3
4697	4
4698	6
4699	2
4700	1
4701	2
4702	0
4703	1
4704	2
4705	6
4706	1
4707	4
4708	4
4709	2
4710	3
4711	1
4712	4
4713	2
4714	8
4715	3
4716	3
4717	3
4718	0
4719	5
4720	4
4721	2
4722	2
4723	1
4724	4
4725	2
4726	4
4727	2
4728	8
4729	3
4730	7
4731	2
4732	2
4733	6
4734	2
4735	1
4736	3
4737	3
4738	1
4739	1
4740	3
4741	0
4742	1
4743	2
4744	3
4745	2
4746	5
4747	1
4748	2
4749	0
4750	5
4751	4
4752	3
4753	2
4754	3
4755	7
4756	2
4757	3
4758	1
4759	2
4760	6
4761	4
4762	2
4763	3
4764	4
4765	3
4766	1
4767	3
4768	6
4769	3
4770	3
4771	3
4772	3
4773	3
4774	3
4775	2
4776	3
4777	3
4778	7
4779	2
4780	2
4781	6
4782	5
4783	3
4784	2
4785	2
4786	2
4787	6
4788	5
4789	4
4790	1
4791	3
4792	1
4793	1
4794	2
4795	1
4796	5
4797	1
4798	3
4799	3
4800	4
4801	1
4802	2
4803	4
4804	4
4805	5
4806	2
4807	2
4808	0
4809	3
4810	1
4811	6
4812	3
4813	4
4814	3
4815	4
4816	3
4817	2
4818	1
4819	6
4820	3
4821	0
4822	3
4823	3
4824	0
4825	0
4826	2
4827	4
4828	6
4829	4
4830	5
4831	3
4832	2
4833	5
4834	4
4835	3
4836	2
4837	5
4838	4
4839	3
4840	6
4841	2
4842	3
4843	8
4844	1
4845	1
4846	2
4847	5
4848	1
4849	4
4850	3
4851	3
4852	2
4853	4
4854	1
4855	2
4856	1
4857	2
4858	0
4859	2
4860	5
4861	4
4862	1
4863	1
4864	5
4865	2
4866	6
4867	2
4868	1
4869	2
4870	2
4871	3
4872	0
4873	4
4874	3
4875	2
4876	3
4877	2
4878	3
4879	1
4880	2
4881	7
4882	1
4883	1
4884	1
4885	2
4886	0
4887	4
4888	5
4889	3
4890	3
4891	1
4892	3
4893	2
4894	6
4895	0
4896	3
4897	1
4898	3
4899	3
4900	4
4901	2
4902	3
4903	1
4904	6
4905	3
4906	1
4907	0
4908	1
4909	3
4910	1
4911	1
4912	2
4913	3
4914	3
4915	1
4916	4
4917	1
4918	2
4919	2
4920	3
4921	2
4922	2
4923	3
4924	3
4925	3
4926	2
4927	1
4928	3
4929	2
4930	3
4931	3
4932	2
4933	5
4934	5
4935	2
4936	1
4937	3
4938	3
4939	4
4940	1
4941	1
4942	2
4943	3
4944	1
4945	3
4946	2
4947	1
4948	3
4949	5
4950	4
4951	2
4952	6
4953	4
4954	2
4955	0
4956	2
4957	3
4958	4
4959	3
4960	3
4961	2
4962	4
4963	4
4964	2
4965	4
4966	1
4967	4
4968	2
4969	3
4970	4
4971	3
4972	3
4973	5
4974	2
4975	1
4976	5
4977	7
4978	2
4979	5
4980	1
4981	2
4982	1
4983	4
4984	6
4985	3
4986	1
4987	3
4988	0
4989	5
4990	2
4991	4
4992	1
4993	3
4994	0
4995	1
4996	1
4997	1
4998	2
4999	8
5000	1
5001	4
5002	5
5003	5
5004	4
5005	2
5006	5
5007	4
5008	1
5009	2
5010	2
5011	2
5012	3
5013	2
5014	2
5015	2
5016	2
5017	2
5018	3
5019	5
5020	1
5021	6
5022	2
5023	2
5024	6
5025	4
5026	3
5027	1
5028	3
5029	4
5030	4
5031	2
5032	3
5033	1
5034	1
5035	1
5036	3
5037	0
5038	4
5039	3
5040	2
5041	3
5042	4
5043	2
5044	3
5045	1
5046	7
5047	3
5048	2
5049	4
5050	6
5051	2
5052	4
5053	3
5054	5
5055	1
5056	0
5057	2
5058	2
5059	5
5060	0
5061	4
5062	2
5063	3
5064	6
5065	2
5066	1
5067	1
5068	0
5069	2
5070	3
5071	3
5072	2
5073	3
5074	2
5075	3
5076	5
5077	1
5078	4
5079	3
5080	3
5081	0
5082	4
5083	1
5084	5
5085	3
5086	1
5087	2
5088	2
5089	4
5090	4
5091	3
5092	3
5093	4
5094	3
5095	1
5096	4
5097	1
5098	2
5099	4
5100	6
5101	4
5102	0
5103	2
5104	1
5105	1
5106	4
5107	4
5108	4
5109	2
5110	3
5111	1
5112	4
5113	3
5114	3
5115	1
5116	3
5117	2
5118	3
5119	2
5120	4
5121	3
5122	1
5123	3
5124	3
5125	4
5126	2
5127	4
5128	4
5129	4
5130	3
5131	1
5132	5
5133	2
5134	4
5135	7
5136	2
5137	3
5138	3
5139	3
5140	2
5141	4
5142	0
5143	1
5144	1
5145	3
5146	3
5147	1
5148	2
5149	3
5150	6
5151	1
5152	6
5153	2
5154	2
5155	6
5156	3
5157	3
5158	2
5159	3
5160	4
5161	0
5162	2
5163	1
5164	2
5165	2
5166	3
5167	1
5168	1
5169	1
5170	4
5171	2
5172	4
5173	4
5174	1
5175	1
5176	4
5177	3
5178	4
5179	6
5180	0
5181	3
5182	2
5183	2
5184	1
5185	3
5186	2
5187	3
5188	4
5189	2
5190	1
5191	5
5192	3
5193	6
5194	3
5195	4
5196	1
5197	5
5198	1
5199	2
5200	3
5201	3
5202	1
5203	2
5204	2
5205	3
5206	1
5207	1
5208	0
5209	5
5210	0
5211	1
5212	1
5213	0
5214	1
5215	2
5216	2
5217	2
5218	0
5219	4
5220	3
5221	0
5222	1
5223	4
5224	1
5225	2
5226	4
5227	1
5228	1
5229	6
5230	2
5231	1
5232	1
5233	5
5234	2
5235	2
5236	4
5237	0
5238	3
5239	0
5240	4
5241	5
5242	2
5243	3
5244	3
5245	1
5246	1
5247	4
5248	2
5249	6
5250	3
5251	4
5252	7
5253	3
5254	3
5255	1
5256	3
5257	2
5258	1
5259	3
5260	2
5261	4
5262	0
5263	0
5264	2
5265	1
5266	2
5267	2
5268	4
5269	2
5270	2
5271	1
5272	1
5273	1
5274	4
5275	3
5276	0
5277	1
5278	4
5279	2
5280	2
5281	1
5282	1
5283	2
5284	4
5285	0
5286	1
5287	2
5288	2
5289	1
5290	1
5291	2
5292	1
5293	2
5294	0
5295	0
5296	1
5297	2
5298	2
5299	2
5300	3
5301	1
5302	3
5303	3
5304	1
5305	3
5306	4
5307	4
5308	3
5309	3
5310	2
5311	2
5312	3
5313	6
5314	2
5315	1
5316	3
5317	3
5318	2
5319	0
5320	5
5321	3
5322	2
5323	4
5324	1
5325	7
5326	2
5327	3
5328	1
5329	2
5330	4
5331	1
5332	5
5333	2
5334	1
5335	3
5336	4
5337	2
5338	2
5339	1
5340	3
5341	2
5342	2
5343	1
5344	2
5345	3
5346	2
5347	1
5348	2
5349	5
5350	4
5351	0
5352	1
5353	3
5354	2
5355	5
5356	1
5357	4
5358	3
5359	4
5360	6
5361	2
5362	1
5363	4
5364	0
5365	0
5366	3
5367	2
5368	4
5369	3
5370	0
5371	3
5372	3
5373	6
5374	3
5375	3
5376	2
5377	3
5378	4
5379	5
5380	1
5381	2
5382	3
5383	1
5384	3
5385	2
5386	3
5387	2
5388	3
5389	4
5390	2
5391	3
5392	2
5393	2
5394	3
5395	1
5396	5
5397	1
5398	2
5399	2
5400	2
5401	1
5402	1
5403	3
5404	2
5405	1
5406	2
5407	1
5408	1
5409	4
5410	1
5411	3
5412	1
5413	6
5414	4
5415	2
5416	2
5417	3
5418	3
5419	1
5420	3
5421	2
5422	0
5423	2
5424	4
5425	1
5426	3
5427	0
5428	0
5429	4
5430	2
5431	2
5432	3
5433	3
5434	6
5435	3
5436	2
5437	2
5438	1
5439	3
5440	1
5441	1
5442	2
5443	1
5444	6
5445	4
5446	3
5447	1
5448	3
5449	2
5450	2
5451	1
5452	2
5453	3
5454	3
5455	2
5456	5
5457	1
5458	5
5459	4
5460	2
5461	5
5462	3
5463	1
5464	2
5465	7
5466	2
5467	2
5468	1
5469	1
5470	2
5471	1
5472	2
5473	4
5474	2
5475	5
5476	2
5477	5
5478	2
5479	2
5480	4
5481	1
5482	4
5483	8
5484	3
5485	3
5486	1
5487	2
5488	0
5489	2
5490	2
5491	1
5492	1
5493	0
5494	1
5495	2
5496	2
5497	2
5498	1
5499	8
5500	4
5501	3
5502	2
5503	4
5504	4
5505	1
5506	3
5507	2
5508	3
5509	4
5510	5
5511	3
5512	2
5513	4
5514	1
5515	1
5516	1
5517	3
5518	3
5519	1
5520	1
5521	1
5522	3
5523	4
5524	3
5525	2
5526	2
5527	2
5528	2
5529	2
5530	2
5531	2
5532	1
5533	4
5534	4
5535	1
5536	4
5537	2
5538	0
5539	2
5540	2
5541	4
5542	1
5543	5
5544	4
5545	1
5546	1
5547	2
5548	1
5549	0
5550	3
5551	3
5552	6
5553	2
5554	4
5555	1
5556	1
5557	2
5558	1
5559	2
5560	1
5561	3
5562	2
5563	0
5564	0
5565	2
5566	1
5567	1
5568	2
5569	3
5570	0
5571	4
5572	5
5573	3
5574	2
5575	3
5576	0
5577	1
5578	1
5579	2
5580	0
5581	0
5582	1
5583	3
5584	2
5585	1
5586	4
5587	5
5588	2
5589	0
5590	0
5591	1
5592	3
5593	5
5594	3
5595	1
5596	1
5597	6
5598	2
5599	2
5600	4
5601	2
5602	4
5603	1
5604	2
5605	2
5606	2
5607	3
5608	0
5609	2
5610	0
5611	1
5612	5
5613	2
5614	2
5615	0
5616	2
5617	3
5618	3
5619	4
5620	2
5621	2
5622	6
5623	2
5624	4
5625	0
5626	3
5627	4
5628	1
5629	5
5630	2
5631	3
5632	2
5633	4
5634	0
5635	4
5636	2
5637	0
5638	2
5639	2
5640	4
5641	1
5642	2
5643	0
5644	1
5645	4
5646	2
5647	1
5648	3
5649	3
5650	3
5651	0
5652	1
5653	2
5654	2
5655	2
5656	0
5657	2
5658	4
5659	1
5660	2
5661	2
5662	3
5663	3
5664	4
5665	1
5666	0
5667	2
5668	3
5669	3
5670	1
5671	5
5672	1
5673	0
5674	3
5675	3
5676	3
5677	0
5678	4
5679	5
5680	3
5681	3
5682	3
5683	1
5684	0
5685	2
5686	1
5687	4
5688	4
5689	4
5690	2
5691	0
5692	2
5693	0
5694	8
5695	2
5696	2
5697	7
5698	5
5699	1
5700	2
5701	0
5702	3
5703	2
5704	1
5705	3
5706	3
5707	2
5708	2
5709	1
5710	3
5711	0
5712	4
5713	1
5714	4
5715	1
5716	5
5717	0
5718	3
5719	1
5720	0
5721	3
5722	1
5723	1
5724	1
5725	2
5726	3
5727	3
5728	0
5729	3
5730	1
5731	2
5732	4
5733	2
5734	1
5735	1
5736	1
5737	2
5738	3
5739	0
5740	2
5741	4
5742	2
5743	3
5744	1
5745	1
5746	1
5747	2
5748	4
5749	4
5750	1
5751	5
5752	1
5753	1
5754	4
5755	4
5756	5
5757	5
5758	6
5759	2
5760	5
5761	3
5762	2
5763	2
5764	1
5765	2
5766	1
5767	5
5768	2
5769	1
5770	2
5771	3
5772	3
5773	1
5774	4
5775	3
5776	1
5777	4
5778	0
5779	4
5780	1
5781	1
5782	3
5783	2
5784	2
5785	5
5786	3
5787	3
5788	3
5789	1
5790	1
5791	2
5792	2
5793	1
5794	1
5795	1
5796	3
5797	1
5798	1
5799	4
5800	1
5801	6
5802	2
5803	6
5804	4
5805	2
5806	1
5807	2
5808	2
5809	4
5810	1
5811	3
5812	0
5813	3
5814	2
5815	3
5816	1
5817	3
5818	0
5819	2
5820	0
5821	1
5822	5
5823	5
5824	4
5825	1
5826	5
5827	1
5828	4
5829	4
5830	6
5831	3
5832	1
5833	1
5834	2
5835	7
5836	2
5837	4
5838	3
5839	3
5840	3
5841	2
5842	3
5843	3
5844	2
5845	1
5846	2
5847	0
5848	5
5849	1
5850	3
5851	4
5852	0
5853	3
5854	1
5855	0
5856	4
5857	1
5858	3
5859	1
5860	1
5861	5
5862	4
5863	2
5864	3
5865	4
5866	3
5867	2
5868	1
5869	2
5870	2
5871	0
5872	0
5873	2
5874	3
5875	0
5876	2
5877	2
5878	1
5879	1
5880	2
5881	4
5882	1
5883	3
5884	2
5885	2
5886	2
5887	2
5888	3
5889	4
5890	1
5891	2
5892	3
5893	2
5894	4
5895	2
5896	2
5897	4
5898	1
5899	0
5900	1
5901	4
5902	3
5903	3
5904	4
5905	1
5906	3
5907	3
5908	3
5909	1
5910	3
5911	1
5912	2
5913	7
5914	3
5915	0
5916	1
5917	0
5918	1
5919	1
5920	3
5921	5
5922	1
5923	6
5924	3
5925	0
5926	1
5927	1
5928	3
5929	0
5930	2
5931	4
5932	2
5933	1
5934	1
5935	2
5936	3
5937	2
5938	0
5939	0
5940	5
5941	3
5942	3
5943	2
5944	5
5945	3
5946	2
5947	2
5948	0
5949	2
5950	0
5951	3
5952	2
5953	0
5954	3
5955	4
5956	3
5957	3
5958	2
5959	5
5960	3
5961	1
5962	0
5963	0
5964	2
5965	3
5966	0
5967	1
5968	5
5969	3
5970	1
5971	2
5972	4
5973	3
5974	0
5975	2
5976	3
5977	3
5978	1
5979	3
5980	2
5981	0
5982	4
5983	1
5984	1
5985	1
5986	0
5987	5
5988	0
5989	2
5990	3
5991	5
5992	2
5993	0
5994	1
5995	5
5996	3
5997	1
5998	3
5999	1
6000	0
6001	0
6002	4
6003	1
6004	5
6005	0
6006	1
6007	3
6008	0
6009	0
6010	0
6011	3
6012	2
6013	4
6014	4
6015	2
6016	2
6017	1
6018	2
6019	1
6020	4
6021	4
6022	4
6023	2
6024	1
6025	2
6026	3
6027	5
6028	1
6029	0
6030	2
6031	1
6032	3
6033	1
6034	3
6035	5
6036	4
6037	2
6038	3
6039	0
6040	1
6041	4
6042	1
6043	1
6044	3
6045	1
6046	1
6047	2
6048	1
6049	3
6050	4
6051	3
6052	1
6053	4
6054	0
6055	3
6056	3
6057	1
6058	3
6059	4
6060	2
6061	4
6062	2
6063	1
6064	1
6065	4
6066	0
6067	2
6068	2
6069	2
6070	6
6071	2
6072	2
6073	2
6074	2
6075	2
6076	3
6077	3
6078	5
6079	2
6080	3
6081	3
6082	1
6083	3
6084	1
6085	0
6086	3
6087	0
6088	3
6089	1
6090	3
6091	2
6092	2
6093	2
6094	4
6095	3
6096	3
6097	2
6098	2
6099	0
6100	1
6101	2
6102	0
6103	0
6104	4
6105	4
6106	1
6107	2
6108	0
6109	4
6110	3
6111	5
6112	1
6113	1
6114	2
6115	3
6116	1
6117	3
6118	0
6119	2
6120	0
6121	1
6122	2
6123	2
6124	0
6125	2
6126	2
6127	0
6128	2
6129	3
6130	1
6131	5
6132	2
6133	3
6134	4
6135	2
6136	3
6137	4
6138	2
6139	3
6140	5
6141	2
6142	3
6143	2
6144	3
6145	0
6146	1
6147	0
6148	2
6149	2
6150	1
6151	1
6152	3
6153	0
6154	4
6155	1
6156	6
6157	2
6158	3
6159	2
6160	4
6161	1
6162	1
6163	0
6164	3
6165	1
6166	5
6167	2
6168	0
6169	3
6170	5
6171	3
6172	1
6173	3
6174	1
6175	2
6176	4
6177	2
6178	1
6179	5
6180	1
6181	4
6182	3
6183	2
6184	4
6185	4
6186	3
6187	2
6188	2
6189	0
6190	2
6191	3
6192	2
6193	6
6194	0
6195	1
6196	1
6197	2
6198	2
6199	2
6200	2
6201	4
6202	2
6203	1
6204	3
6205	1
6206	0
6207	2
6208	2
6209	2
6210	1
6211	1
6212	3
6213	1
6214	1
6215	2
6216	2
6217	2
6218	2
6219	0
6220	3
6221	2
6222	1
6223	1
6224	2
6225	4
6226	0
6227	3
6228	2
6229	3
6230	1
6231	3
6232	1
6233	1
6234	2
6235	1
6236	0
6237	1
6238	3
6239	1
6240	0
6241	4
6242	1
6243	1
6244	2
6245	2
6246	4
6247	0
6248	1
6249	3
6250	1
6251	1
6252	2
6253	4
6254	6
6255	3
6256	2
6257	1
6258	3
6259	2
6260	3
6261	0
6262	4
6263	2
6264	0
6265	0
6266	1
6267	2
6268	1
6269	2
6270	1
6271	2
6272	0
6273	0
6274	5
6275	0
6276	2
6277	0
6278	1
6279	1
6280	1
6281	5
6282	2
6283	3
6284	4
6285	4
6286	2
6287	4
6288	4
6289	1
6290	4
6291	3
6292	1
6293	2
6294	2
6295	2
6296	0
6297	1
6298	1
6299	1
6300	0
6301	3
6302	2
6303	1
6304	3
6305	1
6306	2
6307	2
6308	4
6309	2
6310	0
6311	0
6312	3
6313	3
6314	3
6315	1
6316	1
6317	6
6318	3
6319	3
6320	5
6321	2
6322	3
6323	0
6324	0
6325	0
6326	2
6327	0
6328	1
6329	1
6330	2
6331	1
6332	1
6333	0
6334	2
6335	3
6336	3
6337	1
6338	1
6339	4
6340	0
6341	3
6342	3
6343	0
6344	5
6345	0
6346	3
6347	4
6348	1
6349	6
6350	1
6351	8
6352	3
6353	1
6354	4
6355	2
6356	2
6357	0
6358	1
6359	7
6360	2
6361	1
6362	2
6363	1
6364	2
6365	4
6366	2
6367	1
6368	3
6369	0
6370	1
6371	4
6372	2
6373	2
6374	1
6375	2
6376	2
6377	0
6378	1
6379	2
6380	2
6381	1
6382	4
6383	0
6384	4
6385	2
6386	2
6387	3
6388	2
6389	1
6390	2
6391	3
6392	2
6393	2
6394	0
6395	2
6396	0
6397	1
6398	2
6399	1
6400	1
6401	4
6402	2
6403	2
6404	4
6405	5
6406	4
6407	0
6408	2
6409	1
6410	1
6411	1
6412	2
6413	1
6414	2
6415	5
6416	1
6417	4
6418	4
6419	2
6420	2
6421	4
6422	2
6423	2
6424	3
6425	2
6426	1
6427	0
6428	0
6429	2
6430	1
6431	4
6432	4
6433	3
6434	2
6435	2
6436	4
6437	2
6438	4
6439	2
6440	1
6441	2
6442	0
6443	0
6444	4
6445	2
6446	1
6447	1
6448	3
6449	2
6450	3
6451	3
6452	1
6453	1
6454	2
6455	0
6456	4
6457	1
6458	1
6459	2
6460	3
6461	2
6462	4
6463	0
6464	2
6465	1
6466	3
6467	4
6468	2
6469	2
6470	5
6471	2
6472	4
6473	1
6474	4
6475	1
6476	1
6477	5
6478	1
6479	0
6480	1
6481	2
6482	3
6483	2
6484	2
6485	0
6486	1
6487	2
6488	3
6489	3
6490	1
6491	2
6492	2
6493	1
6494	5
6495	3
6496	2
6497	2
6498	2
6499	2
6500	2
6501	1
6502	2
6503	3
6504	0
6505	5
6506	4
6507	2
6508	2
6509	2
6510	2
6511	3
6512	1
6513	2
6514	3
6515	3
6516	2
6517	2
6518	2
6519	2
6520	3
6521	0
6522	2
6523	0
6524	1
6525	1
6526	0
6527	2
6528	1
6529	2
6530	4
6531	2
6532	1
6533	3
6534	4
6535	1
6536	2
6537	1
6538	2
6539	3
6540	2
6541	2
6542	2
6543	2
6544	1
6545	1
6546	2
6547	2
6548	1
6549	2
6550	2
6551	1
6552	2
6553	2
6554	2
6555	5
6556	1
6557	5
6558	1
6559	1
6560	2
6561	1
6562	2
6563	2
6564	2
6565	1
6566	2
6567	4
6568	2
6569	1
6570	2
6571	2
6572	1
6573	0
6574	4
6575	1
6576	3
6577	0
6578	3
6579	1
6580	6
6581	1
6582	4
6583	4
6584	6
6585	3
6586	3
6587	1
6588	1
6589	3
6590	1
6591	1
6592	3
6593	2
6594	1
6595	2
6596	3
6597	2
6598	1
6599	0
6600	2
6601	1
6602	2
6603	4
6604	3
6605	1
6606	3
6607	3
6608	2
6609	1
6610	3
6611	1
6612	2
6613	2
6614	1
6615	0
6616	3
6617	4
6618	4
6619	0
6620	3
6621	3
6622	2
6623	5
6624	1
6625	1
6626	0
6627	1
6628	2
6629	5
6630	2
6631	2
6632	1
6633	5
6634	2
6635	4
6636	4
6637	2
6638	0
6639	1
6640	3
6641	1
6642	1
6643	1
6644	3
6645	5
6646	2
6647	1
6648	1
6649	1
6650	3
6651	1
6652	1
6653	3
6654	3
6655	3
6656	0
6657	3
6658	2
6659	1
6660	2
6661	2
6662	1
6663	0
6664	0
6665	0
6666	0
6667	3
6668	2
6669	3
6670	1
6671	3
6672	3
6673	2
6674	2
6675	3
6676	2
6677	1
6678	2
6679	0
6680	1
6681	2
6682	6
6683	1
6684	0
6685	3
6686	1
6687	1
6688	3
6689	3
6690	0
6691	1
6692	0
6693	1
6694	2
6695	2
6696	0
6697	0
6698	1
6699	3
6700	2
6701	2
6702	1
6703	0
6704	2
6705	2
6706	1
6707	1
6708	1
6709	3
6710	2
6711	4
6712	4
6713	3
6714	1
6715	1
6716	5
6717	0
6718	2
6719	2
6720	1
6721	0
6722	5
6723	2
6724	1
6725	1
6726	2
6727	4
6728	2
6729	3
6730	1
6731	3
6732	2
6733	4
6734	2
6735	2
6736	0
6737	3
6738	4
6739	1
6740	2
6741	2
6742	3
6743	3
6744	2
6745	0
6746	3
6747	1
6748	3
6749	1
6750	1
6751	3
6752	2
6753	4
6754	2
6755	3
6756	3
6757	1
6758	0
6759	2
6760	2
6761	1
6762	2
6763	1
6764	2
6765	3
6766	5
6767	0
6768	3
6769	1
6770	1
6771	1
6772	2
6773	1
6774	1
6775	2
6776	2
6777	2
6778	0
6779	1
6780	3
6781	2
6782	2
6783	0
6784	3
6785	1
6786	3
6787	2
6788	1
6789	1
6790	2
6791	3
6792	1
6793	2
6794	0
6795	2
6796	1
6797	2
6798	2
6799	3
6800	2
6801	3
6802	3
6803	2
6804	4
6805	3
6806	3
6807	1
6808	1
6809	1
6810	5
6811	1
6812	1
6813	0
6814	1
6815	2
6816	3
6817	4
6818	2
6819	1
6820	0
6821	2
6822	1
6823	0
6824	0
6825	2
6826	1
6827	0
6828	1
6829	2
6830	2
6831	1
6832	3
6833	1
6834	1
6835	2
6836	1
6837	1
6838	3
6839	1
6840	0
6841	2
6842	6
6843	0
6844	2
6845	2
6846	1
6847	2
6848	1
6849	2
6850	1
6851	1
6852	2
6853	1
6854	2
6855	2
6856	2
6857	1
6858	4
6859	2
6860	0
6861	1
6862	2
6863	1
6864	1
6865	0
6866	3
6867	3
6868	1
6869	3
6870	2
6871	3
6872	3
6873	2
6874	2
6875	2
6876	3
6877	1
6878	0
6879	4
6880	1
6881	3
6882	4
6883	3
6884	0
6885	0
6886	4
6887	3
6888	1
6889	0
6890	2
6891	5
6892	2
6893	4
6894	1
6895	1
6896	1
6897	4
6898	3
6899	2
6900	2
6901	2
6902	4
6903	2
6904	3
6905	1
6906	2
6907	1
6908	1
6909	3
6910	0
6911	2
6912	1
6913	2
6914	0
6915	0
6916	1
6917	4
6918	2
6919	2
6920	0
6921	2
6922	0
6923	4
6924	2
6925	3
6926	1
6927	5
6928	1
6929	2
6930	1
6931	0
6932	3
6933	3
6934	0
6935	3
6936	5
6937	6
6938	3
6939	2
6940	2
6941	1
6942	3
6943	2
6944	1
6945	2
6946	2
6947	2
6948	1
6949	1
6950	4
6951	4
6952	1
6953	1
6954	1
6955	3
6956	2
6957	0
6958	2
6959	0
6960	3
6961	2
6962	4
6963	2
6964	2
6965	3
6966	1
6967	0
6968	2
6969	3
6970	3
6971	2
6972	5
6973	1
6974	1
6975	1
6976	1
6977	1
6978	1
6979	2
6980	1
6981	0
6982	1
6983	2
6984	2
6985	2
6986	2
6987	3
6988	0
6989	2
6990	2
6991	2
6992	2
6993	3
6994	1
6995	1
6996	0
6997	3
6998	3
6999	4
7000	3
7001	0
7002	2
7003	2
7004	1
7005	3
7006	4
7007	2
7008	0
7009	1
7010	2
7011	1
7012	1
7013	3
7014	5
7015	0
7016	4
7017	2
7018	2
7019	2
7020	3
7021	3
7022	2
7023	3
7024	3
7025	1
7026	0
7027	2
7028	2
7029	1
7030	2
7031	4
7032	1
7033	7
7034	2
7035	1
7036	1
7037	0
7038	1
7039	0
7040	1
7041	0
7042	2
7043	0
7044	0
7045	4
7046	2
7047	1
7048	5
7049	0
7050	1
7051	5
7052	2
7053	0
7054	3
7055	2
7056	3
7057	1
7058	6
7059	0
7060	2
7061	0
7062	1
7063	3
7064	1
7065	1
7066	3
7067	4
7068	1
7069	3
7070	1
7071	1
7072	3
7073	3
7074	3
7075	2
7076	5
7077	5
7078	1
7079	2
7080	1
7081	2
7082	3
7083	5
7084	4
7085	2
7086	0
7087	1
7088	5
7089	2
7090	2
7091	1
7092	0
7093	0
7094	3
7095	3
7096	2
7097	3
7098	2
7099	1
7100	2
7101	3
7102	3
7103	1
7104	2
7105	0
7106	5
7107	1
7108	2
7109	1
7110	3
7111	1
7112	2
7113	2
7114	5
7115	1
7116	1
7117	2
7118	0
7119	2
7120	2
7121	3
7122	3
7123	3
7124	3
7125	2
7126	2
7127	1
7128	2
7129	1
7130	1
7131	1
7132	4
7133	2
7134	3
7135	0
7136	3
7137	3
7138	0
7139	2
7140	2
7141	1
7142	2
7143	1
7144	3
7145	3
7146	1
7147	2
7148	4
7149	1
7150	0
7151	2
7152	2
7153	3
7154	2
7155	3
7156	3
7157	1
7158	1
7159	1
7160	1
7161	1
7162	1
7163	0
7164	3
7165	3
7166	2
7167	0
7168	2
7169	2
7170	3
7171	1
7172	3
7173	2
7174	1
7175	3
7176	4
7177	0
7178	1
7179	4
7180	4
7181	1
7182	0
7183	1
7184	2
7185	3
7186	3
7187	2
7188	3
7189	2
7190	4
7191	4
7192	1
7193	1
7194	1
7195	3
7196	3
7197	2
7198	2
7199	3
7200	3
7201	0
7202	1
7203	0
7204	2
7205	0
7206	0
7207	2
7208	1
7209	1
7210	1
7211	4
7212	3
7213	1
7214	2
7215	4
7216	1
7217	3
7218	3
7219	4
7220	1
7221	2
7222	2
7223	0
7224	1
7225	1
7226	2
7227	5
7228	0
7229	2
7230	2
7231	1
7232	5
7233	1
7234	1
7235	1
7236	1
7237	1
7238	2
7239	2
7240	3
7241	0
7242	1
7243	1
7244	0
7245	2
7246	1
7247	1
7248	0
7249	3
7250	3
7251	5
7252	2
7253	3
7254	4
7255	4
7256	2
7257	1
7258	1
7259	2
7260	3
7261	1
7262	1
7263	1
7264	0
7265	3
7266	4
7267	1
7268	1
7269	1
7270	2
7271	0
7272	2
7273	1
7274	3
7275	0
7276	1
7277	1
7278	4
7279	1
7280	1
7281	3
7282	1
7283	0
7284	3
7285	2
7286	4
7287	3
7288	2
7289	0
7290	1
7291	0
7292	3
7293	1
7294	1
7295	1
7296	1
7297	1
7298	2
7299	1
7300	3
7301	2
7302	2
7303	2
7304	4
7305	1
7306	1
7307	1
7308	0
7309	2
7310	1
7311	4
7312	5
7313	3
7314	1
7315	3
7316	2
7317	4
7318	1
7319	2
7320	3
7321	1
7322	2
7323	1
7324	1
7325	4
7326	2
7327	0
7328	0
7329	1
7330	4
7331	0
7332	2
7333	2
7334	1
7335	3
7336	0
7337	1
7338	1
7339	2
7340	3
7341	1
7342	0
7343	2
7344	1
7345	2
7346	0
7347	1
7348	4
7349	2
7350	3
7351	0
7352	3
7353	0
7354	1
7355	4
7356	5
7357	4
7358	2
7359	0
7360	2
7361	3
7362	2
7363	0
7364	2
7365	2
7366	3
7367	4
7368	2
7369	1
7370	3
7371	3
7372	1
7373	1
7374	4
7375	2
7376	0
7377	0
7378	0
7379	1
7380	1
7381	2
7382	5
7383	0
7384	2
7385	1
7386	2
7387	1
7388	3
7389	0
7390	1
7391	0
7392	2
7393	3
7394	3
7395	2
7396	3
7397	2
7398	0
7399	2
7400	5
7401	3
7402	1
7403	1
7404	2
7405	1
7406	2
7407	3
7408	1
7409	2
7410	0
7411	1
7412	0
7413	2
7414	4
7415	2
7416	1
7417	2
7418	2
7419	1
7420	1
7421	3
7422	3
7423	3
7424	2
7425	4
7426	4
7427	0
7428	1
7429	2
7430	0
7431	0
7432	2
7433	2
7434	3
7435	3
7436	4
7437	3
7438	0
7439	1
7440	0
7441	2
7442	1
7443	0
7444	1
7445	0
7446	2
7447	2
7448	3
7449	3
7450	1
7451	2
7452	0
7453	3
7454	0
7455	4
7456	3
7457	1
7458	3
7459	2
7460	2
7461	2
7462	4
7463	3
7464	1
7465	2
7466	2
7467	1
7468	0
7469	1
7470	1
7471	1
7472	5
7473	4
7474	3
7475	1
7476	3
7477	4
7478	2
7479	2
7480	2
7481	2
7482	2
7483	3
7484	2
7485	0
7486	0
7487	3
7488	1
7489	2
7490	0
7491	4
7492	1
7493	4
7494	2
7495	4
7496	2
7497	0
7498	3
7499	2
7500	1
7501	1
7502	2
7503	4
7504	1
7505	0
7506	3
7507	7
7508	4
7509	3
7510	0
7511	0
7512	4
7513	1
7514	2
7515	3
7516	2
7517	2
7518	2
7519	4
7520	1
7521	0
7522	0
7523	3
7524	0
7525	2
7526	0
7527	0
7528	0
7529	3
7530	3
7531	1
7532	1
7533	1
7534	0
7535	2
7536	0
7537	3
7538	1
7539	1
7540	2
7541	0
7542	0
7543	2
7544	0
7545	1
7546	1
7547	0
7548	2
7549	4
7550	4
7551	2
7552	3
7553	0
7554	0
7555	0
7556	4
7557	1
7558	5
7559	2
7560	0
7561	4
7562	0
7563	0
7564	1
7565	0
7566	4
7567	2
7568	0
7569	4
7570	2
7571	1
7572	1
7573	0
7574	2
7575	1
7576	2
7577	1
7578	3
7579	0
7580	2
7581	4
7582	2
7583	3
7584	1
7585	0
7586	2
7587	3
7588	2
7589	4
7590	3
7591	0
7592	2
7593	1
7594	3
7595	4
7596	0
7597	0
7598	2
7599	2
7600	3
7601	0
7602	0
7603	2
7604	2
7605	0
7606	5
7607	3
7608	1
7609	1
7610	0
7611	2
7612	1
7613	2
7614	3
7615	2
7616	2
7617	3
7618	5
7619	1
7620	1
7621	2
7622	0
7623	2
7624	2
7625	3
7626	2
7627	1
7628	1
7629	1
7630	0
7631	3
7632	3
7633	2
7634	1
7635	2
7636	2
7637	3
7638	0
7639	2
7640	1
7641	5
7642	3
7643	0
7644	3
7645	0
7646	0
7647	2
7648	1
7649	4
7650	0
7651	3
7652	1
7653	1
7654	0
7655	1
7656	1
7657	4
7658	2
7659	0
7660	2
7661	1
7662	2
7663	1
7664	3
7665	0
7666	0
7667	2
7668	0
7669	2
7670	1
7671	3
7672	2
7673	2
7674	1
7675	0
7676	2
7677	2
7678	1
7679	1
7680	1
7681	1
7682	1
7683	0
7684	1
7685	2
7686	3
7687	3
7688	0
7689	4
7690	2
7691	2
7692	2
7693	2
7694	1
7695	0
7696	1
7697	3
7698	1
7699	2
7700	0
7701	1
7702	1
7703	1
7704	0
7705	1
7706	5
7707	4
7708	0
7709	2
7710	2
7711	0
7712	4
7713	2
7714	2
7715	2
7716	3
7717	2
7718	3
7719	2
7720	2
7721	4
7722	2
7723	0
7724	1
7725	1
7726	4
7727	0
7728	2
7729	3
7730	2
7731	3
7732	1
7733	1
7734	0
7735	1
7736	2
7737	3
7738	0
7739	0
7740	4
7741	2
7742	4
7743	3
7744	0
7745	2
7746	4
7747	1
7748	1
7749	0
7750	1
7751	0
7752	1
7753	5
7754	2
7755	5
7756	4
7757	2
7758	3
7759	0
7760	1
7761	1
7762	4
7763	4
7764	2
7765	1
7766	0
7767	3
7768	2
7769	1
7770	0
7771	3
7772	3
7773	0
7774	3
7775	3
7776	3
7777	2
7778	3
7779	2
7780	1
7781	2
7782	3
7783	1
7784	2
7785	0
7786	2
7787	2
7788	1
7789	2
7790	1
7791	3
7792	1
7793	2
7794	2
7795	0
7796	1
7797	2
7798	6
7799	2
7800	2
7801	3
7802	1
7803	2
7804	3
7805	1
7806	2
7807	4
7808	2
7809	2
7810	1
7811	2
7812	2
7813	2
7814	1
7815	1
7816	2
7817	0
7818	3
7819	1
7820	1
7821	1
7822	4
7823	1
7824	0
7825	1
7826	1
7827	1
7828	2
7829	1
7830	1
7831	0
7832	3
7833	2
7834	3
7835	2
7836	4
7837	1
7838	2
7839	4
7840	1
7841	4
7842	3
7843	2
7844	2
7845	1
7846	1
7847	4
7848	1
7849	3
7850	1
7851	3
7852	5
7853	2
7854	5
7855	3
7856	6
7857	2
7858	0
7859	3
7860	3
7861	1
7862	3
7863	1
7864	2
7865	1
7866	0
7867	0
7868	4
7869	2
7870	2
7871	2
7872	1
7873	5
7874	1
7875	3
7876	4
7877	8
7878	2
7879	0
7880	3
7881	3
7882	3
7883	1
7884	2
7885	2
7886	1
7887	1
7888	3
7889	2
7890	2
7891	0
7892	1
7893	2
7894	0
7895	2
7896	1
7897	2
7898	5
7899	0
7900	2
7901	2
7902	1
7903	4
7904	6
7905	4
7906	2
7907	2
7908	1
7909	0
7910	3
7911	2
7912	3
7913	7
7914	2
7915	2
7916	4
7917	3
7918	3
7919	3
7920	3
7921	0
7922	4
7923	2
7924	3
7925	2
7926	2
7927	0
7928	2
7929	0
7930	1
7931	4
7932	0
7933	2
7934	2
7935	3
7936	1
7937	0
7938	0
7939	0
7940	2
7941	3
7942	2
7943	3
7944	0
7945	1
7946	1
7947	1
7948	1
7949	2
7950	2
7951	2
7952	1
7953	1
7954	0
7955	0
7956	0
7957	0
7958	2
7959	3
7960	4
7961	2
7962	3
7963	0
7964	2
7965	3
7966	3
7967	4
7968	2
7969	2
7970	0
7971	1
7972	2
7973	5
7974	2
7975	3
7976	0
7977	1
7978	1
7979	1
7980	0
7981	2
7982	1
7983	2
7984	0
7985	0
7986	1
7987	0
7988	1
7989	1
7990	1
7991	1
7992	1
7993	1
7994	1
7995	1
7996	2
7997	3
7998	1
7999	1
8000	2
8001	2
8002	1
8003	3
8004	3
8005	2
8006	6
8007	4
8008	0
8009	1
8010	1
8011	1
8012	2
8013	1
8014	1
8015	2
8016	1
8017	2
8018	4
8019	1
8020	0
8021	2
8022	2
8023	2
8024	1
8025	1
8026	2
8027	1
8028	1
8029	2
8030	0
8031	4
8032	1
8033	3
8034	3
8035	1
8036	0
8037	0
8038	2
8039	4
8040	1
8041	0
8042	0
8043	2
8044	2
8045	2
8046	0
8047	3
8048	0
8049	2
8050	3
8051	4
8052	2
8053	1
8054	3
8055	1
8056	5
8057	4
8058	0
8059	2
8060	2
8061	2
8062	2
8063	1
8064	0
8065	0
8066	0
8067	0
8068	0
8069	0
8070	0
8071	0
8072	0
8073	0
8074	0
8075	0
8076	0
8077	0
8078	0
8079	0
8080	0
8081	0
8082	0
8083	0
8084	0
8085	0
8086	0
8087	0
8088	0
8089	0
8090	0
8091	0
8092	0
8093	0
8094	0
8095	0
8096	0
8097	0
8098	0
8099	0
8100	0
8101	0
8102	0
8103	0
8104	0
8105	0
8106	0
8107	0
8108	0
8109	0
8110	0
8111	0
8112	0
8113	0
8114	0
8115	0
8116	0
8117	0
8118	0
8119	0
8120	0
8121	0
8122	0
8123	0
8124	0
8125	0
8126	0
8127	0
8128	0
8129	0
8130	0
8131	0
8132	0
8133	0
8134	0
8135	0
8136	0
8137	0
8138	0
8139	0
8140	0
8141	0
8142	0
8143	0
8144	0
8145	0
8146	0
8147	0
8148	0
8149	0
8150	0
8151	0
8152	0
8153	0
8154	0
8155	0
8156	0
8157	0
8158	0
8159	0
8160	0
8161	0
8162	0
8163	0
8164	0
8165	0
8166	0
8167	0
8168	0
8169	0
8170	0
8171	0
8172	0
8173	0
8174	0
8175	0
8176	0
8177	0
8178	0
8179	0
8180	0
8181	0
8182	0
8183	0
8184	0
8185	0
8186	0
8187	0
8188	0
8189	0
8190	0
8191	0
