-2	86400
-1	86429.88
0	0
1	0
2	0
3	0
4	0
5	0
6	0
7	0
8	0
9	0
10	0
11	0
12	0
13	0
14	0
15	0
16	0
17	0
18	0
19	0
20	0
21	0
22	0
23	0
24	0
25	0
26	0
27	0
28	0
29	0
30	0
31	0
32	0
33	0
34	0
35	0
36	0
37	0
38	0
39	0
40	0
41	0
42	0
43	0
44	0
45	0
46	1
47	1
48	0
49	77
50	343
51	516
52	579
53	711
54	750
55	838
56	820
57	858
58	822
59	817
60	771
61	752
62	772
63	812
64	765
65	806
66	761
67	808
68	795
69	747
70	724
71	783
72	792
73	802
74	800
75	808
76	869
77	827
78	850
79	813
80	871
81	834
82	828
83	815
84	787
85	841
86	806
87	835
88	866
89	810
90	834
91	795
92	867
93	844
94	830
95	869
96	838
97	859
98	916
99	891
100	886
101	901
102	1003
103	962
104	879
105	912
106	985
107	1049
108	978
109	1024
110	964
111	1014
112	1018
113	1081
114	1079
115	1141
116	1091
117	1135
118	1150
119	1175
120	1188
121	1194
122	1225
123	1266
124	1239
125	1235
126	1293
127	1242
128	1270
129	1356
130	1335
131	1317
132	1318
133	1366
134	1366
135	1404
136	1395
137	1424
138	1434
139	1426
140	1447
141	1441
142	1510
143	1511
144	1485
145	1499
146	1437
147	1400
148	1523
149	1539
150	1601
151	1491
152	1571
153	1554
154	1553
155	1519
156	1635
157	1549
158	1605
159	1542
160	1629
161	1619
162	1683
163	1683
164	1658
165	1601
166	1618
167	1649
168	1658
169	1656
170	1683
171	1626
172	1630
173	1678
174	1686
175	1657
176	1619
177	1642
178	1697
179	1716
180	1707
181	1684
182	1623
183	1650
184	1687
185	1642
186	1631
187	1594
188	1653
189	1644
190	1648
191	1635
192	1670
193	1694
194	1625
195	1676
196	1724
197	1731
198	1664
199	1712
200	1691
201	1644
202	1636
203	1614
204	1587
205	1719
206	1679
207	1650
208	1632
209	1618
210	1736
211	1656
212	1593
213	1585
214	1570
215	1592
216	1562
217	1630
218	1637
219	1641
220	1634
221	1629
222	1578
223	1537
224	1569
225	1550
226	1507
227	1536
228	1507
229	1570
230	1539
231	1468
232	1549
233	1571
234	1549
235	1546
236	1467
237	1452
238	1465
239	1485
240	1431
241	1451
242	1491
243	1466
244	1499
245	1464
246	1389
247	1439
248	1463
249	1451
250	1421
251	1441
252	1345
253	1424
254	1357
255	1346
256	1357
257	1428
258	1384
259	1373
260	1295
261	1320
262	1427
263	1438
264	1474
265	1429
266	1432
267	1362
268	1309
269	1356
270	1358
271	1280
272	1283
273	1240
274	1328
275	1255
276	1270
277	1232
278	1248
279	1264
280	1253
281	1182
282	1287
283	1234
284	1225
285	1182
286	1232
287	1173
288	1180
289	1195
290	1151
291	1188
292	1150
293	1184
294	1179
295	1178
296	1142
297	1153
298	1184
299	1069
300	1143
301	1141
302	1124
303	1125
304	1057
305	1137
306	1067
307	1105
308	1041
309	1054
310	1080
311	1097
312	1095
313	1010
314	985
315	1103
316	1083
317	1022
318	983
319	1027
320	999
321	1034
322	1022
323	992
324	988
325	1024
326	1074
327	1116
328	1009
329	962
330	981
331	1029
332	1002
333	960
334	951
335	1058
336	949
337	947
338	957
339	918
340	946
341	905
342	929
343	946
344	883
345	942
346	895
347	858
348	863
349	927
350	913
351	911
352	933
353	901
354	928
355	909
356	902
357	870
358	892
359	819
360	908
361	831
362	855
363	927
364	820
365	857
366	829
367	892
368	841
369	850
370	822
371	834
372	800
373	869
374	829
375	884
376	803
377	788
378	838
379	810
380	793
381	759
382	794
383	812
384	752
385	756
386	722
387	793
388	887
389	952
390	957
391	893
392	801
393	713
394	740
395	729
396	722
397	797
398	711
399	721
400	704
401	739
402	709
403	720
404	683
405	701
406	720
407	721
408	681
409	742
410	736
411	727
412	633
413	704
414	651
415	665
416	708
417	662
418	688
419	680
420	681
421	696
422	619
423	683
424	642
425	685
426	676
427	674
428	694
429	615
430	659
431	607
432	645
433	669
434	656
435	639
436	635
437	598
438	629
439	611
440	595
441	630
442	574
443	631
444	611
445	609
446	598
447	630
448	646
449	557
450	600
451	627
452	588
453	647
454	614
455	674
456	609
457	586
458	598
459	574
460	607
461	586
462	592
463	658
464	559
465	596
466	573
467	607
468	596
469	522
470	582
471	585
472	560
473	593
474	575
475	612
476	533
477	489
478	515
479	544
480	567
481	538
482	523
483	528
484	544
485	558
486	512
487	508
488	552
489	552
490	537
491	558
492	536
493	560
494	527
495	521
496	503
497	535
498	536
499	493
500	534
501	541
502	551
503	517
504	531
505	544
506	523
507	554
508	490
509	567
510	518
511	501
512	562
513	513
514	537
515	518
516	522
517	492
518	490
519	524
520	531
521	494
522	491
523	480
524	495
525	518
526	468
527	489
528	467
529	495
530	454
531	505
532	505
533	486
534	508
535	487
536	457
537	511
538	465
539	459
540	488
541	446
542	471
543	485
544	461
545	460
546	477
547	474
548	484
549	459
550	477
551	460
552	452
553	479
554	452
555	449
556	452
557	476
558	446
559	463
560	480
561	485
562	663
563	870
564	1179
565	1327
566	1258
567	967
568	746
569	581
570	450
571	446
572	426
573	392
574	439
575	436
576	416
577	478
578	444
579	379
580	400
581	411
582	417
583	410
584	412
585	395
586	430
587	357
588	403
589	425
590	389
591	423
592	391
593	400
594	360
595	385
596	386
597	405
598	371
599	401
600	393
601	364
602	416
603	391
604	391
605	398
606	362
607	372
608	358
609	376
610	361
611	364
612	377
613	381
614	396
615	384
616	370
617	422
618	375
619	369
620	392
621	358
622	395
623	413
624	387
625	400
626	367
627	388
628	381
629	362
630	356
631	356
632	406
633	397
634	384
635	360
636	365
637	360
638	362
639	358
640	361
641	390
642	373
643	485
644	638
645	592
646	574
647	461
648	380
649	327
650	353
651	319
652	331
653	322
654	326
655	327
656	333
657	328
658	346
659	357
660	350
661	337
662	347
663	341
664	373
665	321
666	348
667	349
668	364
669	351
670	327
671	431
672	532
673	666
674	703
675	651
676	455
677	383
678	343
679	300
680	323
681	313
682	333
683	337
684	340
685	314
686	308
687	290
688	288
689	329
690	280
691	335
692	317
693	303
694	289
695	314
696	328
697	295
698	323
699	309
700	300
701	290
702	263
703	329
704	310
705	314
706	287
707	277
708	257
709	288
710	322
711	257
712	279
713	298
714	309
715	271
716	268
717	301
718	285
719	319
720	307
721	320
722	271
723	289
724	293
725	313
726	264
727	306
728	301
729	284
730	262
731	289
732	284
733	309
734	321
735	306
736	304
737	322
738	306
739	299
740	289
741	334
742	292
743	262
744	270
745	280
746	295
747	260
748	282
749	270
750	263
751	262
752	285
753	250
754	285
755	283
756	281
757	280
758	278
759	287
760	296
761	281
762	279
763	267
764	294
765	252
766	273
767	284
768	282
769	310
770	307
771	297
772	310
773	292
774	271
775	301
776	265
777	290
778	286
779	302
780	285
781	263
782	302
783	263
784	297
785	279
786	272
787	248
788	259
789	257
790	272
791	265
792	242
793	286
794	275
795	266
796	237
797	231
798	252
799	278
800	244
801	243
802	302
803	325
804	322
805	341
806	278
807	234
808	265
809	256
810	209
811	248
812	212
813	236
814	242
815	208
816	244
817	251
818	248
819	266
820	224
821	236
822	240
823	246
824	247
825	224
826	239
827	236
828	249
829	219
830	239
831	221
832	231
833	261
834	266
835	260
836	261
837	241
838	234
839	271
840	232
841	250
842	247
843	251
844	237
845	218
846	217
847	254
848	254
849	288
850	288
851	279
852	254
853	265
854	248
855	229
856	236
857	245
858	214
859	259
860	222
861	240
862	226
863	217
864	242
865	215
866	245
867	209
868	263
869	240
870	272
871	235
872	250
873	212
874	204
875	203
876	250
877	224
878	258
879	284
880	268
881	239
882	215
883	224
884	211
885	208
886	211
887	234
888	245
889	199
890	222
891	215
892	236
893	224
894	221
895	211
896	173
897	227
898	187
899	227
900	211
901	197
902	225
903	218
904	208
905	203
906	210
907	197
908	193
909	193
910	229
911	226
912	202
913	205
914	226
915	226
916	221
917	227
918	221
919	228
920	231
921	234
922	210
923	223
924	253
925	229
926	232
927	234
928	245
929	256
930	216
931	209
932	206
933	203
934	217
935	201
936	198
937	191
938	212
939	220
940	205
941	186
942	211
943	215
944	212
945	193
946	228
947	200
948	225
949	208
950	241
951	240
952	222
953	202
954	212
955	200
956	199
957	209
958	214
959	201
960	203
961	184
962	202
963	199
964	191
965	197
966	208
967	159
968	182
969	220
970	208
971	172
972	197
973	210
974	177
975	180
976	191
977	180
978	187
979	186
980	204
981	178
982	210
983	166
984	189
985	202
986	182
987	193
988	187
989	187
990	198
991	203
992	195
993	176
994	176
995	195
996	194
997	170
998	189
999	177
1000	189
1001	196
1002	201
1003	192
1004	202
1005	290
1006	407
1007	504
1008	505
1009	392
1010	255
1011	214
1012	197
1013	187
1014	157
1015	170
1016	178
1017	166
1018	170
1019	179
1020	178
1021	192
1022	167
1023	162
1024	196
1025	152
1026	173
1027	214
1028	173
1029	168
1030	195
1031	182
1032	195
1033	222
1034	187
1035	184
1036	173
1037	158
1038	161
1039	181
1040	145
1041	165
1042	173
1043	165
1044	170
1045	169
1046	176
1047	178
1048	169
1049	195
1050	164
1051	196
1052	162
1053	177
1054	150
1055	175
1056	154
1057	174
1058	192
1059	163
1060	176
1061	202
1062	192
1063	213
1064	225
1065	247
1066	236
1067	241
1068	242
1069	276
1070	332
1071	396
1072	354
1073	263
1074	181
1075	178
1076	162
1077	148
1078	161
1079	135
1080	181
1081	136
1082	183
1083	162
1084	164
1085	155
1086	131
1087	140
1088	176
1089	175
1090	162
1091	164
1092	146
1093	157
1094	170
1095	175
1096	165
1097	152
1098	166
1099	154
1100	151
1101	124
1102	154
1103	133
1104	156
1105	151
1106	154
1107	148
1108	163
1109	180
1110	155
1111	140
1112	157
1113	167
1114	144
1115	149
1116	156
1117	160
1118	162
1119	148
1120	146
1121	154
1122	170
1123	147
1124	156
1125	150
1126	139
1127	152
1128	180
1129	170
1130	140
1131	151
1132	126
1133	165
1134	149
1135	164
1136	154
1137	158
1138	145
1139	135
1140	164
1141	146
1142	142
1143	135
1144	162
1145	155
1146	156
1147	167
1148	126
1149	146
1150	152
1151	156
1152	138
1153	159
1154	146
1155	161
1156	138
1157	155
1158	173
1159	167
1160	149
1161	175
1162	149
1163	149
1164	161
1165	154
1166	159
1167	136
1168	146
1169	144
1170	163
1171	154
1172	147
1173	174
1174	125
1175	125
1176	147
1177	141
1178	166
1179	149
1180	151
1181	142
1182	134
1183	149
1184	120
1185	152
1186	129
1187	177
1188	140
1189	134
1190	152
1191	164
1192	142
1193	150
1194	134
1195	151
1196	149
1197	155
1198	145
1199	173
1200	145
1201	148
1202	142
1203	148
1204	157
1205	143
1206	154
1207	144
1208	153
1209	147
1210	144
1211	158
1212	143
1213	141
1214	149
1215	139
1216	167
1217	138
1218	158
1219	167
1220	141
1221	157
1222	149
1223	133
1224	142
1225	162
1226	161
1227	140
1228	130
1229	145
1230	146
1231	145
1232	173
1233	198
1234	158
1235	188
1236	244
1237	275
1238	357
1239	340
1240	256
1241	196
1242	162
1243	137
1244	117
1245	143
1246	145
1247	135
1248	138
1249	144
1250	127
1251	129
1252	150
1253	166
1254	120
1255	142
1256	126
1257	138
1258	145
1259	150
1260	131
1261	156
1262	142
1263	142
1264	133
1265	135
1266	126
1267	129
1268	146
1269	155
1270	171
1271	116
1272	114
1273	137
1274	164
1275	153
1276	166
1277	166
1278	160
1279	159
1280	151
1281	157
1282	120
1283	144
1284	158
1285	153
1286	153
1287	158
1288	138
1289	149
1290	140
1291	138
1292	148
1293	148
1294	150
1295	149
1296	153
1297	167
1298	120
1299	165
1300	131
1301	131
1302	138
1303	155
1304	136
1305	127
1306	138
1307	122
1308	140
1309	116
1310	127
1311	143
1312	150
1313	131
1314	152
1315	135
1316	142
1317	130
1318	145
1319	131
1320	159
1321	138
1322	164
1323	145
1324	139
1325	132
1326	130
1327	129
1328	158
1329	150
1330	133
1331	140
1332	135
1333	130
1334	150
1335	135
1336	135
1337	143
1338	150
1339	133
1340	150
1341	151
1342	147
1343	139
1344	145
1345	134
1346	126
1347	131
1348	146
1349	142
1350	165
1351	141
1352	157
1353	142
1354	163
1355	144
1356	147
1357	146
1358	127
1359	143
1360	142
1361	142
1362	137
1363	144
1364	168
1365	171
1366	203
1367	204
1368	228
1369	235
1370	207
1371	135
1372	134
1373	149
1374	123
1375	112
1376	130
1377	130
1378	117
1379	121
1380	122
1381	112
1382	112
1383	109
1384	124
1385	130
1386	131
1387	123
1388	100
1389	111
1390	125
1391	122
1392	104
1393	108
1394	106
1395	124
1396	104
1397	120
1398	114
1399	94
1400	108
1401	108
1402	112
1403	120
1404	110
1405	129
1406	126
1407	113
1408	122
1409	119
1410	106
1411	107
1412	130
1413	119
1414	119
1415	117
1416	153
1417	101
1418	105
1419	100
1420	95
1421	111
1422	117
1423	106
1424	104
1425	111
1426	88
1427	102
1428	92
1429	88
1430	115
1431	100
1432	98
1433	90
1434	92
1435	93
1436	97
1437	96
1438	114
1439	90
1440	124
1441	94
1442	114
1443	122
1444	92
1445	75
1446	96
1447	92
1448	120
1449	100
1450	99
1451	86
1452	94
1453	100
1454	87
1455	103
1456	107
1457	102
1458	97
1459	96
1460	89
1461	86
1462	81
1463	95
1464	92
1465	90
1466	95
1467	100
1468	65
1469	102
1470	85
1471	102
1472	93
1473	107
1474	77
1475	83
1476	90
1477	84
1478	79
1479	83
1480	84
1481	90
1482	76
1483	90
1484	80
1485	75
1486	85
1487	86
1488	89
1489	85
1490	86
1491	87
1492	65
1493	67
1494	89
1495	94
1496	67
1497	79
1498	69
1499	74
1500	76
1501	79
1502	99
1503	77
1504	76
1505	94
1506	75
1507	73
1508	78
1509	66
1510	89
1511	83
1512	77
1513	79
1514	80
1515	75
1516	87
1517	78
1518	77
1519	81
1520	109
1521	108
1522	124
1523	121
1524	93
1525	87
1526	84
1527	86
1528	84
1529	83
1530	87
1531	83
1532	70
1533	73
1534	83
1535	67
1536	76
1537	66
1538	79
1539	48
1540	55
1541	62
1542	74
1543	68
1544	66
1545	80
1546	87
1547	75
1548	84
1549	94
1550	91
1551	84
1552	71
1553	86
1554	92
1555	107
1556	107
1557	98
1558	85
1559	72
1560	80
1561	72
1562	72
1563	84
1564	80
1565	75
1566	66
1567	72
1568	65
1569	58
1570	67
1571	65
1572	72
1573	73
1574	68
1575	85
1576	63
1577	83
1578	66
1579	71
1580	63
1581	57
1582	65
1583	86
1584	55
1585	76
1586	73
1587	70
1588	74
1589	74
1590	74
1591	68
1592	73
1593	80
1594	69
1595	65
1596	79
1597	65
1598	76
1599	68
1600	60
1601	68
1602	63
1603	84
1604	72
1605	82
1606	65
1607	58
1608	81
1609	106
1610	269
1611	597
1612	1470
1613	2397
1614	2845
1615	2610
1616	1743
1617	840
1618	334
1619	120
1620	48
1621	56
1622	46
1623	57
1624	45
1625	38
1626	48
1627	49
1628	39
1629	43
1630	36
1631	47
1632	45
1633	42
1634	40
1635	45
1636	40
1637	31
1638	53
1639	34
1640	43
1641	42
1642	49
1643	48
1644	52
1645	40
1646	49
1647	63
1648	45
1649	43
1650	49
1651	46
1652	55
1653	64
1654	47
1655	47
1656	42
1657	41
1658	46
1659	48
1660	48
1661	45
1662	37
1663	41
1664	48
1665	53
1666	55
1667	74
1668	66
1669	52
1670	73
1671	59
1672	46
1673	43
1674	42
1675	55
1676	48
1677	40
1678	31
1679	39
1680	49
1681	43
1682	42
1683	33
1684	33
1685	31
1686	43
1687	36
1688	41
1689	28
1690	33
1691	45
1692	44
1693	47
1694	42
1695	29
1696	35
1697	42
1698	36
1699	41
1700	36
1701	51
1702	43
1703	36
1704	45
1705	50
1706	41
1707	38
1708	40
1709	44
1710	32
1711	36
1712	36
1713	52
1714	40
1715	37
1716	33
1717	26
1718	50
1719	34
1720	40
1721	29
1722	51
1723	44
1724	28
1725	34
1726	39
1727	30
1728	37
1729	42
1730	48
1731	42
1732	35
1733	31
1734	43
1735	43
1736	38
1737	36
1738	43
1739	34
1740	40
1741	33
1742	42
1743	36
1744	45
1745	49
1746	46
1747	43
1748	55
1749	52
1750	48
1751	47
1752	63
1753	83
1754	81
1755	113
1756	93
1757	74
1758	61
1759	81
1760	70
1761	52
1762	49
1763	43
1764	48
1765	38
1766	41
1767	34
1768	39
1769	37
1770	43
1771	34
1772	26
1773	29
1774	37
1775	32
1776	41
1777	34
1778	26
1779	29
1780	35
1781	32
1782	38
1783	34
1784	27
1785	38
1786	42
1787	33
1788	43
1789	39
1790	56
1791	42
1792	62
1793	53
1794	46
1795	26
1796	36
1797	42
1798	43
1799	43
1800	68
1801	52
1802	67
1803	47
1804	45
1805	41
1806	39
1807	35
1808	34
1809	33
1810	25
1811	33
1812	36
1813	31
1814	31
1815	40
1816	35
1817	39
1818	33
1819	22
1820	28
1821	28
1822	33
1823	29
1824	29
1825	38
1826	39
1827	31
1828	40
1829	27
1830	42
1831	26
1832	38
1833	51
1834	45
1835	43
1836	48
1837	50
1838	36
1839	38
1840	25
1841	41
1842	29
1843	33
1844	24
1845	28
1846	26
1847	44
1848	29
1849	17
1850	26
1851	32
1852	39
1853	32
1854	38
1855	44
1856	32
1857	42
1858	30
1859	32
1860	27
1861	29
1862	34
1863	29
1864	39
1865	27
1866	28
1867	34
1868	27
1869	36
1870	33
1871	29
1872	23
1873	24
1874	31
1875	26
1876	30
1877	33
1878	24
1879	30
1880	32
1881	39
1882	33
1883	30
1884	20
1885	32
1886	38
1887	27
1888	21
1889	35
1890	26
1891	27
1892	33
1893	30
1894	42
1895	39
1896	24
1897	30
1898	26
1899	25
1900	26
1901	28
1902	39
1903	43
1904	29
1905	29
1906	32
1907	36
1908	43
1909	65
1910	62
1911	77
1912	61
1913	52
1914	31
1915	37
1916	29
1917	31
1918	21
1919	28
1920	30
1921	30
1922	27
1923	26
1924	27
1925	38
1926	32
1927	23
1928	27
1929	31
1930	26
1931	28
1932	31
1933	25
1934	22
1935	32
1936	37
1937	27
1938	20
1939	40
1940	23
1941	30
1942	26
1943	25
1944	27
1945	47
1946	72
1947	134
1948	213
1949	254
1950	268
1951	206
1952	113
1953	55
1954	42
1955	22
1956	30
1957	23
1958	34
1959	23
1960	25
1961	19
1962	28
1963	32
1964	29
1965	32
1966	35
1967	34
1968	30
1969	24
1970	30
1971	22
1972	30
1973	34
1974	24
1975	32
1976	21
1977	28
1978	24
1979	29
1980	22
1981	30
1982	24
1983	28
1984	39
1985	24
1986	37
1987	28
1988	29
1989	26
1990	18
1991	30
1992	25
1993	32
1994	36
1995	39
1996	30
1997	24
1998	34
1999	31
2000	30
2001	26
2002	25
2003	22
2004	31
2005	23
2006	26
2007	30
2008	31
2009	27
2010	28
2011	29
2012	30
2013	26
2014	21
2015	21
2016	20
2017	28
2018	28
2019	22
2020	23
2021	34
2022	18
2023	26
2024	23
2025	25
2026	26
2027	30
2028	31
2029	23
2030	36
2031	35
2032	28
2033	28
2034	25
2035	29
2036	32
2037	35
2038	34
2039	47
2040	45
2041	68
2042	48
2043	48
2044	36
2045	39
2046	29
2047	25
2048	31
2049	20
2050	25
2051	25
2052	22
2053	29
2054	26
2055	29
2056	26
2057	34
2058	21
2059	29
2060	31
2061	29
2062	20
2063	29
2064	34
2065	31
2066	22
2067	30
2068	43
2069	35
2070	33
2071	36
2072	36
2073	22
2074	27
2075	22
2076	27
2077	20
2078	22
2079	26
2080	26
2081	21
2082	32
2083	22
2084	27
2085	36
2086	32
2087	24
2088	31
2089	18
2090	25
2091	15
2092	20
2093	29
2094	31
2095	21
2096	21
2097	30
2098	16
2099	24
2100	21
2101	22
2102	31
2103	28
2104	22
2105	19
2106	31
2107	23
2108	21
2109	33
2110	34
2111	22
2112	22
2113	24
2114	23
2115	25
2116	32
2117	28
2118	26
2119	24
2120	36
2121	33
2122	30
2123	13
2124	23
2125	14
2126	27
2127	21
2128	26
2129	29
2130	26
2131	29
2132	35
2133	25
2134	32
2135	23
2136	24
2137	26
2138	24
2139	31
2140	29
2141	34
2142	35
2143	22
2144	18
2145	23
2146	30
2147	20
2148	25
2149	22
2150	20
2151	23
2152	33
2153	31
2154	28
2155	18
2156	32
2157	27
2158	22
2159	16
2160	27
2161	25
2162	20
2163	33
2164	27
2165	21
2166	24
2167	19
2168	22
2169	22
2170	30
2171	24
2172	27
2173	24
2174	26
2175	31
2176	15
2177	32
2178	26
2179	29
2180	20
2181	22
2182	26
2183	25
2184	21
2185	22
2186	21
2187	32
2188	26
2189	29
2190	29
2191	24
2192	29
2193	23
2194	22
2195	17
2196	23
2197	25
2198	19
2199	20
2200	24
2201	26
2202	22
2203	11
2204	25
2205	25
2206	22
2207	24
2208	21
2209	22
2210	18
2211	27
2212	23
2213	21
2214	24
2215	27
2216	17
2217	27
2218	24
2219	30
2220	20
2221	14
2222	28
2223	21
2224	30
2225	28
2226	27
2227	25
2228	27
2229	26
2230	15
2231	26
2232	29
2233	18
2234	29
2235	27
2236	25
2237	18
2238	28
2239	17
2240	19
2241	32
2242	22
2243	22
2244	17
2245	19
2246	23
2247	23
2248	28
2249	21
2250	27
2251	17
2252	23
2253	19
2254	31
2255	18
2256	25
2257	26
2258	19
2259	15
2260	27
2261	20
2262	15
2263	30
2264	24
2265	16
2266	27
2267	16
2268	19
2269	22
2270	20
2271	17
2272	23
2273	27
2274	27
2275	19
2276	30
2277	28
2278	23
2279	22
2280	21
2281	18
2282	19
2283	22
2284	17
2285	24
2286	25
2287	28
2288	30
2289	29
2290	26
2291	28
2292	24
2293	19
2294	19
2295	27
2296	24
2297	34
2298	34
2299	28
2300	19
2301	20
2302	20
2303	19
2304	23
2305	25
2306	26
2307	14
2308	23
2309	20
2310	21
2311	22
2312	10
2313	28
2314	20
2315	21
2316	24
2317	24
2318	24
2319	24
2320	34
2321	54
2322	95
2323	67
2324	92
2325	68
2326	68
2327	59
2328	25
2329	18
2330	23
2331	18
2332	24
2333	17
2334	26
2335	20
2336	12
2337	31
2338	24
2339	34
2340	41
2341	42
2342	51
2343	37
2344	23
2345	18
2346	32
2347	19
2348	21
2349	21
2350	18
2351	26
2352	29
2353	25
2354	23
2355	29
2356	20
2357	20
2358	21
2359	21
2360	29
2361	26
2362	25
2363	22
2364	20
2365	25
2366	29
2367	18
2368	26
2369	20
2370	26
2371	28
2372	17
2373	23
2374	19
2375	20
2376	21
2377	26
2378	22
2379	16
2380	34
2381	20
2382	22
2383	30
2384	23
2385	26
2386	34
2387	22
2388	19
2389	16
2390	22
2391	22
2392	21
2393	16
2394	22
2395	20
2396	26
2397	25
2398	18
2399	14
2400	21
2401	21
2402	15
2403	20
2404	18
2405	21
2406	23
2407	27
2408	15
2409	27
2410	21
2411	21
2412	25
2413	16
2414	19
2415	19
2416	28
2417	21
2418	25
2419	20
2420	20
2421	7
2422	22
2423	21
2424	35
2425	24
2426	25
2427	25
2428	20
2429	29
2430	30
2431	29
2432	70
2433	68
2434	93
2435	93
2436	90
2437	61
2438	45
2439	32
2440	20
2441	20
2442	23
2443	22
2444	20
2445	19
2446	19
2447	25
2448	16
2449	21
2450	20
2451	20
2452	26
2453	19
2454	17
2455	16
2456	28
2457	19
2458	22
2459	23
2460	22
2461	17
2462	25
2463	14
2464	25
2465	16
2466	27
2467	14
2468	16
2469	13
2470	22
2471	23
2472	11
2473	20
2474	21
2475	22
2476	26
2477	20
2478	16
2479	24
2480	27
2481	22
2482	29
2483	24
2484	18
2485	22
2486	16
2487	24
2488	19
2489	25
2490	23
2491	22
2492	20
2493	18
2494	25
2495	21
2496	29
2497	26
2498	22
2499	14
2500	15
2501	18
2502	20
2503	17
2504	26
2505	19
2506	22
2507	22
2508	19
2509	16
2510	18
2511	23
2512	20
2513	21
2514	24
2515	23
2516	19
2517	18
2518	21
2519	21
2520	28
2521	26
2522	26
2523	23
2524	23
2525	17
2526	28
2527	35
2528	23
2529	21
2530	27
2531	28
2532	23
2533	28
2534	30
2535	23
2536	24
2537	24
2538	27
2539	20
2540	33
2541	24
2542	39
2543	14
2544	22
2545	24
2546	24
2547	25
2548	23
2549	19
2550	17
2551	31
2552	25
2553	22
2554	23
2555	26
2556	28
2557	26
2558	30
2559	27
2560	16
2561	26
2562	22
2563	17
2564	29
2565	16
2566	24
2567	23
2568	26
2569	17
2570	25
2571	23
2572	27
2573	23
2574	25
2575	29
2576	28
2577	32
2578	17
2579	16
2580	21
2581	19
2582	16
2583	26
2584	27
2585	25
2586	22
2587	24
2588	18
2589	22
2590	23
2591	20
2592	27
2593	24
2594	24
2595	34
2596	27
2597	34
2598	25
2599	31
2600	25
2601	33
2602	27
2603	24
2604	31
2605	23
2606	22
2607	31
2608	36
2609	29
2610	20
2611	32
2612	16
2613	21
2614	28
2615	29
2616	23
2617	31
2618	29
2619	16
2620	32
2621	24
2622	23
2623	18
2624	25
2625	22
2626	25
2627	29
2628	19
2629	29
2630	19
2631	23
2632	22
2633	21
2634	32
2635	17
2636	12
2637	21
2638	22
2639	21
2640	16
2641	17
2642	20
2643	25
2644	21
2645	25
2646	22
2647	13
2648	16
2649	13
2650	7
2651	19
2652	18
2653	21
2654	26
2655	23
2656	19
2657	18
2658	20
2659	17
2660	15
2661	17
2662	18
2663	28
2664	16
2665	27
2666	22
2667	21
2668	15
2669	18
2670	29
2671	9
2672	19
2673	22
2674	17
2675	20
2676	15
2677	18
2678	18
2679	17
2680	17
2681	19
2682	23
2683	10
2684	22
2685	24
2686	26
2687	22
2688	14
2689	21
2690	9
2691	22
2692	15
2693	16
2694	14
2695	19
2696	17
2697	18
2698	15
2699	23
2700	15
2701	32
2702	33
2703	34
2704	41
2705	40
2706	42
2707	24
2708	11
2709	12
2710	17
2711	22
2712	17
2713	16
2714	20
2715	23
2716	16
2717	14
2718	19
2719	23
2720	14
2721	12
2722	13
2723	17
2724	19
2725	12
2726	16
2727	6
2728	18
2729	11
2730	14
2731	13
2732	13
2733	23
2734	18
2735	14
2736	12
2737	11
2738	12
2739	12
2740	20
2741	13
2742	8
2743	17
2744	16
2745	10
2746	12
2747	16
2748	10
2749	22
2750	9
2751	8
2752	14
2753	10
2754	4
2755	8
2756	10
2757	13
2758	12
2759	11
2760	13
2761	14
2762	14
2763	8
2764	12
2765	14
2766	11
2767	8
2768	12
2769	11
2770	14
2771	8
2772	10
2773	7
2774	9
2775	8
2776	12
2777	9
2778	11
2779	10
2780	11
2781	3
2782	12
2783	4
2784	6
2785	12
2786	14
2787	7
2788	7
2789	12
2790	13
2791	11
2792	19
2793	12
2794	11
2795	9
2796	8
2797	10
2798	9
2799	17
2800	8
2801	9
2802	13
2803	11
2804	5
2805	12
2806	13
2807	13
2808	11
2809	9
2810	5
2811	9
2812	7
2813	4
2814	9
2815	10
2816	7
2817	7
2818	13
2819	7
2820	13
2821	8
2822	4
2823	9
2824	6
2825	10
2826	10
2827	6
2828	11
2829	6
2830	12
2831	6
2832	8
2833	12
2834	6
2835	13
2836	10
2837	12
2838	13
2839	7
2840	10
2841	8
2842	9
2843	6
2844	11
2845	11
2846	13
2847	5
2848	10
2849	14
2850	7
2851	9
2852	15
2853	11
2854	11
2855	8
2856	7
2857	8
2858	16
2859	10
2860	6
2861	11
2862	13
2863	10
2864	9
2865	5
2866	12
2867	6
2868	7
2869	5
2870	8
2871	8
2872	10
2873	16
2874	9
2875	7
2876	12
2877	9
2878	5
2879	7
2880	9
2881	18
2882	30
2883	67
2884	153
2885	298
2886	432
2887	583
2888	618
2889	552
2890	413
2891	253
2892	134
2893	49
2894	11
2895	8
2896	4
2897	3
2898	6
2899	7
2900	4
2901	7
2902	3
2903	1
2904	3
2905	4
2906	5
2907	6
2908	2
2909	2
2910	4
2911	12
2912	6
2913	6
2914	5
2915	4
2916	3
2917	3
2918	3
2919	3
2920	9
2921	5
2922	4
2923	3
2924	6
2925	13
2926	4
2927	3
2928	3
2929	3
2930	4
2931	2
2932	5
2933	4
2934	7
2935	10
2936	5
2937	4
2938	4
2939	2
2940	9
2941	7
2942	5
2943	3
2944	5
2945	8
2946	6
2947	4
2948	4
2949	6
2950	7
2951	5
2952	7
2953	5
2954	5
2955	8
2956	7
2957	4
2958	7
2959	9
2960	3
2961	3
2962	4
2963	5
2964	6
2965	9
2966	10
2967	4
2968	5
2969	4
2970	6
2971	5
2972	4
2973	3
2974	2
2975	8
2976	4
2977	5
2978	7
2979	4
2980	7
2981	7
2982	4
2983	3
2984	4
2985	7
2986	2
2987	5
2988	4
2989	2
2990	2
2991	2
2992	5
2993	5
2994	7
2995	5
2996	6
2997	4
2998	4
2999	6
3000	5
3001	6
3002	5
3003	5
3004	5
3005	7
3006	5
3007	6
3008	6
3009	7
3010	7
3011	2
3012	7
3013	3
3014	5
3015	4
3016	3
3017	5
3018	5
3019	6
3020	2
3021	6
3022	7
3023	4
3024	6
3025	5
3026	3
3027	4
3028	4
3029	10
3030	2
3031	5
3032	2
3033	2
3034	2
3035	6
3036	6
3037	7
3038	5
3039	8
3040	6
3041	5
3042	4
3043	8
3044	4
3045	4
3046	5
3047	10
3048	6
3049	3
3050	4
3051	3
3052	3
3053	6
3054	8
3055	6
3056	5
3057	5
3058	6
3059	2
3060	3
3061	7
3062	4
3063	3
3064	1
3065	5
3066	2
3067	7
3068	8
3069	6
3070	4
3071	4
3072	5
3073	6
3074	7
3075	5
3076	5
3077	8
3078	8
3079	2
3080	5
3081	4
3082	1
3083	7
3084	8
3085	7
3086	7
3087	4
3088	4
3089	3
3090	5
3091	2
3092	3
3093	4
3094	3
3095	4
3096	5
3097	6
3098	6
3099	7
3100	6
3101	2
3102	6
3103	5
3104	7
3105	5
3106	1
3107	7
3108	6
3109	3
3110	4
3111	11
3112	4
3113	4
3114	2
3115	8
3116	9
3117	2
3118	2
3119	7
3120	3
3121	3
3122	4
3123	5
3124	1
3125	4
3126	9
3127	4
3128	9
3129	2
3130	5
3131	3
3132	5
3133	5
3134	7
3135	7
3136	5
3137	6
3138	7
3139	5
3140	3
3141	8
3142	7
3143	2
3144	3
3145	3
3146	5
3147	5
3148	8
3149	8
3150	5
3151	6
3152	4
3153	3
3154	3
3155	3
3156	5
3157	5
3158	8
3159	1
3160	4
3161	7
3162	3
3163	7
3164	6
3165	2
3166	9
3167	2
3168	5
3169	2
3170	5
3171	8
3172	7
3173	7
3174	2
3175	9
3176	6
3177	4
3178	2
3179	4
3180	6
3181	2
3182	8
3183	4
3184	1
3185	4
3186	4
3187	6
3188	2
3189	3
3190	5
3191	4
3192	2
3193	3
3194	6
3195	5
3196	6
3197	8
3198	5
3199	6
3200	5
3201	5
3202	2
3203	4
3204	3
3205	2
3206	5
3207	4
3208	3
3209	6
3210	0
3211	5
3212	9
3213	6
3214	2
3215	6
3216	4
3217	1
3218	2
3219	5
3220	7
3221	1
3222	6
3223	5
3224	13
3225	12
3226	2
3227	3
3228	4
3229	2
3230	4
3231	6
3232	3
3233	2
3234	4
3235	5
3236	6
3237	6
3238	3
3239	3
3240	5
3241	3
3242	5
3243	4
3244	3
3245	7
3246	5
3247	4
3248	3
3249	3
3250	6
3251	7
3252	4
3253	6
3254	2
3255	9
3256	3
3257	9
3258	4
3259	5
3260	4
3261	6
3262	1
3263	4
3264	7
3265	5
3266	6
3267	5
3268	5
3269	4
3270	7
3271	2
3272	6
3273	7
3274	2
3275	1
3276	4
3277	7
3278	0
3279	2
3280	6
3281	5
3282	3
3283	6
3284	3
3285	6
3286	5
3287	4
3288	6
3289	5
3290	4
3291	4
3292	4
3293	7
3294	6
3295	5
3296	5
3297	4
3298	6
3299	4
3300	6
3301	1
3302	7
3303	1
3304	7
3305	4
3306	8
3307	2
3308	7
3309	2
3310	5
3311	4
3312	2
3313	1
3314	3
3315	3
3316	7
3317	3
3318	2
3319	1
3320	7
3321	4
3322	7
3323	8
3324	8
3325	5
3326	3
3327	4
3328	4
3329	7
3330	4
3331	4
3332	5
3333	4
3334	3
3335	4
3336	12
3337	6
3338	4
3339	4
3340	1
3341	4
3342	2
3343	4
3344	3
3345	2
3346	4
3347	4
3348	4
3349	2
3350	2
3351	4
3352	4
3353	2
3354	3
3355	6
3356	2
3357	2
3358	4
3359	3
3360	3
3361	3
3362	6
3363	4
3364	5
3365	2
3366	4
3367	4
3368	6
3369	2
3370	5
3371	6
3372	4
3373	11
3374	2
3375	8
3376	4
3377	5
3378	2
3379	5
3380	5
3381	5
3382	5
3383	5
3384	3
3385	4
3386	5
3387	6
3388	5
3389	1
3390	4
3391	5
3392	7
3393	6
3394	5
3395	5
3396	5
3397	1
3398	3
3399	5
3400	5
3401	2
3402	10
3403	2
3404	6
3405	1
3406	6
3407	8
3408	10
3409	4
3410	8
3411	1
3412	6
3413	5
3414	4
3415	7
3416	5
3417	3
3418	9
3419	7
3420	3
3421	6
3422	3
3423	4
3424	7
3425	3
3426	6
3427	5
3428	1
3429	4
3430	5
3431	4
3432	4
3433	6
3434	2
3435	1
3436	5
3437	2
3438	2
3439	2
3440	4
3441	6
3442	3
3443	2
3444	2
3445	6
3446	6
3447	8
3448	3
3449	4
3450	2
3451	8
3452	3
3453	5
3454	7
3455	3
3456	6
3457	7
3458	8
3459	4
3460	1
3461	6
3462	4
3463	5
3464	1
3465	3
3466	4
3467	1
3468	1
3469	2
3470	2
3471	3
3472	3
3473	5
3474	1
3475	3
3476	0
3477	5
3478	5
3479	4
3480	8
3481	1
3482	9
3483	7
3484	4
3485	8
3486	4
3487	3
3488	3
3489	5
3490	4
3491	2
3492	5
3493	4
3494	4
3495	7
3496	2
3497	2
3498	5
3499	3
3500	3
3501	4
3502	6
3503	7
3504	2
3505	3
3506	4
3507	3
3508	6
3509	0
3510	3
3511	7
3512	3
3513	7
3514	2
3515	0
3516	1
3517	2
3518	9
3519	3
3520	8
3521	4
3522	1
3523	4
3524	8
3525	0
3526	4
3527	9
3528	1
3529	3
3530	5
3531	5
3532	7
3533	6
3534	4
3535	4
3536	0
3537	6
3538	5
3539	2
3540	3
3541	5
3542	2
3543	3
3544	8
3545	6
3546	5
3547	1
3548	5
3549	7
3550	3
3551	5
3552	2
3553	1
3554	7
3555	5
3556	2
3557	6
3558	3
3559	5
3560	3
3561	8
3562	5
3563	3
3564	4
3565	4
3566	2
3567	6
3568	4
3569	1
3570	5
3571	4
3572	5
3573	5
3574	2
3575	3
3576	1
3577	3
3578	6
3579	6
3580	3
3581	7
3582	3
3583	3
3584	4
3585	2
3586	4
3587	4
3588	1
3589	5
3590	4
3591	6
3592	2
3593	1
3594	2
3595	5
3596	5
3597	2
3598	3
3599	3
3600	2
3601	10
3602	3
3603	4
3604	4
3605	3
3606	6
3607	1
3608	2
3609	4
3610	4
3611	1
3612	1
3613	6
3614	2
3615	10
3616	3
3617	5
3618	6
3619	3
3620	4
3621	3
3622	4
3623	4
3624	6
3625	7
3626	5
3627	2
3628	0
3629	4
3630	4
3631	3
3632	2
3633	5
3634	3
3635	6
3636	3
3637	4
3638	5
3639	3
3640	4
3641	2
3642	3
3643	5
3644	4
3645	3
3646	6
3647	5
3648	4
3649	3
3650	7
3651	6
3652	3
3653	3
3654	6
3655	5
3656	5
3657	2
3658	4
3659	4
3660	2
3661	4
3662	7
3663	1
3664	2
3665	5
3666	7
3667	1
3668	3
3669	4
3670	5
3671	5
3672	4
3673	6
3674	2
3675	4
3676	4
3677	4
3678	6
3679	5
3680	1
3681	5
3682	0
3683	3
3684	0
3685	5
3686	5
3687	2
3688	6
3689	2
3690	3
3691	3
3692	6
3693	5
3694	2
3695	5
3696	2
3697	1
3698	2
3699	3
3700	8
3701	3
3702	3
3703	3
3704	5
3705	3
3706	5
3707	6
3708	3
3709	5
3710	2
3711	4
3712	5
3713	5
3714	3
3715	6
3716	5
3717	2
3718	4
3719	6
3720	2
3721	3
3722	5
3723	6
3724	6
3725	2
3726	4
3727	4
3728	2
3729	3
3730	3
3731	2
3732	7
3733	3
3734	3
3735	6
3736	7
3737	6
3738	2
3739	5
3740	9
3741	1
3742	0
3743	2
3744	7
3745	5
3746	2
3747	4
3748	3
3749	5
3750	4
3751	6
3752	2
3753	3
3754	2
3755	1
3756	3
3757	4
3758	3
3759	2
3760	6
3761	1
3762	6
3763	5
3764	2
3765	3
3766	2
3767	3
3768	2
3769	1
3770	2
3771	3
3772	6
3773	1
3774	7
3775	5
3776	4
3777	6
3778	1
3779	3
3780	5
3781	1
3782	4
3783	4
3784	7
3785	2
3786	6
3787	3
3788	1
3789	2
3790	3
3791	6
3792	4
3793	4
3794	2
3795	6
3796	4
3797	3
3798	3
3799	2
3800	3
3801	5
3802	1
3803	2
3804	2
3805	5
3806	2
3807	5
3808	2
3809	7
3810	2
3811	4
3812	3
3813	3
3814	4
3815	3
3816	5
3817	2
3818	5
3819	3
3820	2
3821	1
3822	6
3823	6
3824	5
3825	3
3826	5
3827	0
3828	2
3829	4
3830	9
3831	2
3832	3
3833	1
3834	0
3835	3
3836	7
3837	0
3838	5
3839	4
3840	5
3841	2
3842	3
3843	5
3844	5
3845	3
3846	3
3847	1
3848	5
3849	6
3850	6
3851	1
3852	5
3853	6
3854	3
3855	2
3856	0
3857	0
3858	4
3859	5
3860	4
3861	2
3862	5
3863	5
3864	2
3865	7
3866	7
3867	2
3868	1
3869	5
3870	4
3871	4
3872	2
3873	2
3874	4
3875	2
3876	3
3877	1
3878	2
3879	2
3880	2
3881	2
3882	4
3883	2
3884	6
3885	3
3886	2
3887	2
3888	3
3889	4
3890	4
3891	5
3892	3
3893	2
3894	4
3895	3
3896	6
3897	3
3898	4
3899	4
3900	2
3901	10
3902	7
3903	6
3904	5
3905	6
3906	2
3907	3
3908	3
3909	4
3910	6
3911	5
3912	1
3913	6
3914	7
3915	1
3916	5
3917	7
3918	4
3919	2
3920	4
3921	4
3922	3
3923	4
3924	3
3925	2
3926	0
3927	3
3928	1
3929	2
3930	1
3931	3
3932	7
3933	5
3934	4
3935	2
3936	4
3937	4
3938	2
3939	4
3940	5
3941	7
3942	3
3943	3
3944	2
3945	1
3946	2
3947	3
3948	5
3949	1
3950	1
3951	2
3952	4
3953	2
3954	1
3955	0
3956	3
3957	4
3958	5
3959	4
3960	2
3961	4
3962	3
3963	2
3964	5
3965	4
3966	2
3967	2
3968	1
3969	2
3970	6
3971	3
3972	4
3973	5
3974	8
3975	4
3976	3
3977	4
3978	5
3979	2
3980	4
3981	5
3982	7
3983	6
3984	4
3985	5
3986	6
3987	4
3988	7
3989	2
3990	4
3991	2
3992	1
3993	4
3994	3
3995	3
3996	3
3997	2
3998	4
3999	1
4000	1
4001	3
4002	3
4003	1
4004	2
4005	6
4006	4
4007	2
4008	0
4009	2
4010	5
4011	2
4012	3
4013	5
4014	1
4015	4
4016	3
4017	3
4018	4
4019	1
4020	5
4021	5
4022	3
4023	3
4024	4
4025	4
4026	3
4027	2
4028	3
4029	2
4030	3
4031	4
4032	5
4033	5
4034	5
4035	2
4036	4
4037	4
4038	5
4039	2
4040	1
4041	3
4042	6
4043	0
4044	6
4045	3
4046	1
4047	3
4048	1
4049	4
4050	1
4051	0
4052	5
4053	3
4054	4
4055	6
4056	4
4057	2
4058	4
4059	9
4060	5
4061	0
4062	4
4063	1
4064	3
4065	3
4066	2
4067	3
4068	3
4069	0
4070	2
4071	3
4072	6
4073	1
4074	3
4075	3
4076	2
4077	3
4078	7
4079	5
4080	4
4081	3
4082	3
4083	2
4084	1
4085	4
4086	2
4087	6
4088	2
4089	3
4090	3
4091	7
4092	3
4093	2
4094	5
4095	7
4096	2
4097	4
4098	6
4099	2
4100	2
4101	6
4102	8
4103	5
4104	2
4105	5
4106	3
4107	1
4108	1
4109	1
4110	4
4111	2
4112	3
4113	2
4114	4
4115	3
4116	3
4117	3
4118	4
4119	6
4120	3
4121	1
4122	3
4123	2
4124	3
4125	3
4126	3
4127	3
4128	6
4129	4
4130	7
4131	5
4132	2
4133	6
4134	4
4135	2
4136	4
4137	3
4138	5
4139	8
4140	1
4141	4
4142	2
4143	4
4144	9
4145	1
4146	0
4147	3
4148	3
4149	2
4150	2
4151	3
4152	3
4153	1
4154	3
4155	4
4156	1
4157	3
4158	5
4159	5
4160	5
4161	5
4162	1
4163	1
4164	2
4165	2
4166	1
4167	4
4168	4
4169	4
4170	3
4171	2
4172	2
4173	2
4174	3
4175	2
4176	5
4177	1
4178	5
4179	6
4180	3
4181	2
4182	3
4183	3
4184	8
4185	3
4186	1
4187	1
4188	3
4189	6
4190	1
4191	1
4192	5
4193	2
4194	4
4195	5
4196	1
4197	2
4198	4
4199	5
4200	7
4201	3
4202	4
4203	3
4204	3
4205	3
4206	6
4207	1
4208	1
4209	1
4210	0
4211	3
4212	1
4213	1
4214	1
4215	7
4216	5
4217	0
4218	4
4219	2
4220	5
4221	4
4222	3
4223	2
4224	5
4225	3
4226	2
4227	3
4228	0
4229	3
4230	1
4231	2
4232	1
4233	5
4234	4
4235	3
4236	4
4237	3
4238	2
4239	1
4240	2
4241	4
4242	3
4243	2
4244	4
4245	2
4246	1
4247	5
4248	4
4249	4
4250	1
4251	3
4252	2
4253	1
4254	0
4255	2
4256	3
4257	3
4258	1
4259	3
4260	5
4261	6
4262	3
4263	3
4264	5
4265	6
4266	4
4267	2
4268	1
4269	8
4270	3
4271	1
4272	3
4273	1
4274	4
4275	1
4276	2
4277	1
4278	1
4279	1
4280	5
4281	4
4282	3
4283	3
4284	3
4285	1
4286	4
4287	2
4288	5
4289	3
4290	2
4291	2
4292	3
4293	2
4294	3
4295	5
4296	5
4297	5
4298	5
4299	6
4300	3
4301	5
4302	1
4303	7
4304	6
4305	3
4306	2
4307	4
4308	4
4309	2
4310	1
4311	1
4312	2
4313	0
4314	3
4315	0
4316	3
4317	3
4318	6
4319	1
4320	1
4321	3
4322	3
4323	4
4324	2
4325	5
4326	3
4327	0
4328	3
4329	3
4330	4
4331	5
4332	3
4333	1
4334	4
4335	3
4336	0
4337	2
4338	3
4339	5
4340	3
4341	1
4342	2
4343	6
4344	2
4345	4
4346	4
4347	2
4348	1
4349	1
4350	9
4351	4
4352	3
4353	2
4354	2
4355	5
4356	7
4357	2
4358	3
4359	1
4360	5
4361	4
4362	2
4363	2
4364	1
4365	5
4366	1
4367	3
4368	5
4369	2
4370	1
4371	1
4372	5
4373	1
4374	3
4375	2
4376	3
4377	6
4378	0
4379	2
4380	0
4381	5
4382	3
4383	3
4384	1
4385	3
4386	2
4387	4
4388	2
4389	1
4390	4
4391	5
4392	3
4393	2
4394	2
4395	9
4396	5
4397	1
4398	0
4399	3
4400	2
4401	2
4402	5
4403	3
4404	5
4405	5
4406	3
4407	1
4408	2
4409	1
4410	2
4411	3
4412	2
4413	1
4414	3
4415	1
4416	2
4417	2
4418	9
4419	1
4420	1
4421	3
4422	3
4423	4
4424	3
4425	2
4426	1
4427	2
4428	4
4429	1
4430	4
4431	4
4432	6
4433	3
4434	3
4435	1
4436	5
4437	2
4438	3
4439	4
4440	2
4441	3
4442	0
4443	2
4444	1
4445	5
4446	3
4447	3
4448	3
4449	3
4450	2
4451	5
4452	1
4453	2
4454	3
4455	7
4456	1
4457	6
4458	2
4459	4
4460	3
4461	3
4462	4
4463	1
4464	3
4465	1
4466	1
4467	5
4468	1
4469	4
4470	1
4471	3
4472	0
4473	0
4474	2
4475	6
4476	4
4477	2
4478	0
4479	4
4480	3
4481	3
4482	5
4483	2
4484	2
4485	2
4486	3
4487	3
4488	2
4489	3
4490	5
4491	2
4492	5
4493	1
4494	3
4495	4
4496	1
4497	1
4498	2
4499	3
4500	2
4501	2
4502	6
4503	1
4504	2
4505	2
4506	2
4507	3
4508	3
4509	6
4510	2
4511	1
4512	2
4513	1
4514	1
4515	3
4516	4
4517	4
4518	2
4519	7
4520	6
4521	4
4522	3
4523	1
4524	4
4525	3
4526	3
4527	6
4528	5
4529	5
4530	4
4531	2
4532	4
4533	2
4534	2
4535	3
4536	1
4537	2
4538	6
4539	2
4540	3
4541	5
4542	3
4543	4
4544	2
4545	1
4546	3
4547	3
4548	3
4549	1
4550	3
4551	4
4552	4
4553	1
4554	4
4555	3
4556	3
4557	5
4558	3
4559	6
4560	3
4561	4
4562	4
4563	3
4564	4
4565	4
4566	4
4567	3
4568	8
4569	3
4570	7
4571	2
4572	3
4573	0
4574	2
4575	1
4576	4
4577	4
4578	2
4579	3
4580	2
4581	3
4582	2
4583	1
4584	1
4585	8
4586	5
4587	4
4588	3
4589	2
4590	1
4591	2
4592	1
4593	3
4594	1
4595	2
4596	1
4597	1
4598	2
4599	4
4600	3
4601	3
4602	2
4603	3
4604	4
4605	4
4606	1
4607	3
4608	3
4609	4
4610	5
4611	5
4612	0
4613	3
4614	3
4615	5
4616	2
4617	2
4618	8
4619	4
4620	2
4621	2
4622	2
4623	3
4624	1
4625	1
4626	3
4627	5
4628	4
4629	3
4630	5
4631	2
4632	2
4633	3
4634	3
4635	2
4636	4
4637	1
4638	4
4639	1
4640	1
4641	4
4642	0
4643	1
4644	0
4645	2
4646	0
4647	0
4648	2
4649	2
4650	2
4651	1
4652	6
4653	5
4654	5
4655	1
4656	0
4657	3
4658	3
4659	2
4660	4
4661	3
4662	0
4663	3
4664	1
4665	5
4666	3
4667	3
4668	4
4669	7
4670	4
4671	4
4672	3
4673	2
4674	3
4675	3
4676	3
4677	6
4678	3
4679	5
4680	3
4681	6
4682	2
4683	2
4684	1
4685	4
4686	1
4687	3
4688	1
4689	3
4690	2
4691	2
4692	4
4693	2
4694	3
4695	1
4696	1
4697	2
4698	2
4699	6
4700	1
4701	5
4702	2
4703	1
4704	1
4705	3
4706	3
4707	4
4708	3
4709	4
4710	2
4711	4
4712	4
4713	4
4714	2
4715	5
4716	2
4717	2
4718	5
4719	2
4720	1
4721	1
4722	2
4723	4
4724	3
4725	3
4726	7
4727	0
4728	3
4729	3
4730	1
4731	7
4732	3
4733	2
4734	0
4735	1
4736	3
4737	3
4738	2
4739	4
4740	3
4741	2
4742	3
4743	5
4744	2
4745	3
4746	3
4747	0
4748	1
4749	3
4750	3
4751	3
4752	5
4753	1
4754	4
4755	4
4756	4
4757	4
4758	4
4759	2
4760	1
4761	2
4762	2
4763	1
4764	0
4765	6
4766	4
4767	4
4768	4
4769	4
4770	6
4771	1
4772	4
4773	2
4774	0
4775	4
4776	4
4777	2
4778	8
4779	1
4780	5
4781	2
4782	5
4783	4
4784	7
4785	5
4786	1
4787	1
4788	4
4789	4
4790	4
4791	2
4792	4
4793	2
4794	3
4795	6
4796	4
4797	0
4798	5
4799	2
4800	2
4801	3
4802	2
4803	2
4804	3
4805	2
4806	3
4807	0
4808	1
4809	5
4810	3
4811	1
4812	1
4813	4
4814	0
4815	5
4816	2
4817	2
4818	2
4819	0
4820	3
4821	1
4822	1
4823	2
4824	0
4825	3
4826	1
4827	4
4828	6
4829	2
4830	4
4831	4
4832	2
4833	3
4834	3
4835	2
4836	3
4837	5
4838	2
4839	3
4840	4
4841	2
4842	2
4843	3
4844	1
4845	5
4846	2
4847	5
4848	2
4849	0
4850	0
4851	1
4852	3
4853	3
4854	5
4855	4
4856	3
4857	6
4858	3
4859	2
4860	3
4861	5
4862	5
4863	1
4864	4
4865	3
4866	6
4867	2
4868	0
4869	2
4870	3
4871	2
4872	3
4873	1
4874	1
4875	3
4876	4
4877	1
4878	2
4879	3
4880	1
4881	2
4882	7
4883	3
4884	5
4885	4
4886	4
4887	4
4888	2
4889	0
4890	2
4891	3
4892	3
4893	6
4894	5
4895	6
4896	7
4897	2
4898	1
4899	1
4900	2
4901	1
4902	1
4903	1
4904	5
4905	4
4906	4
4907	3
4908	4
4909	1
4910	2
4911	2
4912	4
4913	2
4914	2
4915	2
4916	2
4917	2
4918	2
4919	2
4920	3
4921	3
4922	2
4923	2
4924	2
4925	3
4926	5
4927	0
4928	2
4929	0
4930	4
4931	4
4932	0
4933	2
4934	1
4935	3
4936	1
4937	1
4938	4
4939	1
4940	6
4941	2
4942	2
4943	1
4944	3
4945	0
4946	4
4947	3
4948	3
4949	4
4950	4
4951	1
4952	5
4953	1
4954	6
4955	3
4956	2
4957	1
4958	1
4959	2
4960	2
4961	3
4962	5
4963	1
4964	3
4965	3
4966	6
4967	2
4968	1
4969	2
4970	2
4971	2
4972	2
4973	5
4974	0
4975	4
4976	3
4977	1
4978	4
4979	1
4980	1
4981	5
4982	2
4983	5
4984	2
4985	2
4986	3
4987	2
4988	2
4989	6
4990	1
4991	3
4992	3
4993	1
4994	5
4995	2
4996	2
4997	2
4998	2
4999	2
5000	1
5001	0
5002	2
5003	3
5004	1
5005	2
5006	4
5007	7
5008	2
5009	6
5010	2
5011	1
5012	6
5013	4
5014	3
5015	2
5016	4
5017	2
5018	5
5019	0
5020	5
5021	3
5022	1
5023	2
5024	1
5025	2
5026	4
5027	1
5028	2
5029	3
5030	4
5031	0
5032	1
5033	3
5034	4
5035	1
5036	3
5037	2
5038	4
5039	0
5040	2
5041	3
5042	5
5043	5
5044	4
5045	2
5046	4
5047	4
5048	1
5049	3
5050	5
5051	1
5052	2
5053	3
5054	3
5055	3
5056	1
5057	3
5058	3
5059	2
5060	4
5061	4
5062	1
5063	1
5064	0
5065	8
5066	3
5067	3
5068	4
5069	1
5070	1
5071	4
5072	4
5073	5
5074	3
5075	1
5076	3
5077	3
5078	2
5079	2
5080	7
5081	1
5082	1
5083	5
5084	4
5085	0
5086	2
5087	4
5088	0
5089	3
5090	3
5091	3
5092	2
5093	3
5094	1
5095	2
5096	7
5097	2
5098	4
5099	4
5100	1
5101	7
5102	2
5103	0
5104	2
5105	2
5106	1
5107	3
5108	1
5109	3
5110	2
5111	5
5112	2
5113	2
5114	5
5115	2
5116	0
5117	2
5118	2
5119	1
5120	3
5121	3
5122	1
5123	1
5124	7
5125	5
5126	5
5127	4
5128	1
5129	3
5130	0
5131	1
5132	4
5133	2
5134	3
5135	5
5136	2
5137	5
5138	1
5139	2
5140	3
5141	2
5142	3
5143	2
5144	3
5145	1
5146	1
5147	1
5148	2
5149	1
5150	6
5151	3
5152	4
5153	6
5154	4
5155	2
5156	3
5157	1
5158	6
5159	1
5160	3
5161	1
5162	6
5163	1
5164	1
5165	1
5166	4
5167	3
5168	4
5169	3
5170	3
5171	1
5172	1
5173	5
5174	2
5175	2
5176	6
5177	3
5178	2
5179	2
5180	5
5181	9
5182	2
5183	2
5184	0
5185	3
5186	3
5187	3
5188	3
5189	5
5190	2
5191	1
5192	3
5193	1
5194	3
5195	2
5196	1
5197	1
5198	3
5199	1
5200	5
5201	2
5202	2
5203	3
5204	1
5205	1
5206	3
5207	2
5208	1
5209	4
5210	2
5211	3
5212	3
5213	6
5214	4
5215	3
5216	2
5217	2
5218	3
5219	2
5220	3
5221	4
5222	2
5223	1
5224	3
5225	1
5226	1
5227	1
5228	5
5229	4
5230	3
5231	4
5232	2
5233	7
5234	1
5235	1
5236	3
5237	2
5238	4
5239	6
5240	4
5241	6
5242	5
5243	5
5244	5
5245	1
5246	0
5247	4
5248	3
5249	1
5250	2
5251	2
5252	0
5253	1
5254	4
5255	3
5256	1
5257	2
5258	5
5259	7
5260	1
5261	2
5262	3
5263	3
5264	2
5265	3
5266	3
5267	4
5268	6
5269	1
5270	2
5271	1
5272	4
5273	0
5274	2
5275	4
5276	2
5277	1
5278	1
5279	1
5280	1
5281	2
5282	2
5283	0
5284	2
5285	2
5286	3
5287	0
5288	3
5289	5
5290	4
5291	4
5292	0
5293	1
5294	1
5295	3
5296	4
5297	0
5298	2
5299	3
5300	5
5301	2
5302	3
5303	3
5304	2
5305	3
5306	3
5307	3
5308	4
5309	3
5310	1
5311	7
5312	0
5313	0
5314	2
5315	1
5316	7
5317	6
5318	3
5319	1
5320	6
5321	1
5322	3
5323	2
5324	2
5325	1
5326	2
5327	2
5328	5
5329	1
5330	5
5331	4
5332	3
5333	3
5334	4
5335	1
5336	3
5337	1
5338	4
5339	0
5340	1
5341	3
5342	5
5343	1
5344	4
5345	1
5346	3
5347	0
5348	3
5349	0
5350	2
5351	0
5352	1
5353	2
5354	4
5355	2
5356	3
5357	2
5358	3
5359	2
5360	5
5361	4
5362	1
5363	4
5364	3
5365	4
5366	2
5367	3
5368	1
5369	1
5370	2
5371	4
5372	5
5373	2
5374	1
5375	2
5376	1
5377	7
5378	2
5379	1
5380	1
5381	4
5382	2
5383	1
5384	2
5385	2
5386	3
5387	1
5388	3
5389	0
5390	3
5391	2
5392	3
5393	2
5394	1
5395	0
5396	1
5397	5
5398	1
5399	2
5400	2
5401	4
5402	2
5403	1
5404	1
5405	2
5406	3
5407	3
5408	3
5409	2
5410	2
5411	1
5412	2
5413	1
5414	2
5415	1
5416	4
5417	3
5418	2
5419	2
5420	2
5421	1
5422	4
5423	0
5424	3
5425	6
5426	0
5427	3
5428	3
5429	3
5430	2
5431	4
5432	1
5433	0
5434	4
5435	4
5436	2
5437	0
5438	4
5439	1
5440	3
5441	3
5442	2
5443	1
5444	2
5445	0
5446	4
5447	3
5448	2
5449	4
5450	2
5451	3
5452	2
5453	1
5454	1
5455	2
5456	1
5457	3
5458	0
5459	3
5460	0
5461	0
5462	5
5463	3
5464	1
5465	1
5466	1
5467	2
5468	0
5469	5
5470	0
5471	2
5472	3
5473	6
5474	10
5475	0
5476	3
5477	4
5478	5
5479	1
5480	4
5481	4
5482	0
5483	1
5484	3
5485	2
5486	4
5487	0
5488	4
5489	3
5490	3
5491	2
5492	1
5493	3
5494	2
5495	1
5496	4
5497	2
5498	3
5499	3
5500	0
5501	4
5502	2
5503	3
5504	1
5505	1
5506	2
5507	6
5508	2
5509	4
5510	2
5511	6
5512	2
5513	3
5514	4
5515	2
5516	0
5517	2
5518	3
5519	1
5520	3
5521	1
5522	2
5523	2
5524	2
5525	2
5526	2
5527	3
5528	8
5529	3
5530	3
5531	3
5532	2
5533	1
5534	1
5535	2
5536	1
5537	2
5538	2
5539	0
5540	2
5541	7
5542	0
5543	2
5544	3
5545	1
5546	1
5547	4
5548	0
5549	0
5550	1
5551	1
5552	3
5553	4
5554	3
5555	3
5556	1
5557	6
5558	2
5559	3
5560	4
5561	1
5562	2
5563	3
5564	4
5565	4
5566	2
5567	2
5568	6
5569	1
5570	4
5571	1
5572	4
5573	3
5574	4
5575	4
5576	5
5577	1
5578	2
5579	0
5580	4
5581	1
5582	3
5583	3
5584	2
5585	5
5586	5
5587	2
5588	0
5589	2
5590	2
5591	3
5592	1
5593	4
5594	1
5595	2
5596	1
5597	0
5598	3
5599	0
5600	4
5601	5
5602	3
5603	3
5604	1
5605	2
5606	2
5607	3
5608	1
5609	1
5610	2
5611	4
5612	0
5613	1
5614	4
5615	3
5616	3
5617	0
5618	3
5619	1
5620	1
5621	1
5622	7
5623	1
5624	4
5625	2
5626	3
5627	1
5628	1
5629	2
5630	1
5631	2
5632	0
5633	0
5634	2
5635	3
5636	2
5637	5
5638	1
5639	2
5640	3
5641	3
5642	2
5643	2
5644	3
5645	2
5646	2
5647	2
5648	1
5649	3
5650	2
5651	1
5652	3
5653	3
5654	2
5655	1
5656	1
5657	2
5658	3
5659	5
5660	1
5661	1
5662	0
5663	0
5664	3
5665	1
5666	5
5667	3
5668	1
5669	1
5670	2
5671	3
5672	2
5673	5
5674	2
5675	3
5676	1
5677	2
5678	2
5679	3
5680	2
5681	2
5682	0
5683	3
5684	0
5685	1
5686	2
5687	2
5688	3
5689	2
5690	3
5691	2
5692	4
5693	5
5694	1
5695	0
5696	2
5697	1
5698	2
5699	1
5700	1
5701	1
5702	2
5703	6
5704	2
5705	0
5706	0
5707	1
5708	5
5709	1
5710	3
5711	1
5712	2
5713	3
5714	3
5715	5
5716	3
5717	0
5718	5
5719	2
5720	5
5721	0
5722	2
5723	3
5724	2
5725	0
5726	1
5727	3
5728	4
5729	2
5730	2
5731	1
5732	0
5733	3
5734	3
5735	3
5736	3
5737	1
5738	1
5739	0
5740	2
5741	4
5742	4
5743	2
5744	3
5745	1
5746	2
5747	3
5748	0
5749	1
5750	2
5751	0
5752	2
5753	3
5754	0
5755	2
5756	2
5757	5
5758	1
5759	3
5760	0
5761	3
5762	3
5763	2
5764	1
5765	0
5766	1
5767	2
5768	4
5769	3
5770	3
5771	4
5772	2
5773	3
5774	2
5775	4
5776	1
5777	5
5778	1
5779	2
5780	6
5781	2
5782	1
5783	3
5784	3
5785	1
5786	2
5787	0
5788	5
5789	3
5790	5
5791	5
5792	1
5793	3
5794	2
5795	2
5796	3
5797	4
5798	2
5799	4
5800	2
5801	0
5802	1
5803	3
5804	2
5805	1
5806	3
5807	1
5808	3
5809	2
5810	4
5811	3
5812	4
5813	2
5814	3
5815	2
5816	3
5817	0
5818	2
5819	1
5820	1
5821	1
5822	4
5823	4
5824	3
5825	3
5826	2
5827	4
5828	3
5829	4
5830	1
5831	4
5832	2
5833	2
5834	1
5835	0
5836	3
5837	2
5838	1
5839	1
5840	0
5841	2
5842	1
5843	4
5844	3
5845	2
5846	1
5847	1
5848	1
5849	2
5850	2
5851	1
5852	0
5853	2
5854	3
5855	3
5856	3
5857	2
5858	3
5859	2
5860	3
5861	1
5862	2
5863	2
5864	2
5865	3
5866	2
5867	2
5868	1
5869	3
5870	3
5871	1
5872	1
5873	2
5874	1
5875	2
5876	0
5877	0
5878	4
5879	4
5880	2
5881	1
5882	3
5883	3
5884	2
5885	3
5886	1
5887	6
5888	2
5889	2
5890	4
5891	2
5892	0
5893	3
5894	1
5895	2
5896	2
5897	6
5898	0
5899	3
5900	2
5901	2
5902	1
5903	0
5904	2
5905	3
5906	1
5907	0
5908	2
5909	6
5910	2
5911	3
5912	3
5913	3
5914	1
5915	2
5916	3
5917	7
5918	3
5919	1
5920	2
5921	1
5922	3
5923	5
5924	6
5925	1
5926	2
5927	2
5928	5
5929	1
5930	1
5931	2
5932	2
5933	1
5934	1
5935	3
5936	3
5937	3
5938	1
5939	1
5940	3
5941	2
5942	1
5943	1
5944	2
5945	2
5946	3
5947	4
5948	4
5949	2
5950	1
5951	1
5952	5
5953	4
5954	3
5955	0
5956	0
5957	2
5958	2
5959	1
5960	0
5961	2
5962	3
5963	2
5964	0
5965	1
5966	1
5967	3
5968	2
5969	3
5970	3
5971	2
5972	2
5973	1
5974	3
5975	2
5976	2
5977	1
5978	0
5979	1
5980	0
5981	3
5982	3
5983	2
5984	5
5985	3
5986	0
5987	4
5988	1
5989	1
5990	3
5991	2
5992	2
5993	3
5994	5
5995	0
5996	2
5997	6
5998	4
5999	0
6000	1
6001	3
6002	2
6003	1
6004	3
6005	1
6006	1
6007	3
6008	2
6009	1
6010	3
6011	4
6012	2
6013	2
6014	2
6015	3
6016	2
6017	2
6018	2
6019	6
6020	0
6021	2
6022	2
6023	2
6024	2
6025	1
6026	2
6027	3
6028	0
6029	1
6030	2
6031	1
6032	0
6033	4
6034	1
6035	1
6036	0
6037	2
6038	2
6039	2
6040	2
6041	2
6042	4
6043	5
6044	1
6045	3
6046	3
6047	2
6048	3
6049	2
6050	1
6051	1
6052	3
6053	2
6054	3
6055	0
6056	2
6057	5
6058	1
6059	3
6060	4
6061	0
6062	3
6063	1
6064	2
6065	3
6066	3
6067	2
6068	0
6069	4
6070	2
6071	4
6072	2
6073	4
6074	4
6075	5
6076	4
6077	3
6078	6
6079	2
6080	3
6081	4
6082	3
6083	1
6084	3
6085	0
6086	1
6087	2
6088	2
6089	3
6090	3
6091	0
6092	4
6093	1
6094	3
6095	2
6096	1
6097	3
6098	0
6099	3
6100	1
6101	1
6102	1
6103	2
6104	2
6105	0
6106	1
6107	2
6108	1
6109	0
6110	2
6111	2
6112	5
6113	5
6114	1
6115	1
6116	0
6117	1
6118	4
6119	0
6120	3
6121	1
6122	5
6123	2
6124	2
6125	1
6126	0
6127	2
6128	2
6129	2
6130	2
6131	4
6132	0
6133	4
6134	0
6135	0
6136	1
6137	3
6138	2
6139	2
6140	3
6141	3
6142	2
6143	2
6144	1
6145	3
6146	1
6147	2
6148	0
6149	3
6150	1
6151	6
6152	1
6153	3
6154	3
6155	3
6156	3
6157	2
6158	5
6159	1
6160	3
6161	2
6162	1
6163	3
6164	2
6165	0
6166	1
6167	1
6168	3
6169	3
6170	2
6171	2
6172	1
6173	4
6174	2
6175	2
6176	5
6177	3
6178	2
6179	1
6180	0
6181	0
6182	1
6183	4
6184	3
6185	2
6186	3
6187	2
6188	2
6189	2
6190	2
6191	1
6192	3
6193	1
6194	0
6195	3
6196	1
6197	2
6198	4
6199	3
6200	1
6201	1
6202	0
6203	3
6204	1
6205	5
6206	1
6207	2
6208	2
6209	2
6210	1
6211	0
6212	3
6213	1
6214	4
6215	3
6216	0
6217	2
6218	1
6219	4
6220	2
6221	1
6222	0
6223	1
6224	6
6225	2
6226	2
6227	0
6228	2
6229	2
6230	4
6231	4
6232	3
6233	3
6234	0
6235	2
6236	1
6237	2
6238	2
6239	2
6240	1
6241	1
6242	1
6243	1
6244	0
6245	0
6246	3
6247	0
6248	3
6249	0
6250	0
6251	1
6252	2
6253	2
6254	3
6255	1
6256	3
6257	2
6258	2
6259	1
6260	3
6261	1
6262	0
6263	0
6264	0
6265	0
6266	1
6267	3
6268	3
6269	3
6270	2
6271	1
6272	2
6273	1
6274	2
6275	0
6276	2
6277	1
6278	0
6279	2
6280	1
6281	0
6282	2
6283	0
6284	1
6285	0
6286	3
6287	2
6288	1
6289	2
6290	4
6291	4
6292	8
6293	3
6294	2
6295	2
6296	2
6297	4
6298	3
6299	6
6300	2
6301	1
6302	2
6303	2
6304	5
6305	0
6306	3
6307	2
6308	5
6309	3
6310	3
6311	2
6312	0
6313	2
6314	1
6315	0
6316	3
6317	2
6318	2
6319	4
6320	1
6321	3
6322	1
6323	1
6324	0
6325	2
6326	3
6327	2
6328	0
6329	0
6330	2
6331	3
6332	3
6333	1
6334	2
6335	1
6336	1
6337	0
6338	1
6339	4
6340	1
6341	2
6342	3
6343	3
6344	0
6345	2
6346	2
6347	1
6348	2
6349	1
6350	1
6351	1
6352	6
6353	4
6354	4
6355	1
6356	0
6357	1
6358	2
6359	1
6360	1
6361	3
6362	3
6363	2
6364	1
6365	4
6366	2
6367	1
6368	0
6369	1
6370	3
6371	3
6372	5
6373	3
6374	3
6375	2
6376	2
6377	4
6378	3
6379	0
6380	0
6381	1
6382	1
6383	3
6384	2
6385	0
6386	2
6387	2
6388	3
6389	4
6390	5
6391	4
6392	2
6393	1
6394	1
6395	1
6396	1
6397	1
6398	3
6399	1
6400	7
6401	6
6402	1
6403	2
6404	3
6405	2
6406	3
6407	3
6408	2
6409	1
6410	2
6411	1
6412	3
6413	3
6414	1
6415	1
6416	0
6417	2
6418	1
6419	2
6420	2
6421	3
6422	4
6423	1
6424	1
6425	3
6426	1
6427	1
6428	3
6429	4
6430	5
6431	0
6432	3
6433	2
6434	3
6435	3
6436	2
6437	5
6438	3
6439	3
6440	1
6441	1
6442	1
6443	4
6444	0
6445	2
6446	2
6447	1
6448	2
6449	2
6450	1
6451	0
6452	0
6453	2
6454	5
6455	2
6456	0
6457	2
6458	2
6459	2
6460	3
6461	1
6462	3
6463	1
6464	2
6465	1
6466	7
6467	0
6468	0
6469	3
6470	1
6471	2
6472	2
6473	3
6474	2
6475	3
6476	1
6477	2
6478	3
6479	2
6480	6
6481	4
6482	2
6483	3
6484	0
6485	0
6486	1
6487	1
6488	5
6489	1
6490	3
6491	4
6492	2
6493	0
6494	1
6495	1
6496	2
6497	2
6498	4
6499	2
6500	2
6501	1
6502	2
6503	2
6504	2
6505	1
6506	3
6507	3
6508	1
6509	2
6510	0
6511	1
6512	2
6513	1
6514	3
6515	4
6516	0
6517	3
6518	3
6519	1
6520	0
6521	2
6522	3
6523	2
6524	4
6525	0
6526	1
6527	1
6528	6
6529	1
6530	3
6531	1
6532	1
6533	2
6534	1
6535	1
6536	4
6537	7
6538	4
6539	0
6540	2
6541	0
6542	1
6543	1
6544	2
6545	1
6546	0
6547	3
6548	1
6549	2
6550	0
6551	4
6552	3
6553	2
6554	1
6555	2
6556	1
6557	2
6558	2
6559	1
6560	0
6561	2
6562	4
6563	3
6564	0
6565	1
6566	2
6567	2
6568	0
6569	2
6570	4
6571	1
6572	0
6573	3
6574	2
6575	4
6576	2
6577	4
6578	3
6579	4
6580	1
6581	2
6582	3
6583	2
6584	4
6585	1
6586	5
6587	4
6588	2
6589	1
6590	1
6591	4
6592	2
6593	1
6594	1
6595	2
6596	0
6597	3
6598	0
6599	5
6600	1
6601	1
6602	0
6603	1
6604	0
6605	2
6606	2
6607	1
6608	2
6609	1
6610	0
6611	2
6612	1
6613	1
6614	1
6615	2
6616	1
6617	2
6618	3
6619	2
6620	0
6621	2
6622	2
6623	2
6624	5
6625	4
6626	2
6627	0
6628	1
6629	0
6630	1
6631	1
6632	2
6633	3
6634	3
6635	2
6636	2
6637	1
6638	2
6639	2
6640	1
6641	3
6642	1
6643	2
6644	2
6645	2
6646	2
6647	4
6648	0
6649	2
6650	1
6651	4
6652	1
6653	3
6654	3
6655	2
6656	2
6657	0
6658	0
6659	0
6660	2
6661	2
6662	1
6663	0
6664	1
6665	1
6666	4
6667	1
6668	4
6669	3
6670	2
6671	4
6672	2
6673	3
6674	2
6675	5
6676	0
6677	0
6678	1
6679	1
6680	3
6681	5
6682	3
6683	3
6684	2
6685	2
6686	4
6687	0
6688	2
6689	3
6690	1
6691	4
6692	1
6693	1
6694	3
6695	2
6696	3
6697	2
6698	3
6699	1
6700	0
6701	3
6702	1
6703	1
6704	3
6705	1
6706	1
6707	1
6708	6
6709	2
6710	4
6711	1
6712	3
6713	1
6714	1
6715	1
6716	1
6717	3
6718	1
6719	4
6720	0
6721	3
6722	1
6723	1
6724	0
6725	3
6726	0
6727	2
6728	3
6729	2
6730	0
6731	0
6732	4
6733	1
6734	2
6735	3
6736	4
6737	1
6738	3
6739	2
6740	1
6741	1
6742	2
6743	1
6744	4
6745	0
6746	2
6747	3
6748	0
6749	3
6750	2
6751	1
6752	1
6753	2
6754	3
6755	2
6756	1
6757	3
6758	0
6759	0
6760	2
6761	2
6762	1
6763	3
6764	1
6765	2
6766	2
6767	0
6768	0
6769	3
6770	0
6771	4
6772	4
6773	0
6774	2
6775	3
6776	0
6777	3
6778	3
6779	1
6780	1
6781	2
6782	2
6783	2
6784	0
6785	2
6786	3
6787	2
6788	3
6789	4
6790	5
6791	3
6792	4
6793	4
6794	2
6795	1
6796	0
6797	3
6798	0
6799	1
6800	3
6801	0
6802	2
6803	1
6804	2
6805	2
6806	1
6807	3
6808	1
6809	2
6810	2
6811	4
6812	2
6813	0
6814	1
6815	0
6816	3
6817	2
6818	2
6819	3
6820	2
6821	2
6822	1
6823	1
6824	3
6825	3
6826	2
6827	0
6828	0
6829	1
6830	2
6831	4
6832	1
6833	1
6834	2
6835	3
6836	1
6837	1
6838	2
6839	3
6840	2
6841	2
6842	4
6843	3
6844	2
6845	1
6846	2
6847	1
6848	0
6849	1
6850	2
6851	3
6852	2
6853	3
6854	2
6855	3
6856	4
6857	2
6858	1
6859	2
6860	3
6861	2
6862	2
6863	4
6864	1
6865	1
6866	4
6867	4
6868	0
6869	3
6870	2
6871	2
6872	1
6873	2
6874	2
6875	0
6876	3
6877	1
6878	0
6879	0
6880	1
6881	1
6882	2
6883	2
6884	2
6885	3
6886	3
6887	3
6888	0
6889	1
6890	0
6891	1
6892	2
6893	1
6894	0
6895	0
6896	1
6897	2
6898	1
6899	1
6900	1
6901	1
6902	5
6903	1
6904	1
6905	2
6906	1
6907	4
6908	3
6909	2
6910	1
6911	1
6912	2
6913	2
6914	0
6915	3
6916	3
6917	4
6918	1
6919	3
6920	3
6921	0
6922	4
6923	3
6924	3
6925	3
6926	1
6927	2
6928	1
6929	1
6930	3
6931	1
6932	1
6933	1
6934	1
6935	2
6936	5
6937	0
6938	3
6939	3
6940	2
6941	2
6942	3
6943	3
6944	4
6945	3
6946	0
6947	3
6948	1
6949	1
6950	0
6951	5
6952	2
6953	1
6954	2
6955	0
6956	3
6957	5
6958	0
6959	2
6960	1
6961	3
6962	4
6963	3
6964	1
6965	2
6966	3
6967	2
6968	1
6969	0
6970	4
6971	1
6972	1
6973	1
6974	3
6975	1
6976	1
6977	0
6978	4
6979	1
6980	4
6981	3
6982	3
6983	1
6984	1
6985	3
6986	1
6987	3
6988	5
6989	1
6990	0
6991	2
6992	0
6993	1
6994	3
6995	1
6996	2
6997	7
6998	1
6999	4
7000	5
7001	2
7002	2
7003	1
7004	2
7005	2
7006	1
7007	3
7008	0
7009	2
7010	3
7011	2
7012	4
7013	2
7014	2
7015	2
7016	0
7017	1
7018	4
7019	1
7020	1
7021	5
7022	5
7023	2
7024	0
7025	0
7026	1
7027	4
7028	1
7029	2
7030	3
7031	4
7032	1
7033	2
7034	3
7035	3
7036	1
7037	4
7038	1
7039	2
7040	2
7041	1
7042	1
7043	2
7044	0
7045	2
7046	3
7047	3
7048	1
7049	0
7050	3
7051	1
7052	0
7053	1
7054	1
7055	3
7056	0
7057	2
7058	1
7059	1
7060	1
7061	2
7062	1
7063	1
7064	1
7065	0
7066	0
7067	1
7068	1
7069	0
7070	1
7071	4
7072	4
7073	0
7074	4
7075	1
7076	6
7077	0
7078	3
7079	3
7080	2
7081	4
7082	3
7083	0
7084	2
7085	1
7086	0
7087	1
7088	1
7089	3
7090	1
7091	0
7092	0
7093	3
7094	2
7095	2
7096	2
7097	3
7098	1
7099	1
7100	3
7101	2
7102	1
7103	3
7104	1
7105	1
7106	3
7107	1
7108	2
7109	7
7110	0
7111	0
7112	3
7113	1
7114	3
7115	3
7116	1
7117	2
7118	1
7119	2
7120	2
7121	0
7122	1
7123	2
7124	0
7125	4
7126	3
7127	2
7128	1
7129	1
7130	1
7131	4
7132	3
7133	1
7134	4
7135	1
7136	3
7137	1
7138	3
7139	2
7140	3
7141	1
7142	1
7143	2
7144	1
7145	2
7146	2
7147	2
7148	1
7149	2
7150	0
7151	1
7152	1
7153	0
7154	2
7155	2
7156	3
7157	1
7158	1
7159	0
7160	1
7161	2
7162	2
7163	0
7164	1
7165	1
7166	1
7167	2
7168	1
7169	2
7170	1
7171	2
7172	1
7173	0
7174	1
7175	4
7176	7
7177	2
7178	1
7179	0
7180	3
7181	2
7182	2
7183	2
7184	3
7185	1
7186	2
7187	4
7188	1
7189	1
7190	2
7191	3
7192	2
7193	1
7194	3
7195	2
7196	3
7197	1
7198	0
7199	3
7200	1
7201	3
7202	1
7203	1
7204	0
7205	3
7206	2
7207	1
7208	1
7209	0
7210	1
7211	0
7212	0
7213	2
7214	2
7215	1
7216	1
7217	0
7218	3
7219	0
7220	3
7221	4
7222	0
7223	1
7224	1
7225	2
7226	4
7227	3
7228	0
7229	2
7230	2
7231	3
7232	1
7233	1
7234	3
7235	3
7236	3
7237	6
7238	1
7239	0
7240	3
7241	0
7242	3
7243	2
7244	3
7245	0
7246	4
7247	3
7248	2
7249	0
7250	3
7251	1
7252	0
7253	0
7254	2
7255	3
7256	0
7257	1
7258	0
7259	2
7260	2
7261	1
7262	0
7263	2
7264	2
7265	4
7266	1
7267	2
7268	5
7269	0
7270	2
7271	0
7272	0
7273	1
7274	3
7275	1
7276	3
7277	0
7278	5
7279	1
7280	0
7281	1
7282	1
7283	3
7284	3
7285	2
7286	1
7287	1
7288	2
7289	0
7290	3
7291	0
7292	1
7293	1
7294	1
7295	4
7296	3
7297	0
7298	0
7299	1
7300	2
7301	0
7302	6
7303	1
7304	3
7305	2
7306	2
7307	3
7308	3
7309	3
7310	2
7311	0
7312	3
7313	2
7314	0
7315	2
7316	2
7317	2
7318	4
7319	3
7320	5
7321	2
7322	3
7323	3
7324	1
7325	2
7326	2
7327	2
7328	0
7329	6
7330	3
7331	0
7332	2
7333	0
7334	0
7335	5
7336	4
7337	5
7338	3
7339	2
7340	2
7341	2
7342	2
7343	2
7344	1
7345	4
7346	2
7347	0
7348	3
7349	2
7350	1
7351	1
7352	1
7353	3
7354	5
7355	2
7356	1
7357	1
7358	1
7359	2
7360	4
7361	1
7362	3
7363	2
7364	1
7365	3
7366	2
7367	2
7368	2
7369	0
7370	1
7371	2
7372	3
7373	4
7374	1
7375	5
7376	2
7377	1
7378	1
7379	3
7380	0
7381	3
7382	4
7383	2
7384	3
7385	1
7386	2
7387	1
7388	2
7389	1
7390	3
7391	1
7392	2
7393	2
7394	3
7395	3
7396	4
7397	5
7398	2
7399	2
7400	1
7401	2
7402	3
7403	2
7404	1
7405	1
7406	2
7407	2
7408	0
7409	0
7410	5
7411	1
7412	2
7413	3
7414	2
7415	1
7416	0
7417	3
7418	0
7419	5
7420	1
7421	1
7422	2
7423	1
7424	2
7425	4
7426	3
7427	4
7428	0
7429	1
7430	2
7431	0
7432	1
7433	1
7434	1
7435	2
7436	3
7437	2
7438	0
7439	2
7440	0
7441	2
7442	5
7443	0
7444	0
7445	1
7446	1
7447	0
7448	2
7449	3
7450	2
7451	1
7452	1
7453	4
7454	3
7455	1
7456	2
7457	2
7458	2
7459	2
7460	1
7461	1
7462	0
7463	3
7464	0
7465	2
7466	2
7467	2
7468	2
7469	0
7470	3
7471	1
7472	2
7473	1
7474	2
7475	0
7476	2
7477	3
7478	1
7479	1
7480	0
7481	2
7482	5
7483	1
7484	1
7485	3
7486	2
7487	0
7488	3
7489	1
7490	4
7491	5
7492	1
7493	2
7494	0
7495	1
7496	2
7497	3
7498	2
7499	1
7500	1
7501	4
7502	0
7503	2
7504	2
7505	1
7506	0
7507	2
7508	1
7509	3
7510	0
7511	1
7512	1
7513	0
7514	1
7515	3
7516	1
7517	1
7518	2
7519	0
7520	0
7521	2
7522	1
7523	1
7524	2
7525	0
7526	2
7527	1
7528	1
7529	1
7530	0
7531	2
7532	4
7533	5
7534	3
7535	2
7536	0
7537	2
7538	5
7539	4
7540	2
7541	7
7542	0
7543	1
7544	1
7545	1
7546	3
7547	1
7548	3
7549	5
7550	4
7551	2
7552	2
7553	4
7554	3
7555	1
7556	5
7557	3
7558	2
7559	1
7560	1
7561	1
7562	2
7563	1
7564	0
7565	2
7566	1
7567	1
7568	2
7569	5
7570	1
7571	1
7572	0
7573	0
7574	2
7575	1
7576	1
7577	4
7578	3
7579	1
7580	1
7581	4
7582	2
7583	3
7584	2
7585	0
7586	1
7587	0
7588	3
7589	1
7590	1
7591	1
7592	2
7593	2
7594	1
7595	5
7596	2
7597	2
7598	0
7599	0
7600	4
7601	4
7602	3
7603	1
7604	4
7605	1
7606	0
7607	3
7608	0
7609	2
7610	1
7611	4
7612	0
7613	4
7614	3
7615	2
7616	1
7617	2
7618	1
7619	0
7620	3
7621	2
7622	2
7623	1
7624	3
7625	1
7626	2
7627	1
7628	1
7629	1
7630	0
7631	3
7632	1
7633	1
7634	3
7635	1
7636	1
7637	1
7638	0
7639	2
7640	2
7641	0
7642	4
7643	1
7644	1
7645	2
7646	3
7647	3
7648	4
7649	0
7650	1
7651	1
7652	0
7653	2
7654	1
7655	1
7656	2
7657	2
7658	1
7659	2
7660	1
7661	3
7662	3
7663	0
7664	1
7665	2
7666	0
7667	1
7668	2
7669	0
7670	2
7671	2
7672	3
7673	1
7674	2
7675	1
7676	4
7677	4
7678	3
7679	0
7680	0
7681	2
7682	2
7683	0
7684	2
7685	4
7686	1
7687	1
7688	2
7689	0
7690	3
7691	0
7692	4
7693	3
7694	3
7695	0
7696	1
7697	1
7698	2
7699	0
7700	0
7701	4
7702	1
7703	0
7704	0
7705	1
7706	2
7707	2
7708	4
7709	0
7710	1
7711	1
7712	3
7713	1
7714	1
7715	3
7716	4
7717	1
7718	1
7719	3
7720	0
7721	0
7722	2
7723	3
7724	2
7725	2
7726	4
7727	2
7728	0
7729	2
7730	1
7731	1
7732	2
7733	1
7734	0
7735	1
7736	4
7737	2
7738	1
7739	1
7740	3
7741	6
7742	0
7743	4
7744	2
7745	1
7746	5
7747	2
7748	2
7749	0
7750	4
7751	1
7752	2
7753	2
7754	1
7755	0
7756	1
7757	1
7758	1
7759	1
7760	1
7761	1
7762	2
7763	0
7764	1
7765	1
7766	3
7767	2
7768	3
7769	3
7770	1
7771	1
7772	4
7773	1
7774	2
7775	0
7776	1
7777	3
7778	1
7779	2
7780	4
7781	1
7782	1
7783	1
7784	0
7785	2
7786	5
7787	1
7788	3
7789	1
7790	5
7791	1
7792	0
7793	2
7794	4
7795	1
7796	2
7797	1
7798	2
7799	1
7800	3
7801	3
7802	4
7803	2
7804	0
7805	1
7806	2
7807	1
7808	3
7809	3
7810	0
7811	1
7812	0
7813	3
7814	0
7815	3
7816	1
7817	3
7818	2
7819	2
7820	3
7821	4
7822	3
7823	3
7824	1
7825	3
7826	0
7827	0
7828	2
7829	4
7830	0
7831	3
7832	1
7833	2
7834	1
7835	0
7836	3
7837	2
7838	2
7839	2
7840	1
7841	2
7842	2
7843	1
7844	2
7845	1
7846	0
7847	2
7848	1
7849	2
7850	1
7851	2
7852	2
7853	2
7854	2
7855	3
7856	1
7857	0
7858	4
7859	1
7860	2
7861	4
7862	0
7863	5
7864	2
7865	2
7866	3
7867	1
7868	3
7869	0
7870	1
7871	1
7872	1
7873	4
7874	0
7875	0
7876	1
7877	0
7878	2
7879	1
7880	2
7881	3
7882	1
7883	4
7884	3
7885	3
7886	0
7887	0
7888	1
7889	3
7890	4
7891	4
7892	1
7893	4
7894	2
7895	3
7896	1
7897	1
7898	1
7899	0
7900	4
7901	0
7902	5
7903	2
7904	4
7905	2
7906	3
7907	3
7908	1
7909	2
7910	1
7911	1
7912	0
7913	3
7914	2
7915	2
7916	2
7917	2
7918	1
7919	1
7920	5
7921	2
7922	4
7923	3
7924	2
7925	4
7926	1
7927	3
7928	1
7929	2
7930	1
7931	0
7932	1
7933	1
7934	0
7935	1
7936	3
7937	0
7938	0
7939	4
7940	3
7941	4
7942	2
7943	2
7944	2
7945	1
7946	2
7947	3
7948	0
7949	1
7950	1
7951	1
7952	5
7953	0
7954	3
7955	1
7956	2
7957	3
7958	0
7959	2
7960	3
7961	3
7962	2
7963	2
7964	1
7965	0
7966	0
7967	2
7968	1
7969	4
7970	3
7971	2
7972	2
7973	0
7974	3
7975	0
7976	2
7977	4
7978	4
7979	1
7980	0
7981	4
7982	3
7983	3
7984	2
7985	2
7986	3
7987	4
7988	2
7989	0
7990	3
7991	2
7992	2
7993	4
7994	1
7995	3
7996	2
7997	2
7998	2
7999	1
8000	0
8001	1
8002	3
8003	2
8004	2
8005	1
8006	2
8007	0
8008	4
8009	1
8010	2
8011	2
8012	1
8013	2
8014	1
8015	2
8016	2
8017	1
8018	3
8019	2
8020	0
8021	0
8022	0
8023	2
8024	0
8025	2
8026	1
8027	3
8028	3
8029	0
8030	2
8031	3
8032	1
8033	3
8034	4
8035	0
8036	1
8037	1
8038	0
8039	3
8040	1
8041	1
8042	0
8043	3
8044	0
8045	1
8046	0
8047	1
8048	1
8049	3
8050	0
8051	1
8052	3
8053	3
8054	2
8055	1
8056	0
8057	3
8058	2
8059	3
8060	1
8061	3
8062	2
8063	3
8064	0
8065	0
8066	0
8067	0
8068	0
8069	0
8070	0
8071	0
8072	0
8073	0
8074	0
8075	0
8076	0
8077	0
8078	0
8079	0
8080	0
8081	0
8082	0
8083	0
8084	0
8085	0
8086	0
8087	0
8088	0
8089	0
8090	0
8091	0
8092	0
8093	0
8094	0
8095	0
8096	0
8097	0
8098	0
8099	0
8100	0
8101	0
8102	0
8103	0
8104	0
8105	0
8106	0
8107	0
8108	0
8109	0
8110	0
8111	0
8112	0
8113	0
8114	0
8115	0
8116	0
8117	0
8118	0
8119	0
8120	0
8121	0
8122	0
8123	0
8124	0
8125	0
8126	0
8127	0
8128	0
8129	0
8130	0
8131	0
8132	0
8133	0
8134	0
8135	0
8136	0
8137	0
8138	0
8139	0
8140	0
8141	0
8142	0
8143	0
8144	0
8145	0
8146	0
8147	0
8148	0
8149	0
8150	0
8151	0
8152	0
8153	0
8154	0
8155	0
8156	0
8157	0
8158	0
8159	0
8160	0
8161	0
8162	0
8163	0
8164	0
8165	0
8166	0
8167	0
8168	0
8169	0
8170	0
8171	0
8172	0
8173	0
8174	0
8175	0
8176	0
8177	0
8178	0
8179	0
8180	0
8181	0
8182	0
8183	0
8184	0
8185	0
8186	0
8187	0
8188	0
8189	0
8190	0
8191	0
