-2	86400
-1	86429.7
0	0
1	0
2	0
3	0
4	0
5	0
6	0
7	0
8	0
9	0
10	0
11	0
12	0
13	0
14	0
15	0
16	0
17	0
18	0
19	0
20	0
21	0
22	0
23	0
24	0
25	0
26	0
27	0
28	0
29	0
30	0
31	0
32	0
33	0
34	0
35	0
36	0
37	0
38	0
39	0
40	0
41	0
42	0
43	0
44	0
45	0
46	1
47	0
48	1
49	89
50	392
51	519
52	564
53	668
54	744
55	767
56	834
57	890
58	864
59	807
60	849
61	768
62	790
63	755
64	767
65	723
66	772
67	828
68	756
69	795
70	791
71	810
72	838
73	838
74	813
75	808
76	838
77	815
78	837
79	858
80	862
81	797
82	780
83	761
84	767
85	803
86	877
87	855
88	785
89	788
90	806
91	868
92	835
93	866
94	848
95	894
96	876
97	873
98	878
99	886
100	896
101	919
102	957
103	992
104	930
105	955
106	966
107	958
108	961
109	1027
110	1018
111	1020
112	1029
113	1066
114	1074
115	1089
116	1085
117	1118
118	1163
119	1159
120	1180
121	1150
122	1227
123	1198
124	1216
125	1167
126	1235
127	1258
128	1214
129	1308
130	1254
131	1250
132	1378
133	1307
134	1332
135	1431
136	1392
137	1403
138	1348
139	1467
140	1382
141	1457
142	1445
143	1449
144	1513
145	1545
146	1486
147	1448
148	1489
149	1493
150	1502
151	1629
152	1573
153	1614
154	1680
155	1640
156	1636
157	1669
158	1655
159	1602
160	1601
161	1536
162	1575
163	1568
164	1574
165	1566
166	1594
167	1596
168	1605
169	1647
170	1669
171	1514
172	1697
173	1654
174	1616
175	1704
176	1681
177	1673
178	1663
179	1586
180	1620
181	1728
182	1655
183	1619
184	1660
185	1656
186	1582
187	1679
188	1651
189	1642
190	1713
191	1685
192	1629
193	1602
194	1602
195	1672
196	1680
197	1675
198	1642
199	1638
200	1619
201	1658
202	1626
203	1627
204	1616
205	1665
206	1612
207	1664
208	1666
209	1657
210	1644
211	1594
212	1635
213	1629
214	1606
215	1617
216	1541
217	1573
218	1576
219	1622
220	1508
221	1592
222	1644
223	1578
224	1556
225	1562
226	1485
227	1552
228	1543
229	1546
230	1524
231	1509
232	1509
233	1495
234	1518
235	1483
236	1514
237	1466
238	1528
239	1446
240	1467
241	1397
242	1433
243	1405
244	1506
245	1474
246	1415
247	1432
248	1444
249	1356
250	1470
251	1372
252	1362
253	1364
254	1388
255	1376
256	1396
257	1381
258	1362
259	1308
260	1420
261	1384
262	1339
263	1470
264	1439
265	1419
266	1386
267	1290
268	1308
269	1282
270	1206
271	1254
272	1317
273	1183
274	1291
275	1219
276	1221
277	1239
278	1160
279	1238
280	1209
281	1209
282	1263
283	1221
284	1183
285	1189
286	1173
287	1149
288	1119
289	1186
290	1129
291	1219
292	1180
293	1105
294	1126
295	1115
296	1103
297	1154
298	1100
299	1123
300	1109
301	1103
302	1141
303	1092
304	1126
305	1085
306	1079
307	1010
308	1143
309	1099
310	1041
311	1089
312	1040
313	1056
314	1090
315	998
316	999
317	1025
318	997
319	1063
320	1045
321	1008
322	1029
323	1030
324	1009
325	975
326	1022
327	1079
328	1025
329	992
330	1036
331	997
332	969
333	979
334	949
335	967
336	946
337	909
338	946
339	873
340	922
341	912
342	913
343	912
344	966
345	958
346	938
347	874
348	909
349	857
350	952
351	870
352	895
353	891
354	857
355	880
356	893
357	842
358	816
359	833
360	847
361	875
362	910
363	853
364	868
365	848
366	869
367	838
368	870
369	802
370	885
371	822
372	855
373	839
374	870
375	859
376	861
377	787
378	804
379	762
380	810
381	811
382	780
383	792
384	757
385	772
386	765
387	818
388	843
389	922
390	852
391	833
392	786
393	740
394	723
395	722
396	734
397	718
398	779
399	725
400	743
401	741
402	784
403	685
404	730
405	687
406	670
407	670
408	701
409	663
410	665
411	633
412	671
413	718
414	742
415	695
416	694
417	668
418	678
419	685
420	614
421	653
422	644
423	679
424	676
425	632
426	645
427	694
428	667
429	648
430	685
431	649
432	624
433	641
434	675
435	602
436	651
437	603
438	600
439	657
440	652
441	653
442	650
443	572
444	584
445	627
446	635
447	591
448	586
449	631
450	572
451	584
452	630
453	622
454	631
455	572
456	615
457	584
458	552
459	597
460	583
461	645
462	604
463	594
464	587
465	629
466	570
467	587
468	567
469	561
470	593
471	563
472	557
473	590
474	582
475	542
476	573
477	551
478	569
479	521
480	547
481	546
482	550
483	570
484	520
485	527
486	547
487	562
488	522
489	536
490	465
491	557
492	528
493	527
494	499
495	542
496	528
497	532
498	501
499	540
500	524
501	491
502	490
503	528
504	531
505	533
506	534
507	502
508	495
509	514
510	494
511	545
512	510
513	520
514	523
515	516
516	494
517	462
518	476
519	466
520	489
521	445
522	516
523	487
524	456
525	460
526	483
527	499
528	490
529	489
530	489
531	460
532	488
533	433
534	437
535	465
536	513
537	505
538	494
539	493
540	468
541	472
542	451
543	458
544	492
545	434
546	454
547	422
548	509
549	448
550	430
551	411
552	461
553	462
554	444
555	422
556	469
557	427
558	444
559	489
560	483
561	559
562	700
563	893
564	1196
565	1299
566	1233
567	921
568	716
569	557
570	525
571	400
572	343
573	433
574	424
575	438
576	409
577	402
578	406
579	408
580	383
581	433
582	352
583	396
584	419
585	403
586	414
587	386
588	418
589	409
590	367
591	372
592	358
593	373
594	403
595	402
596	393
597	364
598	377
599	371
600	367
601	390
602	374
603	399
604	403
605	395
606	380
607	372
608	419
609	362
610	381
611	381
612	363
613	412
614	396
615	377
616	393
617	403
618	347
619	359
620	348
621	361
622	391
623	369
624	382
625	370
626	350
627	384
628	393
629	365
630	385
631	354
632	376
633	368
634	401
635	349
636	383
637	337
638	374
639	345
640	399
641	364
642	388
643	493
644	566
645	607
646	542
647	418
648	367
649	348
650	353
651	336
652	323
653	356
654	335
655	333
656	328
657	347
658	334
659	370
660	333
661	362
662	374
663	343
664	372
665	348
666	343
667	341
668	361
669	343
670	327
671	403
672	522
673	693
674	720
675	609
676	444
677	355
678	351
679	347
680	311
681	291
682	344
683	314
684	302
685	336
686	303
687	339
688	307
689	322
690	321
691	319
692	281
693	276
694	284
695	284
696	304
697	328
698	291
699	327
700	310
701	311
702	285
703	286
704	319
705	318
706	283
707	315
708	284
709	301
710	288
711	267
712	275
713	302
714	286
715	323
716	286
717	288
718	286
719	308
720	315
721	295
722	285
723	280
724	305
725	285
726	288
727	300
728	268
729	327
730	291
731	296
732	273
733	303
734	279
735	276
736	274
737	260
738	293
739	297
740	309
741	298
742	308
743	272
744	274
745	315
746	287
747	294
748	280
749	258
750	304
751	284
752	256
753	273
754	261
755	270
756	267
757	256
758	249
759	272
760	256
761	237
762	275
763	308
764	281
765	272
766	310
767	284
768	282
769	275
770	259
771	273
772	250
773	268
774	295
775	269
776	264
777	309
778	317
779	266
780	270
781	280
782	283
783	256
784	253
785	246
786	274
787	239
788	260
789	248
790	281
791	264
792	280
793	237
794	267
795	269
796	245
797	294
798	261
799	248
800	253
801	266
802	299
803	313
804	348
805	315
806	287
807	233
808	262
809	246
810	209
811	245
812	229
813	223
814	247
815	252
816	251
817	250
818	272
819	229
820	225
821	218
822	233
823	213
824	250
825	223
826	255
827	224
828	246
829	206
830	237
831	256
832	236
833	230
834	248
835	266
836	240
837	233
838	254
839	259
840	232
841	249
842	234
843	239
844	207
845	234
846	250
847	234
848	265
849	277
850	285
851	286
852	272
853	246
854	232
855	230
856	228
857	242
858	241
859	222
860	239
861	227
862	258
863	245
864	230
865	234
866	218
867	234
868	248
869	240
870	218
871	207
872	241
873	233
874	218
875	218
876	277
877	238
878	240
879	247
880	259
881	217
882	219
883	186
884	202
885	201
886	216
887	202
888	215
889	186
890	231
891	193
892	210
893	215
894	224
895	202
896	205
897	211
898	204
899	216
900	189
901	224
902	203
903	199
904	214
905	213
906	191
907	195
908	177
909	208
910	193
911	217
912	192
913	187
914	213
915	209
916	227
917	238
918	209
919	219
920	209
921	196
922	193
923	199
924	230
925	215
926	210
927	227
928	235
929	232
930	195
931	199
932	217
933	184
934	228
935	208
936	214
937	226
938	198
939	227
940	194
941	201
942	182
943	202
944	184
945	217
946	183
947	197
948	200
949	221
950	265
951	244
952	227
953	248
954	199
955	192
956	192
957	180
958	202
959	204
960	152
961	197
962	199
963	194
964	162
965	193
966	168
967	202
968	196
969	177
970	199
971	172
972	175
973	175
974	167
975	175
976	168
977	188
978	195
979	196
980	185
981	211
982	196
983	186
984	176
985	196
986	207
987	184
988	174
989	204
990	193
991	173
992	188
993	170
994	188
995	195
996	174
997	176
998	191
999	182
1000	187
1001	208
1002	186
1003	199
1004	260
1005	306
1006	419
1007	501
1008	438
1009	316
1010	238
1011	197
1012	201
1013	192
1014	161
1015	172
1016	150
1017	196
1018	180
1019	164
1020	176
1021	163
1022	197
1023	179
1024	160
1025	182
1026	155
1027	188
1028	175
1029	192
1030	188
1031	195
1032	212
1033	213
1034	207
1035	170
1036	154
1037	157
1038	169
1039	151
1040	155
1041	161
1042	179
1043	152
1044	172
1045	175
1046	187
1047	151
1048	191
1049	168
1050	181
1051	182
1052	160
1053	155
1054	169
1055	150
1056	186
1057	141
1058	163
1059	175
1060	175
1061	158
1062	196
1063	203
1064	217
1065	221
1066	250
1067	242
1068	255
1069	298
1070	357
1071	358
1072	325
1073	202
1074	187
1075	160
1076	150
1077	159
1078	159
1079	148
1080	149
1081	168
1082	152
1083	145
1084	160
1085	162
1086	159
1087	150
1088	153
1089	153
1090	147
1091	172
1092	175
1093	137
1094	130
1095	173
1096	153
1097	135
1098	177
1099	161
1100	169
1101	150
1102	163
1103	170
1104	165
1105	163
1106	170
1107	149
1108	146
1109	164
1110	143
1111	126
1112	157
1113	144
1114	153
1115	157
1116	156
1117	136
1118	133
1119	161
1120	173
1121	156
1122	149
1123	149
1124	166
1125	166
1126	137
1127	163
1128	154
1129	174
1130	125
1131	165
1132	150
1133	147
1134	130
1135	143
1136	144
1137	135
1138	157
1139	164
1140	162
1141	151
1142	140
1143	153
1144	148
1145	152
1146	149
1147	152
1148	141
1149	148
1150	142
1151	147
1152	156
1153	143
1154	150
1155	147
1156	154
1157	154
1158	148
1159	175
1160	143
1161	149
1162	160
1163	160
1164	174
1165	151
1166	148
1167	139
1168	137
1169	133
1170	151
1171	152
1172	146
1173	136
1174	164
1175	140
1176	161
1177	138
1178	123
1179	143
1180	151
1181	152
1182	156
1183	156
1184	131
1185	142
1186	139
1187	146
1188	153
1189	141
1190	162
1191	148
1192	148
1193	150
1194	157
1195	135
1196	146
1197	147
1198	141
1199	138
1200	142
1201	160
1202	149
1203	122
1204	142
1205	136
1206	134
1207	139
1208	149
1209	135
1210	142
1211	157
1212	141
1213	153
1214	154
1215	142
1216	166
1217	152
1218	138
1219	163
1220	122
1221	138
1222	155
1223	147
1224	170
1225	151
1226	148
1227	142
1228	140
1229	165
1230	131
1231	152
1232	136
1233	137
1234	156
1235	164
1236	245
1237	300
1238	305
1239	306
1240	227
1241	162
1242	119
1243	143
1244	137
1245	137
1246	124
1247	129
1248	144
1249	132
1250	145
1251	128
1252	139
1253	125
1254	174
1255	164
1256	133
1257	145
1258	168
1259	133
1260	130
1261	147
1262	141
1263	133
1264	143
1265	139
1266	127
1267	145
1268	125
1269	137
1270	131
1271	144
1272	158
1273	153
1274	160
1275	151
1276	162
1277	160
1278	145
1279	152
1280	158
1281	144
1282	139
1283	134
1284	136
1285	137
1286	149
1287	129
1288	148
1289	153
1290	150
1291	141
1292	124
1293	159
1294	140
1295	142
1296	135
1297	141
1298	139
1299	134
1300	142
1301	134
1302	133
1303	133
1304	140
1305	145
1306	124
1307	131
1308	150
1309	149
1310	150
1311	151
1312	145
1313	146
1314	128
1315	146
1316	135
1317	149
1318	140
1319	131
1320	137
1321	152
1322	125
1323	153
1324	159
1325	147
1326	152
1327	135
1328	146
1329	138
1330	163
1331	151
1332	158
1333	143
1334	143
1335	139
1336	149
1337	133
1338	114
1339	142
1340	119
1341	134
1342	154
1343	141
1344	144
1345	142
1346	145
1347	126
1348	143
1349	131
1350	138
1351	140
1352	140
1353	140
1354	147
1355	151
1356	134
1357	127
1358	126
1359	122
1360	147
1361	128
1362	164
1363	122
1364	140
1365	157
1366	172
1367	188
1368	196
1369	213
1370	185
1371	134
1372	131
1373	139
1374	136
1375	138
1376	145
1377	130
1378	105
1379	125
1380	124
1381	156
1382	106
1383	134
1384	120
1385	143
1386	103
1387	112
1388	103
1389	123
1390	94
1391	120
1392	98
1393	128
1394	110
1395	110
1396	109
1397	110
1398	130
1399	123
1400	116
1401	109
1402	115
1403	104
1404	106
1405	93
1406	97
1407	111
1408	116
1409	98
1410	113
1411	102
1412	104
1413	103
1414	122
1415	141
1416	127
1417	120
1418	94
1419	97
1420	84
1421	88
1422	89
1423	105
1424	89
1425	101
1426	112
1427	107
1428	72
1429	99
1430	114
1431	102
1432	97
1433	106
1434	100
1435	100
1436	92
1437	103
1438	105
1439	91
1440	72
1441	105
1442	114
1443	118
1444	103
1445	96
1446	103
1447	90
1448	112
1449	81
1450	97
1451	96
1452	80
1453	78
1454	105
1455	105
1456	74
1457	98
1458	93
1459	90
1460	85
1461	94
1462	96
1463	81
1464	78
1465	99
1466	90
1467	96
1468	89
1469	88
1470	87
1471	102
1472	97
1473	74
1474	75
1475	83
1476	88
1477	87
1478	99
1479	68
1480	89
1481	101
1482	95
1483	78
1484	96
1485	89
1486	68
1487	78
1488	89
1489	100
1490	81
1491	82
1492	90
1493	87
1494	101
1495	72
1496	83
1497	87
1498	71
1499	83
1500	86
1501	87
1502	75
1503	84
1504	77
1505	82
1506	84
1507	69
1508	85
1509	78
1510	73
1511	72
1512	86
1513	65
1514	76
1515	72
1516	82
1517	81
1518	72
1519	88
1520	101
1521	108
1522	143
1523	155
1524	122
1525	101
1526	90
1527	71
1528	65
1529	83
1530	88
1531	93
1532	76
1533	62
1534	80
1535	70
1536	74
1537	71
1538	78
1539	82
1540	82
1541	89
1542	68
1543	61
1544	70
1545	83
1546	77
1547	86
1548	83
1549	82
1550	84
1551	62
1552	71
1553	77
1554	88
1555	91
1556	107
1557	94
1558	79
1559	76
1560	74
1561	102
1562	67
1563	67
1564	69
1565	61
1566	69
1567	70
1568	67
1569	70
1570	62
1571	67
1572	73
1573	76
1574	60
1575	66
1576	83
1577	66
1578	63
1579	70
1580	72
1581	68
1582	51
1583	66
1584	78
1585	76
1586	62
1587	53
1588	47
1589	69
1590	59
1591	72
1592	67
1593	83
1594	65
1595	64
1596	70
1597	60
1598	70
1599	65
1600	81
1601	59
1602	76
1603	73
1604	89
1605	69
1606	64
1607	63
1608	87
1609	121
1610	256
1611	755
1612	1476
1613	2467
1614	2899
1615	2496
1616	1554
1617	691
1618	241
1619	84
1620	54
1621	34
1622	42
1623	42
1624	47
1625	39
1626	44
1627	47
1628	46
1629	44
1630	38
1631	42
1632	42
1633	46
1634	40
1635	34
1636	37
1637	42
1638	46
1639	41
1640	45
1641	39
1642	39
1643	45
1644	43
1645	39
1646	41
1647	42
1648	32
1649	51
1650	46
1651	61
1652	51
1653	60
1654	58
1655	40
1656	46
1657	60
1658	45
1659	45
1660	36
1661	58
1662	41
1663	47
1664	51
1665	56
1666	59
1667	62
1668	78
1669	54
1670	71
1671	42
1672	48
1673	48
1674	48
1675	47
1676	53
1677	43
1678	27
1679	44
1680	37
1681	38
1682	38
1683	33
1684	40
1685	47
1686	39
1687	44
1688	32
1689	40
1690	34
1691	44
1692	47
1693	37
1694	32
1695	38
1696	40
1697	44
1698	42
1699	51
1700	42
1701	37
1702	46
1703	52
1704	47
1705	42
1706	45
1707	40
1708	41
1709	55
1710	53
1711	36
1712	47
1713	30
1714	34
1715	31
1716	37
1717	37
1718	38
1719	33
1720	39
1721	37
1722	42
1723	40
1724	30
1725	41
1726	45
1727	41
1728	40
1729	35
1730	35
1731	44
1732	28
1733	36
1734	40
1735	35
1736	37
1737	38
1738	47
1739	40
1740	31
1741	27
1742	28
1743	46
1744	42
1745	47
1746	52
1747	56
1748	57
1749	48
1750	43
1751	46
1752	59
1753	78
1754	92
1755	98
1756	84
1757	69
1758	75
1759	65
1760	67
1761	40
1762	43
1763	35
1764	33
1765	53
1766	38
1767	35
1768	32
1769	29
1770	23
1771	24
1772	30
1773	41
1774	35
1775	30
1776	29
1777	31
1778	32
1779	37
1780	22
1781	44
1782	36
1783	32
1784	33
1785	31
1786	35
1787	38
1788	47
1789	47
1790	48
1791	51
1792	51
1793	50
1794	32
1795	42
1796	42
1797	35
1798	45
1799	43
1800	41
1801	56
1802	52
1803	56
1804	36
1805	44
1806	27
1807	43
1808	49
1809	45
1810	48
1811	36
1812	44
1813	31
1814	34
1815	27
1816	26
1817	40
1818	30
1819	43
1820	32
1821	36
1822	28
1823	37
1824	29
1825	37
1826	45
1827	35
1828	29
1829	34
1830	26
1831	30
1832	32
1833	42
1834	41
1835	54
1836	47
1837	42
1838	32
1839	32
1840	34
1841	38
1842	41
1843	37
1844	36
1845	29
1846	29
1847	30
1848	19
1849	29
1850	24
1851	34
1852	35
1853	37
1854	44
1855	31
1856	31
1857	40
1858	33
1859	30
1860	29
1861	30
1862	26
1863	29
1864	40
1865	40
1866	26
1867	26
1868	31
1869	36
1870	29
1871	30
1872	27
1873	39
1874	32
1875	33
1876	34
1877	30
1878	34
1879	30
1880	19
1881	25
1882	29
1883	35
1884	29
1885	20
1886	43
1887	32
1888	29
1889	30
1890	28
1891	39
1892	23
1893	38
1894	31
1895	28
1896	43
1897	35
1898	27
1899	32
1900	46
1901	14
1902	29
1903	28
1904	35
1905	33
1906	41
1907	27
1908	48
1909	51
1910	81
1911	60
1912	64
1913	40
1914	44
1915	28
1916	29
1917	25
1918	26
1919	30
1920	32
1921	27
1922	29
1923	23
1924	16
1925	27
1926	34
1927	27
1928	36
1929	33
1930	35
1931	23
1932	28
1933	28
1934	32
1935	31
1936	35
1937	33
1938	31
1939	30
1940	37
1941	26
1942	41
1943	30
1944	31
1945	44
1946	72
1947	137
1948	219
1949	228
1950	282
1951	185
1952	102
1953	62
1954	48
1955	31
1956	28
1957	25
1958	28
1959	31
1960	36
1961	34
1962	17
1963	26
1964	20
1965	29
1966	27
1967	20
1968	27
1969	26
1970	19
1971	24
1972	23
1973	24
1974	36
1975	20
1976	31
1977	35
1978	22
1979	18
1980	26
1981	14
1982	30
1983	27
1984	26
1985	26
1986	31
1987	24
1988	21
1989	26
1990	25
1991	26
1992	27
1993	32
1994	23
1995	26
1996	30
1997	28
1998	27
1999	15
2000	25
2001	34
2002	16
2003	16
2004	27
2005	19
2006	20
2007	31
2008	19
2009	23
2010	28
2011	27
2012	23
2013	15
2014	33
2015	25
2016	25
2017	26
2018	29
2019	31
2020	21
2021	28
2022	25
2023	19
2024	36
2025	30
2026	26
2027	24
2028	35
2029	31
2030	28
2031	27
2032	29
2033	26
2034	24
2035	37
2036	21
2037	39
2038	39
2039	48
2040	57
2041	51
2042	48
2043	53
2044	39
2045	26
2046	31
2047	21
2048	21
2049	34
2050	21
2051	33
2052	21
2053	27
2054	20
2055	20
2056	27
2057	32
2058	26
2059	18
2060	22
2061	33
2062	31
2063	15
2064	23
2065	29
2066	27
2067	30
2068	36
2069	19
2070	30
2071	22
2072	36
2073	29
2074	32
2075	20
2076	19
2077	25
2078	19
2079	25
2080	26
2081	32
2082	27
2083	20
2084	23
2085	28
2086	36
2087	29
2088	17
2089	25
2090	22
2091	20
2092	25
2093	30
2094	30
2095	27
2096	18
2097	34
2098	20
2099	26
2100	28
2101	21
2102	31
2103	28
2104	23
2105	21
2106	29
2107	25
2108	28
2109	37
2110	30
2111	23
2112	28
2113	22
2114	23
2115	31
2116	29
2117	30
2118	23
2119	25
2120	19
2121	28
2122	32
2123	25
2124	20
2125	26
2126	20
2127	22
2128	19
2129	25
2130	19
2131	30
2132	16
2133	32
2134	24
2135	25
2136	32
2137	28
2138	28
2139	16
2140	27
2141	30
2142	18
2143	26
2144	15
2145	27
2146	34
2147	25
2148	25
2149	25
2150	23
2151	20
2152	19
2153	21
2154	19
2155	18
2156	24
2157	26
2158	16
2159	25
2160	19
2161	28
2162	21
2163	20
2164	29
2165	24
2166	33
2167	24
2168	17
2169	24
2170	29
2171	15
2172	19
2173	32
2174	16
2175	17
2176	20
2177	23
2178	25
2179	23
2180	22
2181	29
2182	29
2183	28
2184	28
2185	32
2186	29
2187	25
2188	19
2189	20
2190	32
2191	18
2192	21
2193	21
2194	18
2195	27
2196	23
2197	17
2198	29
2199	28
2200	18
2201	24
2202	27
2203	21
2204	29
2205	18
2206	23
2207	23
2208	26
2209	15
2210	21
2211	22
2212	30
2213	23
2214	23
2215	33
2216	23
2217	14
2218	14
2219	21
2220	24
2221	17
2222	27
2223	22
2224	20
2225	25
2226	19
2227	31
2228	26
2229	17
2230	19
2231	18
2232	20
2233	25
2234	17
2235	21
2236	31
2237	17
2238	33
2239	20
2240	30
2241	27
2242	23
2243	19
2244	26
2245	27
2246	23
2247	31
2248	20
2249	20
2250	23
2251	28
2252	25
2253	26
2254	24
2255	25
2256	27
2257	32
2258	26
2259	20
2260	23
2261	21
2262	20
2263	15
2264	22
2265	29
2266	15
2267	24
2268	17
2269	24
2270	25
2271	16
2272	21
2273	13
2274	25
2275	23
2276	19
2277	20
2278	24
2279	16
2280	22
2281	21
2282	27
2283	20
2284	13
2285	28
2286	27
2287	16
2288	20
2289	20
2290	24
2291	26
2292	22
2293	20
2294	21
2295	23
2296	22
2297	24
2298	21
2299	26
2300	29
2301	23
2302	25
2303	18
2304	24
2305	20
2306	21
2307	27
2308	25
2309	16
2310	21
2311	28
2312	14
2313	24
2314	14
2315	24
2316	23
2317	23
2318	19
2319	44
2320	59
2321	65
2322	84
2323	82
2324	75
2325	75
2326	51
2327	33
2328	27
2329	31
2330	28
2331	24
2332	20
2333	29
2334	14
2335	29
2336	24
2337	22
2338	32
2339	30
2340	30
2341	45
2342	33
2343	24
2344	25
2345	23
2346	25
2347	26
2348	16
2349	21
2350	24
2351	16
2352	23
2353	19
2354	21
2355	22
2356	30
2357	28
2358	13
2359	22
2360	23
2361	19
2362	21
2363	16
2364	27
2365	23
2366	21
2367	23
2368	19
2369	28
2370	22
2371	19
2372	24
2373	25
2374	26
2375	21
2376	35
2377	24
2378	29
2379	29
2380	19
2381	26
2382	19
2383	28
2384	22
2385	22
2386	29
2387	20
2388	20
2389	16
2390	18
2391	25
2392	23
2393	15
2394	32
2395	22
2396	22
2397	21
2398	21
2399	27
2400	20
2401	21
2402	24
2403	20
2404	24
2405	29
2406	19
2407	16
2408	17
2409	21
2410	26
2411	25
2412	17
2413	18
2414	26
2415	21
2416	22
2417	31
2418	18
2419	20
2420	22
2421	20
2422	23
2423	24
2424	21
2425	22
2426	12
2427	24
2428	29
2429	19
2430	26
2431	48
2432	55
2433	73
2434	84
2435	94
2436	79
2437	60
2438	34
2439	24
2440	21
2441	23
2442	27
2443	19
2444	25
2445	30
2446	21
2447	18
2448	23
2449	21
2450	25
2451	16
2452	22
2453	21
2454	22
2455	22
2456	21
2457	27
2458	25
2459	22
2460	22
2461	26
2462	15
2463	15
2464	22
2465	23
2466	26
2467	20
2468	16
2469	23
2470	13
2471	23
2472	24
2473	28
2474	16
2475	20
2476	26
2477	15
2478	17
2479	26
2480	14
2481	15
2482	21
2483	22
2484	28
2485	26
2486	21
2487	19
2488	28
2489	20
2490	18
2491	18
2492	24
2493	21
2494	24
2495	23
2496	20
2497	24
2498	27
2499	25
2500	20
2501	23
2502	23
2503	29
2504	18
2505	19
2506	11
2507	19
2508	22
2509	21
2510	24
2511	24
2512	11
2513	18
2514	23
2515	27
2516	25
2517	21
2518	24
2519	29
2520	22
2521	17
2522	26
2523	15
2524	15
2525	20
2526	16
2527	19
2528	17
2529	22
2530	25
2531	27
2532	23
2533	24
2534	27
2535	30
2536	24
2537	24
2538	25
2539	21
2540	16
2541	22
2542	25
2543	26
2544	18
2545	19
2546	19
2547	22
2548	20
2549	31
2550	18
2551	28
2552	26
2553	22
2554	15
2555	23
2556	22
2557	31
2558	30
2559	31
2560	22
2561	28
2562	25
2563	23
2564	24
2565	22
2566	23
2567	28
2568	22
2569	36
2570	22
2571	19
2572	27
2573	26
2574	29
2575	26
2576	19
2577	23
2578	28
2579	25
2580	23
2581	16
2582	27
2583	29
2584	20
2585	21
2586	18
2587	20
2588	22
2589	21
2590	28
2591	22
2592	29
2593	23
2594	21
2595	19
2596	29
2597	22
2598	26
2599	20
2600	28
2601	21
2602	27
2603	26
2604	21
2605	20
2606	28
2607	19
2608	19
2609	27
2610	22
2611	19
2612	39
2613	24
2614	28
2615	22
2616	21
2617	33
2618	16
2619	28
2620	26
2621	20
2622	23
2623	25
2624	28
2625	32
2626	32
2627	17
2628	25
2629	25
2630	16
2631	15
2632	21
2633	17
2634	23
2635	21
2636	12
2637	16
2638	22
2639	25
2640	26
2641	19
2642	20
2643	17
2644	20
2645	14
2646	16
2647	20
2648	22
2649	20
2650	27
2651	20
2652	20
2653	20
2654	19
2655	18
2656	9
2657	15
2658	17
2659	20
2660	17
2661	10
2662	24
2663	17
2664	19
2665	27
2666	16
2667	15
2668	18
2669	14
2670	19
2671	16
2672	23
2673	15
2674	12
2675	16
2676	12
2677	18
2678	23
2679	15
2680	15
2681	8
2682	17
2683	19
2684	18
2685	13
2686	11
2687	16
2688	24
2689	16
2690	22
2691	17
2692	6
2693	15
2694	12
2695	13
2696	16
2697	11
2698	24
2699	23
2700	24
2701	22
2702	38
2703	31
2704	34
2705	35
2706	31
2707	26
2708	16
2709	12
2710	14
2711	15
2712	18
2713	11
2714	17
2715	9
2716	18
2717	12
2718	17
2719	14
2720	13
2721	19
2722	13
2723	13
2724	11
2725	5
2726	13
2727	19
2728	8
2729	15
2730	14
2731	9
2732	13
2733	10
2734	16
2735	12
2736	11
2737	16
2738	11
2739	17
2740	12
2741	15
2742	20
2743	15
2744	13
2745	11
2746	9
2747	11
2748	16
2749	11
2750	13
2751	16
2752	8
2753	16
2754	13
2755	9
2756	13
2757	13
2758	6
2759	12
2760	12
2761	8
2762	11
2763	11
2764	5
2765	19
2766	8
2767	7
2768	10
2769	9
2770	12
2771	9
2772	7
2773	16
2774	10
2775	9
2776	6
2777	13
2778	10
2779	15
2780	6
2781	8
2782	8
2783	9
2784	10
2785	9
2786	17
2787	7
2788	6
2789	8
2790	6
2791	13
2792	4
2793	11
2794	5
2795	15
2796	7
2797	5
2798	13
2799	8
2800	7
2801	16
2802	13
2803	10
2804	13
2805	5
2806	18
2807	7
2808	14
2809	14
2810	11
2811	6
2812	13
2813	10
2814	11
2815	10
2816	8
2817	11
2818	9
2819	9
2820	14
2821	7
2822	7
2823	8
2824	9
2825	7
2826	10
2827	5
2828	5
2829	9
2830	7
2831	9
2832	8
2833	12
2834	6
2835	9
2836	9
2837	6
2838	8
2839	10
2840	7
2841	3
2842	10
2843	7
2844	10
2845	9
2846	7
2847	12
2848	11
2849	5
2850	5
2851	7
2852	6
2853	6
2854	10
2855	7
2856	8
2857	9
2858	4
2859	11
2860	5
2861	11
2862	8
2863	2
2864	9
2865	11
2866	9
2867	9
2868	6
2869	6
2870	4
2871	12
2872	5
2873	10
2874	6
2875	7
2876	7
2877	8
2878	4
2879	8
2880	13
2881	24
2882	36
2883	80
2884	179
2885	364
2886	514
2887	660
2888	590
2889	561
2890	402
2891	230
2892	97
2893	36
2894	13
2895	4
2896	4
2897	2
2898	3
2899	3
2900	6
2901	8
2902	5
2903	5
2904	5
2905	3
2906	7
2907	7
2908	6
2909	10
2910	7
2911	7
2912	5
2913	3
2914	7
2915	6
2916	5
2917	3
2918	8
2919	3
2920	4
2921	7
2922	9
2923	6
2924	6
2925	8
2926	7
2927	3
2928	7
2929	10
2930	2
2931	7
2932	5
2933	8
2934	5
2935	8
2936	10
2937	5
2938	7
2939	6
2940	5
2941	5
2942	4
2943	5
2944	8
2945	4
2946	3
2947	2
2948	6
2949	4
2950	9
2951	4
2952	7
2953	5
2954	8
2955	5
2956	4
2957	5
2958	5
2959	2
2960	3
2961	6
2962	9
2963	6
2964	4
2965	4
2966	12
2967	5
2968	8
2969	5
2970	8
2971	4
2972	8
2973	4
2974	4
2975	2
2976	10
2977	4
2978	4
2979	1
2980	5
2981	5
2982	6
2983	7
2984	4
2985	3
2986	6
2987	5
2988	5
2989	2
2990	7
2991	3
2992	2
2993	7
2994	9
2995	6
2996	4
2997	5
2998	6
2999	6
3000	7
3001	11
3002	4
3003	6
3004	3
3005	6
3006	6
3007	7
3008	6
3009	6
3010	4
3011	9
3012	8
3013	3
3014	6
3015	4
3016	5
3017	8
3018	4
3019	7
3020	3
3021	4
3022	6
3023	4
3024	8
3025	2
3026	11
3027	4
3028	8
3029	2
3030	5
3031	8
3032	6
3033	3
3034	3
3035	6
3036	3
3037	6
3038	4
3039	6
3040	8
3041	10
3042	5
3043	5
3044	7
3045	10
3046	6
3047	5
3048	9
3049	7
3050	4
3051	4
3052	2
3053	4
3054	5
3055	3
3056	7
3057	3
3058	5
3059	6
3060	3
3061	2
3062	4
3063	3
3064	6
3065	6
3066	8
3067	3
3068	5
3069	7
3070	9
3071	2
3072	4
3073	5
3074	4
3075	8
3076	4
3077	10
3078	2
3079	3
3080	3
3081	5
3082	7
3083	6
3084	2
3085	6
3086	5
3087	3
3088	5
3089	3
3090	6
3091	6
3092	4
3093	9
3094	4
3095	2
3096	6
3097	4
3098	3
3099	4
3100	4
3101	2
3102	1
3103	6
3104	4
3105	7
3106	11
3107	5
3108	5
3109	8
3110	4
3111	5
3112	2
3113	6
3114	3
3115	4
3116	3
3117	2
3118	6
3119	6
3120	5
3121	4
3122	2
3123	2
3124	3
3125	11
3126	4
3127	7
3128	7
3129	9
3130	6
3131	5
3132	9
3133	6
3134	4
3135	6
3136	7
3137	2
3138	7
3139	7
3140	3
3141	5
3142	4
3143	5
3144	3
3145	12
3146	5
3147	5
3148	2
3149	3
3150	7
3151	5
3152	5
3153	9
3154	4
3155	2
3156	0
3157	2
3158	5
3159	1
3160	5
3161	4
3162	1
3163	5
3164	3
3165	7
3166	7
3167	3
3168	3
3169	6
3170	8
3171	7
3172	7
3173	0
3174	5
3175	7
3176	5
3177	4
3178	3
3179	5
3180	7
3181	7
3182	2
3183	6
3184	7
3185	7
3186	3
3187	6
3188	5
3189	1
3190	8
3191	6
3192	4
3193	1
3194	3
3195	3
3196	5
3197	6
3198	7
3199	6
3200	1
3201	2
3202	1
3203	8
3204	6
3205	2
3206	5
3207	4
3208	10
3209	7
3210	5
3211	3
3212	8
3213	3
3214	3
3215	9
3216	2
3217	3
3218	6
3219	7
3220	3
3221	5
3222	4
3223	7
3224	5
3225	6
3226	8
3227	3
3228	3
3229	4
3230	4
3231	4
3232	2
3233	6
3234	1
3235	2
3236	3
3237	4
3238	6
3239	4
3240	7
3241	3
3242	4
3243	3
3244	5
3245	7
3246	4
3247	3
3248	4
3249	1
3250	7
3251	3
3252	7
3253	7
3254	3
3255	6
3256	5
3257	3
3258	9
3259	9
3260	4
3261	6
3262	4
3263	6
3264	2
3265	5
3266	7
3267	2
3268	7
3269	1
3270	4
3271	3
3272	4
3273	0
3274	1
3275	9
3276	6
3277	6
3278	5
3279	6
3280	5
3281	4
3282	4
3283	3
3284	1
3285	7
3286	6
3287	6
3288	4
3289	2
3290	6
3291	5
3292	4
3293	6
3294	3
3295	0
3296	6
3297	3
3298	3
3299	4
3300	3
3301	4
3302	2
3303	6
3304	6
3305	2
3306	1
3307	7
3308	8
3309	5
3310	2
3311	4
3312	5
3313	3
3314	9
3315	4
3316	2
3317	7
3318	6
3319	3
3320	9
3321	4
3322	3
3323	6
3324	3
3325	4
3326	5
3327	7
3328	7
3329	2
3330	4
3331	7
3332	8
3333	2
3334	8
3335	7
3336	3
3337	5
3338	1
3339	5
3340	4
3341	3
3342	3
3343	11
3344	5
3345	6
3346	2
3347	5
3348	7
3349	2
3350	2
3351	2
3352	6
3353	0
3354	6
3355	3
3356	2
3357	4
3358	5
3359	11
3360	2
3361	6
3362	5
3363	4
3364	6
3365	7
3366	4
3367	4
3368	2
3369	2
3370	7
3371	3
3372	7
3373	7
3374	4
3375	7
3376	5
3377	6
3378	2
3379	5
3380	5
3381	4
3382	2
3383	5
3384	3
3385	5
3386	5
3387	4
3388	5
3389	8
3390	4
3391	8
3392	3
3393	1
3394	3
3395	4
3396	6
3397	4
3398	5
3399	5
3400	3
3401	7
3402	6
3403	5
3404	8
3405	0
3406	4
3407	3
3408	3
3409	7
3410	7
3411	1
3412	9
3413	5
3414	5
3415	3
3416	8
3417	3
3418	4
3419	3
3420	6
3421	3
3422	5
3423	2
3424	7
3425	6
3426	3
3427	2
3428	5
3429	4
3430	4
3431	2
3432	4
3433	8
3434	3
3435	5
3436	6
3437	2
3438	5
3439	5
3440	2
3441	6
3442	6
3443	5
3444	2
3445	5
3446	8
3447	2
3448	4
3449	2
3450	1
3451	3
3452	5
3453	2
3454	4
3455	6
3456	4
3457	5
3458	3
3459	4
3460	3
3461	7
3462	2
3463	4
3464	1
3465	5
3466	3
3467	3
3468	4
3469	5
3470	7
3471	5
3472	7
3473	3
3474	6
3475	11
3476	5
3477	5
3478	5
3479	3
3480	5
3481	6
3482	7
3483	7
3484	3
3485	6
3486	4
3487	7
3488	4
3489	2
3490	4
3491	4
3492	5
3493	8
3494	4
3495	8
3496	5
3497	3
3498	3
3499	3
3500	9
3501	6
3502	2
3503	6
3504	7
3505	6
3506	3
3507	4
3508	2
3509	4
3510	5
3511	6
3512	3
3513	3
3514	4
3515	5
3516	3
3517	3
3518	6
3519	5
3520	5
3521	1
3522	6
3523	3
3524	2
3525	3
3526	5
3527	5
3528	7
3529	7
3530	7
3531	4
3532	6
3533	6
3534	3
3535	3
3536	3
3537	4
3538	3
3539	7
3540	3
3541	8
3542	4
3543	4
3544	2
3545	1
3546	5
3547	6
3548	7
3549	4
3550	4
3551	3
3552	9
3553	2
3554	4
3555	4
3556	6
3557	2
3558	3
3559	5
3560	1
3561	1
3562	6
3563	3
3564	5
3565	6
3566	3
3567	3
3568	6
3569	8
3570	1
3571	4
3572	7
3573	1
3574	4
3575	5
3576	0
3577	7
3578	4
3579	2
3580	7
3581	5
3582	6
3583	3
3584	2
3585	1
3586	7
3587	3
3588	5
3589	2
3590	5
3591	7
3592	1
3593	4
3594	6
3595	4
3596	5
3597	5
3598	5
3599	3
3600	3
3601	2
3602	5
3603	7
3604	7
3605	3
3606	6
3607	7
3608	5
3609	5
3610	2
3611	3
3612	5
3613	1
3614	5
3615	6
3616	5
3617	3
3618	2
3619	4
3620	3
3621	5
3622	3
3623	8
3624	5
3625	5
3626	3
3627	6
3628	3
3629	3
3630	1
3631	6
3632	5
3633	4
3634	6
3635	3
3636	3
3637	3
3638	4
3639	2
3640	6
3641	2
3642	2
3643	3
3644	3
3645	1
3646	3
3647	7
3648	6
3649	3
3650	2
3651	0
3652	7
3653	1
3654	8
3655	5
3656	4
3657	5
3658	4
3659	5
3660	3
3661	2
3662	2
3663	5
3664	3
3665	3
3666	3
3667	10
3668	5
3669	5
3670	4
3671	9
3672	4
3673	8
3674	2
3675	1
3676	4
3677	3
3678	5
3679	4
3680	2
3681	2
3682	5
3683	2
3684	5
3685	3
3686	1
3687	5
3688	1
3689	4
3690	4
3691	5
3692	4
3693	3
3694	3
3695	1
3696	3
3697	4
3698	8
3699	4
3700	2
3701	3
3702	4
3703	7
3704	5
3705	4
3706	4
3707	3
3708	3
3709	2
3710	6
3711	7
3712	7
3713	5
3714	5
3715	4
3716	6
3717	4
3718	1
3719	5
3720	3
3721	2
3722	5
3723	3
3724	4
3725	2
3726	3
3727	2
3728	4
3729	2
3730	5
3731	5
3732	2
3733	4
3734	3
3735	5
3736	4
3737	3
3738	7
3739	4
3740	5
3741	5
3742	2
3743	5
3744	2
3745	2
3746	0
3747	5
3748	2
3749	3
3750	2
3751	1
3752	6
3753	3
3754	5
3755	5
3756	2
3757	2
3758	2
3759	3
3760	9
3761	5
3762	5
3763	5
3764	2
3765	5
3766	5
3767	4
3768	1
3769	5
3770	3
3771	1
3772	2
3773	8
3774	4
3775	3
3776	4
3777	3
3778	1
3779	6
3780	3
3781	6
3782	1
3783	5
3784	4
3785	1
3786	3
3787	6
3788	3
3789	3
3790	7
3791	3
3792	2
3793	1
3794	4
3795	2
3796	5
3797	2
3798	4
3799	3
3800	2
3801	4
3802	3
3803	5
3804	7
3805	7
3806	0
3807	2
3808	5
3809	3
3810	4
3811	5
3812	2
3813	6
3814	1
3815	5
3816	4
3817	4
3818	2
3819	5
3820	1
3821	5
3822	1
3823	4
3824	6
3825	1
3826	4
3827	2
3828	3
3829	3
3830	3
3831	1
3832	3
3833	6
3834	2
3835	6
3836	4
3837	4
3838	2
3839	5
3840	2
3841	1
3842	3
3843	4
3844	6
3845	4
3846	3
3847	4
3848	4
3849	5
3850	3
3851	7
3852	3
3853	2
3854	1
3855	6
3856	6
3857	4
3858	1
3859	1
3860	3
3861	4
3862	7
3863	2
3864	5
3865	3
3866	1
3867	3
3868	1
3869	1
3870	3
3871	3
3872	4
3873	5
3874	1
3875	5
3876	8
3877	7
3878	3
3879	8
3880	4
3881	6
3882	1
3883	2
3884	4
3885	5
3886	2
3887	1
3888	5
3889	6
3890	2
3891	4
3892	2
3893	2
3894	1
3895	1
3896	2
3897	4
3898	2
3899	0
3900	2
3901	3
3902	2
3903	2
3904	7
3905	6
3906	8
3907	1
3908	6
3909	5
3910	1
3911	2
3912	3
3913	5
3914	1
3915	6
3916	4
3917	5
3918	8
3919	7
3920	4
3921	5
3922	5
3923	5
3924	4
3925	5
3926	4
3927	2
3928	10
3929	4
3930	1
3931	4
3932	6
3933	3
3934	4
3935	3
3936	2
3937	3
3938	2
3939	4
3940	2
3941	5
3942	7
3943	3
3944	5
3945	2
3946	1
3947	2
3948	4
3949	1
3950	2
3951	4
3952	3
3953	2
3954	5
3955	2
3956	5
3957	2
3958	3
3959	7
3960	2
3961	2
3962	4
3963	5
3964	1
3965	5
3966	3
3967	1
3968	3
3969	3
3970	5
3971	5
3972	6
3973	3
3974	2
3975	5
3976	5
3977	4
3978	5
3979	1
3980	3
3981	3
3982	4
3983	4
3984	2
3985	4
3986	1
3987	3
3988	2
3989	3
3990	2
3991	1
3992	2
3993	6
3994	2
3995	4
3996	3
3997	9
3998	1
3999	7
4000	3
4001	3
4002	3
4003	6
4004	0
4005	1
4006	3
4007	4
4008	3
4009	3
4010	5
4011	3
4012	4
4013	1
4014	4
4015	6
4016	7
4017	2
4018	2
4019	4
4020	1
4021	4
4022	5
4023	6
4024	4
4025	4
4026	6
4027	3
4028	0
4029	2
4030	3
4031	6
4032	1
4033	4
4034	2
4035	3
4036	5
4037	5
4038	1
4039	4
4040	3
4041	0
4042	3
4043	1
4044	2
4045	2
4046	3
4047	10
4048	3
4049	5
4050	1
4051	2
4052	3
4053	3
4054	1
4055	5
4056	1
4057	3
4058	5
4059	3
4060	3
4061	6
4062	1
4063	4
4064	5
4065	5
4066	2
4067	2
4068	4
4069	1
4070	4
4071	6
4072	2
4073	6
4074	5
4075	3
4076	6
4077	4
4078	4
4079	3
4080	2
4081	6
4082	6
4083	4
4084	5
4085	3
4086	5
4087	1
4088	2
4089	4
4090	1
4091	3
4092	1
4093	2
4094	5
4095	3
4096	7
4097	3
4098	1
4099	5
4100	2
4101	3
4102	1
4103	4
4104	2
4105	4
4106	3
4107	5
4108	3
4109	6
4110	1
4111	3
4112	5
4113	4
4114	1
4115	7
4116	4
4117	3
4118	1
4119	1
4120	1
4121	6
4122	4
4123	0
4124	2
4125	3
4126	4
4127	7
4128	5
4129	3
4130	2
4131	4
4132	1
4133	6
4134	3
4135	2
4136	6
4137	1
4138	3
4139	3
4140	4
4141	3
4142	4
4143	6
4144	7
4145	6
4146	2
4147	1
4148	1
4149	6
4150	3
4151	6
4152	3
4153	2
4154	3
4155	1
4156	3
4157	6
4158	3
4159	4
4160	4
4161	1
4162	3
4163	3
4164	2
4165	6
4166	6
4167	1
4168	2
4169	6
4170	2
4171	1
4172	4
4173	1
4174	3
4175	2
4176	3
4177	1
4178	0
4179	4
4180	2
4181	3
4182	2
4183	2
4184	2
4185	0
4186	3
4187	2
4188	2
4189	4
4190	4
4191	2
4192	5
4193	7
4194	6
4195	5
4196	1
4197	7
4198	3
4199	2
4200	2
4201	1
4202	4
4203	2
4204	7
4205	2
4206	4
4207	7
4208	7
4209	5
4210	2
4211	8
4212	2
4213	2
4214	1
4215	6
4216	4
4217	5
4218	3
4219	4
4220	4
4221	4
4222	4
4223	1
4224	0
4225	6
4226	5
4227	5
4228	5
4229	0
4230	8
4231	6
4232	0
4233	4
4234	3
4235	2
4236	5
4237	1
4238	1
4239	3
4240	4
4241	2
4242	3
4243	5
4244	5
4245	2
4246	1
4247	4
4248	2
4249	3
4250	5
4251	3
4252	4
4253	2
4254	1
4255	2
4256	4
4257	5
4258	4
4259	6
4260	4
4261	3
4262	7
4263	4
4264	1
4265	3
4266	5
4267	1
4268	3
4269	3
4270	3
4271	5
4272	4
4273	5
4274	4
4275	7
4276	1
4277	3
4278	1
4279	4
4280	3
4281	2
4282	2
4283	2
4284	8
4285	0
4286	6
4287	3
4288	3
4289	2
4290	3
4291	6
4292	1
4293	3
4294	7
4295	3
4296	5
4297	1
4298	4
4299	4
4300	6
4301	2
4302	4
4303	2
4304	3
4305	4
4306	2
4307	2
4308	3
4309	0
4310	2
4311	5
4312	2
4313	3
4314	4
4315	2
4316	3
4317	5
4318	4
4319	2
4320	9
4321	3
4322	1
4323	3
4324	5
4325	5
4326	3
4327	5
4328	2
4329	3
4330	3
4331	7
4332	2
4333	4
4334	7
4335	6
4336	2
4337	1
4338	1
4339	2
4340	4
4341	6
4342	6
4343	2
4344	3
4345	3
4346	5
4347	3
4348	1
4349	2
4350	6
4351	2
4352	1
4353	5
4354	5
4355	2
4356	2
4357	3
4358	3
4359	6
4360	1
4361	2
4362	1
4363	0
4364	3
4365	1
4366	3
4367	1
4368	4
4369	3
4370	4
4371	3
4372	3
4373	2
4374	3
4375	1
4376	6
4377	3
4378	4
4379	2
4380	5
4381	5
4382	4
4383	6
4384	2
4385	5
4386	4
4387	6
4388	1
4389	4
4390	2
4391	2
4392	2
4393	2
4394	3
4395	1
4396	3
4397	2
4398	4
4399	4
4400	3
4401	1
4402	4
4403	2
4404	4
4405	5
4406	1
4407	3
4408	1
4409	2
4410	1
4411	3
4412	2
4413	4
4414	4
4415	3
4416	0
4417	1
4418	2
4419	5
4420	7
4421	2
4422	4
4423	2
4424	8
4425	7
4426	1
4427	2
4428	4
4429	3
4430	3
4431	1
4432	2
4433	3
4434	4
4435	2
4436	4
4437	2
4438	3
4439	3
4440	2
4441	3
4442	0
4443	3
4444	3
4445	2
4446	4
4447	6
4448	4
4449	2
4450	1
4451	0
4452	6
4453	1
4454	4
4455	2
4456	2
4457	2
4458	3
4459	2
4460	0
4461	2
4462	2
4463	5
4464	4
4465	3
4466	5
4467	4
4468	3
4469	3
4470	2
4471	1
4472	3
4473	3
4474	4
4475	0
4476	8
4477	2
4478	2
4479	1
4480	5
4481	2
4482	2
4483	1
4484	1
4485	3
4486	2
4487	1
4488	3
4489	2
4490	5
4491	1
4492	4
4493	4
4494	0
4495	4
4496	0
4497	7
4498	4
4499	2
4500	1
4501	0
4502	0
4503	2
4504	3
4505	6
4506	0
4507	3
4508	3
4509	4
4510	7
4511	5
4512	4
4513	1
4514	2
4515	2
4516	3
4517	3
4518	0
4519	2
4520	2
4521	3
4522	2
4523	3
4524	2
4525	4
4526	4
4527	5
4528	5
4529	5
4530	3
4531	6
4532	6
4533	2
4534	4
4535	2
4536	2
4537	2
4538	5
4539	3
4540	2
4541	5
4542	7
4543	2
4544	2
4545	2
4546	3
4547	0
4548	1
4549	8
4550	3
4551	0
4552	3
4553	0
4554	0
4555	3
4556	4
4557	0
4558	1
4559	4
4560	4
4561	4
4562	3
4563	1
4564	1
4565	2
4566	5
4567	5
4568	1
4569	6
4570	2
4571	4
4572	1
4573	2
4574	3
4575	3
4576	4
4577	1
4578	1
4579	3
4580	4
4581	4
4582	2
4583	1
4584	3
4585	1
4586	1
4587	0
4588	1
4589	3
4590	2
4591	4
4592	5
4593	1
4594	9
4595	4
4596	2
4597	5
4598	4
4599	2
4600	4
4601	3
4602	4
4603	1
4604	2
4605	0
4606	3
4607	2
4608	3
4609	3
4610	2
4611	4
4612	2
4613	3
4614	4
4615	5
4616	3
4617	4
4618	2
4619	2
4620	4
4621	3
4622	4
4623	6
4624	3
4625	1
4626	1
4627	3
4628	3
4629	2
4630	3
4631	2
4632	2
4633	3
4634	2
4635	5
4636	2
4637	3
4638	5
4639	1
4640	2
4641	5
4642	6
4643	3
4644	1
4645	1
4646	6
4647	4
4648	4
4649	2
4650	4
4651	5
4652	2
4653	2
4654	4
4655	3
4656	1
4657	0
4658	6
4659	1
4660	0
4661	3
4662	2
4663	2
4664	5
4665	4
4666	1
4667	1
4668	5
4669	2
4670	4
4671	1
4672	2
4673	3
4674	5
4675	2
4676	1
4677	2
4678	3
4679	3
4680	3
4681	5
4682	3
4683	5
4684	2
4685	3
4686	6
4687	3
4688	5
4689	5
4690	1
4691	2
4692	4
4693	2
4694	2
4695	3
4696	3
4697	3
4698	2
4699	4
4700	2
4701	6
4702	1
4703	1
4704	3
4705	6
4706	7
4707	0
4708	0
4709	2
4710	0
4711	3
4712	5
4713	2
4714	1
4715	2
4716	2
4717	2
4718	3
4719	2
4720	5
4721	3
4722	1
4723	7
4724	1
4725	6
4726	3
4727	3
4728	3
4729	4
4730	3
4731	8
4732	5
4733	3
4734	5
4735	4
4736	3
4737	2
4738	3
4739	2
4740	3
4741	3
4742	1
4743	3
4744	0
4745	3
4746	1
4747	1
4748	5
4749	2
4750	2
4751	0
4752	1
4753	3
4754	1
4755	1
4756	4
4757	5
4758	4
4759	3
4760	4
4761	2
4762	2
4763	0
4764	1
4765	4
4766	6
4767	3
4768	2
4769	4
4770	8
4771	3
4772	2
4773	5
4774	2
4775	2
4776	2
4777	3
4778	1
4779	1
4780	5
4781	1
4782	4
4783	5
4784	2
4785	7
4786	5
4787	3
4788	4
4789	2
4790	1
4791	2
4792	4
4793	1
4794	3
4795	0
4796	4
4797	5
4798	3
4799	4
4800	5
4801	3
4802	2
4803	3
4804	6
4805	4
4806	2
4807	0
4808	2
4809	3
4810	5
4811	1
4812	0
4813	3
4814	1
4815	5
4816	3
4817	5
4818	7
4819	1
4820	3
4821	1
4822	7
4823	2
4824	2
4825	1
4826	2
4827	2
4828	5
4829	3
4830	4
4831	1
4832	2
4833	2
4834	6
4835	4
4836	1
4837	2
4838	4
4839	6
4840	5
4841	5
4842	4
4843	1
4844	2
4845	4
4846	4
4847	4
4848	8
4849	4
4850	6
4851	4
4852	2
4853	4
4854	4
4855	3
4856	4
4857	2
4858	4
4859	1
4860	2
4861	1
4862	3
4863	2
4864	5
4865	2
4866	1
4867	1
4868	4
4869	5
4870	5
4871	3
4872	3
4873	1
4874	2
4875	2
4876	2
4877	3
4878	3
4879	4
4880	3
4881	5
4882	1
4883	4
4884	1
4885	2
4886	4
4887	3
4888	3
4889	5
4890	1
4891	2
4892	1
4893	1
4894	4
4895	3
4896	3
4897	3
4898	4
4899	2
4900	2
4901	1
4902	2
4903	1
4904	4
4905	2
4906	4
4907	1
4908	3
4909	3
4910	1
4911	3
4912	1
4913	3
4914	1
4915	3
4916	2
4917	0
4918	4
4919	1
4920	1
4921	3
4922	2
4923	3
4924	3
4925	3
4926	6
4927	1
4928	3
4929	1
4930	1
4931	5
4932	2
4933	2
4934	2
4935	3
4936	5
4937	0
4938	5
4939	2
4940	1
4941	5
4942	1
4943	2
4944	4
4945	5
4946	3
4947	4
4948	1
4949	5
4950	5
4951	3
4952	1
4953	3
4954	1
4955	1
4956	5
4957	2
4958	1
4959	2
4960	6
4961	4
4962	0
4963	2
4964	2
4965	4
4966	2
4967	4
4968	3
4969	0
4970	0
4971	0
4972	5
4973	3
4974	0
4975	4
4976	1
4977	3
4978	3
4979	2
4980	3
4981	5
4982	1
4983	2
4984	1
4985	2
4986	4
4987	2
4988	4
4989	1
4990	1
4991	0
4992	4
4993	2
4994	1
4995	1
4996	2
4997	1
4998	2
4999	2
5000	3
5001	3
5002	1
5003	3
5004	4
5005	4
5006	1
5007	1
5008	1
5009	2
5010	2
5011	1
5012	4
5013	1
5014	1
5015	3
5016	0
5017	4
5018	3
5019	6
5020	5
5021	3
5022	5
5023	0
5024	2
5025	1
5026	1
5027	0
5028	2
5029	2
5030	2
5031	1
5032	5
5033	1
5034	1
5035	2
5036	1
5037	2
5038	3
5039	4
5040	3
5041	1
5042	4
5043	1
5044	1
5045	4
5046	2
5047	1
5048	3
5049	0
5050	1
5051	4
5052	2
5053	4
5054	4
5055	3
5056	3
5057	1
5058	4
5059	2
5060	3
5061	2
5062	2
5063	2
5064	2
5065	2
5066	3
5067	3
5068	2
5069	1
5070	6
5071	4
5072	1
5073	4
5074	3
5075	4
5076	0
5077	3
5078	1
5079	2
5080	6
5081	3
5082	0
5083	1
5084	4
5085	3
5086	2
5087	3
5088	5
5089	2
5090	2
5091	3
5092	3
5093	4
5094	1
5095	2
5096	1
5097	2
5098	3
5099	1
5100	1
5101	3
5102	3
5103	2
5104	0
5105	4
5106	1
5107	3
5108	2
5109	0
5110	4
5111	4
5112	4
5113	3
5114	2
5115	3
5116	2
5117	2
5118	3
5119	4
5120	6
5121	1
5122	4
5123	1
5124	2
5125	7
5126	4
5127	1
5128	7
5129	4
5130	2
5131	5
5132	0
5133	1
5134	3
5135	1
5136	5
5137	3
5138	2
5139	5
5140	2
5141	2
5142	3
5143	6
5144	2
5145	5
5146	3
5147	0
5148	4
5149	1
5150	1
5151	7
5152	3
5153	2
5154	1
5155	3
5156	6
5157	1
5158	9
5159	1
5160	1
5161	1
5162	3
5163	4
5164	5
5165	6
5166	2
5167	1
5168	3
5169	1
5170	3
5171	2
5172	3
5173	2
5174	0
5175	2
5176	2
5177	1
5178	4
5179	0
5180	3
5181	5
5182	1
5183	2
5184	3
5185	2
5186	5
5187	4
5188	1
5189	3
5190	2
5191	1
5192	3
5193	5
5194	2
5195	0
5196	1
5197	4
5198	3
5199	0
5200	5
5201	4
5202	6
5203	1
5204	2
5205	2
5206	1
5207	2
5208	1
5209	5
5210	0
5211	5
5212	0
5213	2
5214	2
5215	2
5216	5
5217	5
5218	3
5219	4
5220	4
5221	4
5222	2
5223	2
5224	3
5225	2
5226	1
5227	6
5228	1
5229	0
5230	2
5231	2
5232	8
5233	0
5234	3
5235	2
5236	4
5237	0
5238	1
5239	3
5240	2
5241	1
5242	3
5243	3
5244	2
5245	2
5246	3
5247	2
5248	1
5249	3
5250	1
5251	4
5252	6
5253	1
5254	4
5255	3
5256	3
5257	1
5258	1
5259	2
5260	3
5261	5
5262	2
5263	1
5264	1
5265	4
5266	0
5267	2
5268	4
5269	3
5270	3
5271	2
5272	1
5273	3
5274	1
5275	5
5276	4
5277	4
5278	0
5279	1
5280	2
5281	4
5282	4
5283	1
5284	3
5285	1
5286	2
5287	0
5288	2
5289	2
5290	4
5291	2
5292	5
5293	3
5294	3
5295	4
5296	4
5297	2
5298	1
5299	3
5300	2
5301	4
5302	1
5303	6
5304	4
5305	3
5306	2
5307	3
5308	5
5309	4
5310	5
5311	5
5312	1
5313	0
5314	1
5315	3
5316	1
5317	2
5318	7
5319	3
5320	2
5321	2
5322	2
5323	2
5324	1
5325	1
5326	3
5327	3
5328	1
5329	0
5330	3
5331	5
5332	2
5333	2
5334	2
5335	1
5336	0
5337	2
5338	3
5339	3
5340	3
5341	3
5342	2
5343	2
5344	1
5345	2
5346	2
5347	2
5348	2
5349	4
5350	1
5351	1
5352	5
5353	4
5354	1
5355	4
5356	3
5357	6
5358	1
5359	0
5360	3
5361	2
5362	1
5363	1
5364	4
5365	5
5366	2
5367	2
5368	2
5369	5
5370	2
5371	4
5372	3
5373	3
5374	2
5375	5
5376	3
5377	3
5378	1
5379	4
5380	8
5381	3
5382	3
5383	1
5384	3
5385	4
5386	3
5387	5
5388	4
5389	6
5390	4
5391	4
5392	3
5393	4
5394	6
5395	2
5396	1
5397	0
5398	2
5399	3
5400	4
5401	2
5402	0
5403	1
5404	0
5405	4
5406	1
5407	1
5408	1
5409	1
5410	1
5411	2
5412	2
5413	2
5414	1
5415	4
5416	0
5417	1
5418	2
5419	1
5420	2
5421	5
5422	1
5423	4
5424	2
5425	1
5426	3
5427	2
5428	2
5429	3
5430	2
5431	3
5432	3
5433	1
5434	1
5435	3
5436	2
5437	3
5438	2
5439	2
5440	0
5441	2
5442	0
5443	0
5444	3
5445	2
5446	2
5447	0
5448	2
5449	6
5450	6
5451	1
5452	5
5453	1
5454	2
5455	2
5456	2
5457	2
5458	2
5459	2
5460	1
5461	4
5462	1
5463	3
5464	4
5465	0
5466	3
5467	0
5468	2
5469	4
5470	6
5471	4
5472	1
5473	3
5474	3
5475	3
5476	1
5477	2
5478	3
5479	0
5480	6
5481	3
5482	4
5483	2
5484	2
5485	6
5486	2
5487	2
5488	3
5489	1
5490	2
5491	1
5492	3
5493	3
5494	3
5495	9
5496	1
5497	2
5498	0
5499	3
5500	3
5501	1
5502	1
5503	5
5504	4
5505	2
5506	2
5507	1
5508	4
5509	1
5510	2
5511	1
5512	0
5513	1
5514	0
5515	4
5516	5
5517	3
5518	0
5519	3
5520	2
5521	3
5522	2
5523	0
5524	2
5525	3
5526	4
5527	1
5528	2
5529	0
5530	1
5531	3
5532	4
5533	2
5534	3
5535	3
5536	0
5537	2
5538	2
5539	3
5540	5
5541	3
5542	1
5543	3
5544	0
5545	2
5546	5
5547	2
5548	4
5549	4
5550	1
5551	4
5552	3
5553	1
5554	1
5555	1
5556	3
5557	7
5558	3
5559	2
5560	0
5561	1
5562	1
5563	2
5564	3
5565	2
5566	4
5567	3
5568	1
5569	4
5570	3
5571	2
5572	3
5573	2
5574	1
5575	2
5576	2
5577	5
5578	6
5579	1
5580	6
5581	2
5582	5
5583	1
5584	5
5585	1
5586	2
5587	5
5588	1
5589	5
5590	3
5591	3
5592	5
5593	2
5594	5
5595	3
5596	4
5597	0
5598	1
5599	1
5600	1
5601	3
5602	0
5603	1
5604	1
5605	1
5606	1
5607	1
5608	6
5609	1
5610	2
5611	5
5612	3
5613	1
5614	1
5615	2
5616	0
5617	2
5618	3
5619	1
5620	5
5621	3
5622	1
5623	0
5624	1
5625	0
5626	3
5627	2
5628	3
5629	3
5630	2
5631	2
5632	1
5633	1
5634	0
5635	0
5636	2
5637	2
5638	4
5639	3
5640	2
5641	1
5642	2
5643	1
5644	5
5645	4
5646	2
5647	2
5648	2
5649	3
5650	3
5651	2
5652	0
5653	4
5654	2
5655	2
5656	2
5657	1
5658	1
5659	4
5660	1
5661	1
5662	4
5663	3
5664	3
5665	1
5666	6
5667	2
5668	1
5669	5
5670	1
5671	2
5672	0
5673	2
5674	3
5675	4
5676	0
5677	3
5678	2
5679	2
5680	5
5681	1
5682	1
5683	0
5684	1
5685	3
5686	2
5687	0
5688	4
5689	2
5690	5
5691	0
5692	2
5693	4
5694	2
5695	2
5696	2
5697	2
5698	4
5699	3
5700	1
5701	6
5702	0
5703	2
5704	6
5705	2
5706	4
5707	2
5708	0
5709	4
5710	5
5711	3
5712	0
5713	1
5714	2
5715	3
5716	3
5717	1
5718	3
5719	2
5720	2
5721	2
5722	4
5723	7
5724	5
5725	3
5726	5
5727	3
5728	3
5729	4
5730	3
5731	2
5732	1
5733	4
5734	4
5735	2
5736	5
5737	1
5738	4
5739	2
5740	1
5741	2
5742	1
5743	1
5744	3
5745	4
5746	3
5747	2
5748	3
5749	2
5750	1
5751	5
5752	2
5753	4
5754	0
5755	0
5756	2
5757	3
5758	1
5759	2
5760	4
5761	2
5762	1
5763	5
5764	1
5765	1
5766	1
5767	2
5768	5
5769	3
5770	2
5771	4
5772	1
5773	1
5774	1
5775	3
5776	1
5777	3
5778	4
5779	3
5780	0
5781	1
5782	4
5783	0
5784	3
5785	2
5786	2
5787	1
5788	2
5789	2
5790	0
5791	4
5792	1
5793	2
5794	10
5795	3
5796	3
5797	5
5798	4
5799	1
5800	0
5801	0
5802	3
5803	2
5804	1
5805	3
5806	2
5807	2
5808	2
5809	4
5810	1
5811	4
5812	6
5813	2
5814	3
5815	1
5816	4
5817	1
5818	0
5819	5
5820	6
5821	2
5822	4
5823	5
5824	2
5825	1
5826	4
5827	1
5828	2
5829	2
5830	1
5831	2
5832	5
5833	1
5834	2
5835	3
5836	1
5837	3
5838	1
5839	2
5840	2
5841	4
5842	2
5843	2
5844	3
5845	3
5846	5
5847	3
5848	1
5849	2
5850	3
5851	2
5852	1
5853	3
5854	4
5855	1
5856	3
5857	4
5858	4
5859	1
5860	3
5861	0
5862	0
5863	2
5864	1
5865	4
5866	2
5867	1
5868	3
5869	1
5870	0
5871	7
5872	4
5873	1
5874	2
5875	1
5876	0
5877	1
5878	1
5879	5
5880	2
5881	3
5882	1
5883	1
5884	2
5885	2
5886	1
5887	1
5888	2
5889	1
5890	3
5891	1
5892	1
5893	4
5894	0
5895	4
5896	2
5897	1
5898	3
5899	0
5900	2
5901	0
5902	0
5903	2
5904	2
5905	2
5906	1
5907	1
5908	2
5909	6
5910	2
5911	2
5912	4
5913	5
5914	1
5915	2
5916	1
5917	3
5918	2
5919	1
5920	3
5921	0
5922	2
5923	2
5924	4
5925	1
5926	1
5927	1
5928	3
5929	2
5930	1
5931	1
5932	2
5933	3
5934	4
5935	4
5936	2
5937	2
5938	4
5939	4
5940	0
5941	3
5942	3
5943	2
5944	2
5945	6
5946	0
5947	2
5948	4
5949	2
5950	3
5951	1
5952	1
5953	2
5954	1
5955	3
5956	2
5957	0
5958	5
5959	4
5960	5
5961	1
5962	1
5963	0
5964	2
5965	3
5966	1
5967	6
5968	1
5969	1
5970	4
5971	5
5972	6
5973	2
5974	2
5975	1
5976	1
5977	4
5978	2
5979	2
5980	6
5981	1
5982	2
5983	2
5984	0
5985	1
5986	2
5987	1
5988	1
5989	4
5990	1
5991	5
5992	0
5993	3
5994	2
5995	1
5996	2
5997	0
5998	4
5999	4
6000	2
6001	2
6002	4
6003	2
6004	2
6005	2
6006	1
6007	2
6008	2
6009	3
6010	5
6011	3
6012	1
6013	2
6014	2
6015	3
6016	3
6017	1
6018	3
6019	1
6020	1
6021	1
6022	2
6023	6
6024	4
6025	1
6026	0
6027	1
6028	4
6029	0
6030	4
6031	1
6032	1
6033	2
6034	8
6035	0
6036	1
6037	3
6038	1
6039	0
6040	1
6041	2
6042	1
6043	2
6044	2
6045	1
6046	3
6047	0
6048	2
6049	2
6050	4
6051	2
6052	4
6053	0
6054	1
6055	2
6056	3
6057	1
6058	4
6059	3
6060	3
6061	1
6062	2
6063	4
6064	3
6065	2
6066	3
6067	0
6068	3
6069	2
6070	3
6071	2
6072	4
6073	3
6074	2
6075	3
6076	2
6077	5
6078	3
6079	1
6080	5
6081	4
6082	4
6083	1
6084	5
6085	6
6086	2
6087	4
6088	2
6089	1
6090	2
6091	2
6092	3
6093	3
6094	2
6095	2
6096	1
6097	1
6098	0
6099	0
6100	2
6101	5
6102	2
6103	3
6104	1
6105	2
6106	3
6107	0
6108	4
6109	4
6110	4
6111	4
6112	1
6113	3
6114	4
6115	1
6116	2
6117	3
6118	2
6119	2
6120	2
6121	1
6122	5
6123	4
6124	1
6125	1
6126	4
6127	3
6128	0
6129	1
6130	2
6131	3
6132	4
6133	2
6134	3
6135	2
6136	1
6137	4
6138	2
6139	2
6140	2
6141	3
6142	3
6143	3
6144	4
6145	1
6146	3
6147	5
6148	4
6149	1
6150	1
6151	2
6152	3
6153	2
6154	1
6155	0
6156	0
6157	2
6158	2
6159	2
6160	2
6161	0
6162	4
6163	5
6164	0
6165	5
6166	1
6167	3
6168	3
6169	2
6170	2
6171	2
6172	2
6173	2
6174	2
6175	4
6176	2
6177	3
6178	0
6179	4
6180	3
6181	1
6182	4
6183	2
6184	4
6185	2
6186	1
6187	3
6188	3
6189	2
6190	1
6191	4
6192	1
6193	1
6194	3
6195	1
6196	2
6197	0
6198	1
6199	1
6200	1
6201	4
6202	1
6203	5
6204	4
6205	1
6206	2
6207	3
6208	3
6209	1
6210	5
6211	4
6212	1
6213	2
6214	4
6215	1
6216	0
6217	2
6218	5
6219	1
6220	4
6221	1
6222	3
6223	4
6224	2
6225	4
6226	4
6227	0
6228	6
6229	2
6230	2
6231	3
6232	1
6233	1
6234	1
6235	2
6236	4
6237	0
6238	4
6239	0
6240	3
6241	1
6242	1
6243	1
6244	2
6245	5
6246	1
6247	1
6248	1
6249	1
6250	2
6251	1
6252	3
6253	2
6254	2
6255	4
6256	1
6257	1
6258	2
6259	0
6260	1
6261	4
6262	1
6263	2
6264	0
6265	0
6266	6
6267	4
6268	1
6269	2
6270	5
6271	2
6272	0
6273	2
6274	1
6275	3
6276	1
6277	1
6278	5
6279	3
6280	4
6281	2
6282	2
6283	4
6284	4
6285	6
6286	1
6287	0
6288	0
6289	2
6290	3
6291	1
6292	3
6293	0
6294	1
6295	1
6296	5
6297	3
6298	4
6299	2
6300	2
6301	1
6302	2
6303	5
6304	1
6305	3
6306	2
6307	1
6308	3
6309	2
6310	2
6311	2
6312	2
6313	2
6314	2
6315	1
6316	1
6317	3
6318	2
6319	3
6320	2
6321	3
6322	2
6323	5
6324	2
6325	1
6326	3
6327	4
6328	2
6329	2
6330	4
6331	0
6332	4
6333	6
6334	3
6335	3
6336	1
6337	2
6338	2
6339	5
6340	4
6341	3
6342	3
6343	1
6344	2
6345	1
6346	1
6347	2
6348	4
6349	0
6350	2
6351	0
6352	1
6353	1
6354	1
6355	4
6356	1
6357	4
6358	1
6359	4
6360	4
6361	4
6362	2
6363	1
6364	1
6365	5
6366	3
6367	1
6368	2
6369	2
6370	1
6371	2
6372	1
6373	3
6374	0
6375	0
6376	0
6377	1
6378	2
6379	1
6380	0
6381	2
6382	2
6383	1
6384	3
6385	1
6386	1
6387	1
6388	1
6389	0
6390	4
6391	5
6392	1
6393	2
6394	3
6395	4
6396	1
6397	0
6398	3
6399	4
6400	2
6401	2
6402	3
6403	4
6404	3
6405	2
6406	1
6407	2
6408	3
6409	4
6410	3
6411	4
6412	2
6413	2
6414	5
6415	3
6416	1
6417	1
6418	0
6419	1
6420	2
6421	1
6422	2
6423	3
6424	4
6425	4
6426	1
6427	1
6428	5
6429	5
6430	0
6431	1
6432	2
6433	2
6434	1
6435	5
6436	1
6437	4
6438	1
6439	2
6440	1
6441	2
6442	0
6443	2
6444	4
6445	3
6446	3
6447	2
6448	4
6449	1
6450	1
6451	0
6452	2
6453	3
6454	3
6455	2
6456	3
6457	2
6458	1
6459	0
6460	3
6461	0
6462	2
6463	4
6464	1
6465	1
6466	1
6467	1
6468	5
6469	5
6470	1
6471	1
6472	4
6473	0
6474	2
6475	2
6476	3
6477	3
6478	2
6479	0
6480	5
6481	2
6482	2
6483	0
6484	4
6485	1
6486	3
6487	3
6488	1
6489	3
6490	1
6491	2
6492	0
6493	0
6494	1
6495	1
6496	0
6497	0
6498	2
6499	6
6500	4
6501	1
6502	3
6503	1
6504	4
6505	1
6506	0
6507	1
6508	3
6509	3
6510	0
6511	1
6512	3
6513	1
6514	2
6515	1
6516	0
6517	3
6518	3
6519	2
6520	3
6521	0
6522	1
6523	0
6524	1
6525	1
6526	4
6527	3
6528	1
6529	1
6530	2
6531	1
6532	3
6533	3
6534	5
6535	0
6536	1
6537	1
6538	3
6539	1
6540	1
6541	1
6542	0
6543	3
6544	0
6545	1
6546	2
6547	0
6548	0
6549	5
6550	3
6551	1
6552	1
6553	1
6554	2
6555	3
6556	3
6557	2
6558	3
6559	1
6560	1
6561	3
6562	1
6563	2
6564	2
6565	4
6566	5
6567	3
6568	2
6569	2
6570	3
6571	3
6572	1
6573	2
6574	2
6575	0
6576	4
6577	2
6578	2
6579	1
6580	5
6581	0
6582	5
6583	3
6584	0
6585	4
6586	3
6587	0
6588	1
6589	4
6590	2
6591	4
6592	4
6593	1
6594	2
6595	2
6596	2
6597	1
6598	3
6599	1
6600	3
6601	2
6602	6
6603	2
6604	2
6605	3
6606	1
6607	3
6608	2
6609	1
6610	3
6611	2
6612	1
6613	1
6614	1
6615	3
6616	1
6617	2
6618	1
6619	1
6620	3
6621	1
6622	2
6623	2
6624	3
6625	2
6626	5
6627	5
6628	0
6629	0
6630	2
6631	2
6632	2
6633	2
6634	1
6635	3
6636	1
6637	1
6638	0
6639	2
6640	1
6641	0
6642	4
6643	4
6644	0
6645	2
6646	3
6647	4
6648	2
6649	0
6650	3
6651	3
6652	2
6653	2
6654	2
6655	0
6656	2
6657	0
6658	0
6659	5
6660	1
6661	1
6662	3
6663	1
6664	3
6665	4
6666	4
6667	2
6668	2
6669	3
6670	1
6671	1
6672	2
6673	1
6674	2
6675	3
6676	3
6677	3
6678	2
6679	2
6680	2
6681	1
6682	2
6683	2
6684	3
6685	4
6686	3
6687	1
6688	2
6689	0
6690	2
6691	2
6692	6
6693	4
6694	1
6695	1
6696	3
6697	3
6698	2
6699	2
6700	3
6701	6
6702	1
6703	3
6704	2
6705	2
6706	2
6707	3
6708	2
6709	1
6710	2
6711	0
6712	3
6713	3
6714	4
6715	0
6716	1
6717	3
6718	3
6719	2
6720	4
6721	3
6722	2
6723	0
6724	1
6725	5
6726	4
6727	4
6728	4
6729	2
6730	5
6731	2
6732	3
6733	1
6734	0
6735	1
6736	3
6737	2
6738	2
6739	1
6740	1
6741	2
6742	1
6743	3
6744	0
6745	2
6746	3
6747	2
6748	4
6749	2
6750	0
6751	1
6752	1
6753	0
6754	2
6755	1
6756	1
6757	0
6758	0
6759	3
6760	2
6761	3
6762	3
6763	2
6764	1
6765	0
6766	2
6767	4
6768	1
6769	3
6770	0
6771	2
6772	1
6773	1
6774	1
6775	2
6776	7
6777	0
6778	2
6779	2
6780	2
6781	1
6782	1
6783	1
6784	2
6785	2
6786	2
6787	1
6788	1
6789	2
6790	3
6791	4
6792	3
6793	5
6794	0
6795	2
6796	4
6797	2
6798	3
6799	1
6800	2
6801	2
6802	5
6803	1
6804	2
6805	1
6806	6
6807	1
6808	2
6809	1
6810	1
6811	5
6812	2
6813	2
6814	2
6815	0
6816	2
6817	3
6818	1
6819	0
6820	2
6821	3
6822	0
6823	2
6824	2
6825	1
6826	1
6827	2
6828	0
6829	1
6830	4
6831	4
6832	0
6833	3
6834	3
6835	0
6836	3
6837	0
6838	3
6839	1
6840	0
6841	3
6842	0
6843	5
6844	1
6845	2
6846	1
6847	2
6848	2
6849	1
6850	0
6851	4
6852	1
6853	4
6854	4
6855	3
6856	1
6857	5
6858	1
6859	4
6860	0
6861	2
6862	3
6863	4
6864	1
6865	1
6866	1
6867	4
6868	1
6869	0
6870	2
6871	0
6872	3
6873	3
6874	2
6875	2
6876	3
6877	0
6878	2
6879	1
6880	2
6881	1
6882	1
6883	2
6884	0
6885	4
6886	4
6887	2
6888	2
6889	2
6890	1
6891	2
6892	6
6893	1
6894	1
6895	0
6896	1
6897	2
6898	4
6899	2
6900	3
6901	2
6902	1
6903	2
6904	4
6905	3
6906	0
6907	3
6908	2
6909	2
6910	1
6911	3
6912	2
6913	2
6914	1
6915	1
6916	0
6917	0
6918	0
6919	2
6920	2
6921	2
6922	3
6923	3
6924	1
6925	1
6926	0
6927	2
6928	2
6929	5
6930	4
6931	0
6932	1
6933	4
6934	1
6935	3
6936	2
6937	4
6938	3
6939	3
6940	5
6941	0
6942	0
6943	0
6944	0
6945	2
6946	3
6947	3
6948	4
6949	1
6950	1
6951	2
6952	1
6953	4
6954	5
6955	0
6956	2
6957	2
6958	2
6959	2
6960	0
6961	3
6962	0
6963	3
6964	0
6965	1
6966	2
6967	2
6968	1
6969	3
6970	1
6971	0
6972	1
6973	2
6974	2
6975	2
6976	0
6977	2
6978	2
6979	1
6980	2
6981	3
6982	1
6983	1
6984	2
6985	0
6986	1
6987	2
6988	4
6989	3
6990	1
6991	0
6992	1
6993	0
6994	1
6995	0
6996	1
6997	2
6998	3
6999	4
7000	0
7001	3
7002	1
7003	3
7004	3
7005	0
7006	1
7007	3
7008	2
7009	1
7010	0
7011	0
7012	1
7013	1
7014	3
7015	4
7016	2
7017	2
7018	3
7019	0
7020	0
7021	2
7022	1
7023	2
7024	0
7025	3
7026	3
7027	1
7028	1
7029	0
7030	0
7031	1
7032	3
7033	1
7034	0
7035	3
7036	3
7037	4
7038	3
7039	0
7040	2
7041	3
7042	5
7043	2
7044	0
7045	2
7046	1
7047	0
7048	3
7049	5
7050	1
7051	5
7052	1
7053	2
7054	2
7055	1
7056	1
7057	0
7058	4
7059	3
7060	3
7061	1
7062	2
7063	3
7064	2
7065	0
7066	2
7067	2
7068	1
7069	2
7070	0
7071	5
7072	2
7073	1
7074	2
7075	1
7076	2
7077	1
7078	3
7079	3
7080	5
7081	1
7082	0
7083	4
7084	2
7085	4
7086	1
7087	5
7088	4
7089	3
7090	1
7091	5
7092	1
7093	2
7094	3
7095	2
7096	1
7097	1
7098	0
7099	3
7100	2
7101	0
7102	1
7103	3
7104	1
7105	1
7106	2
7107	5
7108	3
7109	2
7110	2
7111	2
7112	1
7113	1
7114	0
7115	1
7116	3
7117	2
7118	1
7119	3
7120	1
7121	1
7122	3
7123	1
7124	0
7125	1
7126	2
7127	2
7128	1
7129	2
7130	0
7131	3
7132	1
7133	3
7134	3
7135	0
7136	1
7137	2
7138	4
7139	1
7140	1
7141	2
7142	6
7143	3
7144	2
7145	2
7146	1
7147	1
7148	1
7149	2
7150	0
7151	2
7152	1
7153	0
7154	2
7155	4
7156	3
7157	5
7158	1
7159	0
7160	1
7161	1
7162	1
7163	0
7164	0
7165	1
7166	1
7167	1
7168	0
7169	4
7170	2
7171	1
7172	2
7173	1
7174	1
7175	3
7176	3
7177	2
7178	2
7179	2
7180	5
7181	1
7182	1
7183	1
7184	1
7185	2
7186	2
7187	1
7188	1
7189	1
7190	2
7191	2
7192	1
7193	3
7194	2
7195	2
7196	1
7197	6
7198	1
7199	0
7200	0
7201	1
7202	0
7203	0
7204	4
7205	0
7206	3
7207	2
7208	3
7209	4
7210	2
7211	1
7212	1
7213	0
7214	3
7215	1
7216	1
7217	2
7218	2
7219	2
7220	1
7221	0
7222	2
7223	3
7224	4
7225	2
7226	2
7227	1
7228	4
7229	2
7230	1
7231	1
7232	3
7233	5
7234	1
7235	4
7236	1
7237	3
7238	0
7239	0
7240	2
7241	3
7242	1
7243	4
7244	2
7245	2
7246	0
7247	5
7248	4
7249	2
7250	3
7251	2
7252	1
7253	1
7254	1
7255	1
7256	1
7257	3
7258	0
7259	0
7260	2
7261	2
7262	0
7263	2
7264	4
7265	1
7266	1
7267	1
7268	0
7269	3
7270	5
7271	2
7272	3
7273	1
7274	1
7275	3
7276	4
7277	2
7278	1
7279	0
7280	1
7281	4
7282	3
7283	1
7284	1
7285	2
7286	5
7287	0
7288	0
7289	2
7290	4
7291	1
7292	1
7293	1
7294	2
7295	2
7296	0
7297	2
7298	1
7299	4
7300	6
7301	0
7302	3
7303	1
7304	1
7305	1
7306	4
7307	4
7308	4
7309	0
7310	3
7311	4
7312	1
7313	2
7314	2
7315	4
7316	1
7317	3
7318	0
7319	5
7320	1
7321	4
7322	0
7323	0
7324	4
7325	3
7326	1
7327	1
7328	1
7329	0
7330	1
7331	0
7332	1
7333	1
7334	2
7335	0
7336	1
7337	2
7338	1
7339	2
7340	2
7341	1
7342	4
7343	4
7344	0
7345	0
7346	0
7347	3
7348	1
7349	1
7350	2
7351	4
7352	2
7353	3
7354	1
7355	4
7356	1
7357	3
7358	1
7359	0
7360	3
7361	1
7362	0
7363	2
7364	0
7365	3
7366	1
7367	2
7368	3
7369	1
7370	2
7371	1
7372	0
7373	5
7374	2
7375	2
7376	3
7377	3
7378	2
7379	2
7380	0
7381	2
7382	0
7383	1
7384	3
7385	3
7386	1
7387	2
7388	5
7389	3
7390	0
7391	0
7392	5
7393	2
7394	1
7395	3
7396	2
7397	1
7398	0
7399	2
7400	1
7401	1
7402	5
7403	1
7404	1
7405	1
7406	1
7407	4
7408	1
7409	1
7410	3
7411	2
7412	3
7413	1
7414	2
7415	3
7416	1
7417	2
7418	3
7419	1
7420	5
7421	1
7422	1
7423	3
7424	3
7425	5
7426	4
7427	3
7428	1
7429	2
7430	2
7431	0
7432	3
7433	2
7434	2
7435	1
7436	4
7437	1
7438	3
7439	2
7440	1
7441	0
7442	2
7443	2
7444	1
7445	4
7446	1
7447	4
7448	8
7449	1
7450	6
7451	3
7452	2
7453	2
7454	3
7455	1
7456	1
7457	0
7458	3
7459	2
7460	3
7461	1
7462	2
7463	0
7464	1
7465	4
7466	1
7467	3
7468	3
7469	4
7470	1
7471	3
7472	0
7473	1
7474	0
7475	3
7476	2
7477	1
7478	2
7479	1
7480	0
7481	2
7482	3
7483	1
7484	1
7485	2
7486	0
7487	1
7488	2
7489	1
7490	1
7491	0
7492	1
7493	1
7494	3
7495	4
7496	3
7497	3
7498	3
7499	2
7500	2
7501	1
7502	0
7503	6
7504	0
7505	0
7506	3
7507	3
7508	1
7509	2
7510	1
7511	1
7512	1
7513	1
7514	2
7515	4
7516	1
7517	2
7518	1
7519	1
7520	4
7521	2
7522	1
7523	3
7524	1
7525	3
7526	2
7527	1
7528	0
7529	3
7530	2
7531	1
7532	0
7533	2
7534	0
7535	3
7536	0
7537	3
7538	0
7539	5
7540	1
7541	2
7542	2
7543	0
7544	1
7545	1
7546	3
7547	0
7548	2
7549	2
7550	2
7551	0
7552	2
7553	1
7554	2
7555	3
7556	2
7557	2
7558	1
7559	0
7560	1
7561	1
7562	3
7563	2
7564	0
7565	1
7566	2
7567	1
7568	1
7569	1
7570	1
7571	2
7572	3
7573	4
7574	3
7575	3
7576	0
7577	2
7578	3
7579	2
7580	1
7581	3
7582	3
7583	0
7584	0
7585	0
7586	2
7587	0
7588	2
7589	3
7590	3
7591	1
7592	4
7593	1
7594	3
7595	3
7596	3
7597	1
7598	2
7599	1
7600	2
7601	1
7602	1
7603	1
7604	1
7605	0
7606	1
7607	3
7608	2
7609	6
7610	3
7611	4
7612	3
7613	1
7614	1
7615	1
7616	2
7617	1
7618	0
7619	4
7620	4
7621	0
7622	1
7623	4
7624	3
7625	0
7626	0
7627	4
7628	1
7629	0
7630	2
7631	1
7632	1
7633	5
7634	2
7635	2
7636	1
7637	0
7638	2
7639	0
7640	3
7641	5
7642	1
7643	2
7644	2
7645	0
7646	2
7647	0
7648	2
7649	2
7650	2
7651	2
7652	3
7653	4
7654	2
7655	1
7656	1
7657	0
7658	1
7659	3
7660	1
7661	1
7662	3
7663	1
7664	1
7665	3
7666	1
7667	3
7668	2
7669	2
7670	0
7671	1
7672	0
7673	1
7674	0
7675	1
7676	0
7677	4
7678	0
7679	3
7680	0
7681	1
7682	3
7683	1
7684	2
7685	1
7686	1
7687	2
7688	2
7689	3
7690	4
7691	1
7692	0
7693	4
7694	1
7695	2
7696	0
7697	3
7698	3
7699	0
7700	0
7701	3
7702	2
7703	0
7704	1
7705	1
7706	1
7707	2
7708	3
7709	2
7710	3
7711	1
7712	3
7713	1
7714	1
7715	2
7716	2
7717	6
7718	2
7719	1
7720	2
7721	4
7722	2
7723	1
7724	1
7725	1
7726	3
7727	0
7728	0
7729	2
7730	2
7731	2
7732	3
7733	3
7734	1
7735	3
7736	1
7737	0
7738	3
7739	3
7740	3
7741	0
7742	1
7743	4
7744	2
7745	1
7746	0
7747	2
7748	2
7749	2
7750	0
7751	1
7752	2
7753	1
7754	1
7755	3
7756	0
7757	0
7758	2
7759	1
7760	3
7761	1
7762	0
7763	2
7764	1
7765	0
7766	0
7767	4
7768	3
7769	0
7770	2
7771	3
7772	3
7773	1
7774	0
7775	2
7776	0
7777	2
7778	1
7779	1
7780	3
7781	2
7782	2
7783	4
7784	3
7785	1
7786	0
7787	4
7788	1
7789	2
7790	2
7791	2
7792	4
7793	0
7794	2
7795	1
7796	4
7797	2
7798	1
7799	0
7800	5
7801	3
7802	1
7803	0
7804	2
7805	2
7806	1
7807	1
7808	1
7809	0
7810	3
7811	0
7812	0
7813	3
7814	1
7815	0
7816	1
7817	2
7818	1
7819	4
7820	3
7821	5
7822	1
7823	2
7824	5
7825	1
7826	1
7827	0
7828	1
7829	1
7830	1
7831	1
7832	3
7833	1
7834	2
7835	4
7836	1
7837	2
7838	1
7839	4
7840	4
7841	0
7842	1
7843	3
7844	2
7845	0
7846	1
7847	0
7848	1
7849	2
7850	1
7851	1
7852	0
7853	3
7854	0
7855	1
7856	1
7857	3
7858	1
7859	3
7860	6
7861	2
7862	3
7863	0
7864	2
7865	3
7866	1
7867	1
7868	1
7869	1
7870	2
7871	3
7872	2
7873	1
7874	3
7875	1
7876	1
7877	1
7878	4
7879	1
7880	2
7881	2
7882	2
7883	1
7884	4
7885	0
7886	0
7887	2
7888	1
7889	2
7890	1
7891	1
7892	1
7893	2
7894	3
7895	0
7896	0
7897	4
7898	0
7899	1
7900	0
7901	1
7902	1
7903	1
7904	5
7905	2
7906	1
7907	1
7908	1
7909	3
7910	1
7911	3
7912	0
7913	1
7914	1
7915	2
7916	2
7917	3
7918	2
7919	2
7920	0
7921	0
7922	2
7923	3
7924	0
7925	2
7926	1
7927	0
7928	1
7929	3
7930	1
7931	0
7932	1
7933	1
7934	1
7935	2
7936	1
7937	4
7938	1
7939	1
7940	0
7941	1
7942	3
7943	1
7944	0
7945	1
7946	1
7947	1
7948	0
7949	2
7950	3
7951	0
7952	1
7953	2
7954	1
7955	1
7956	3
7957	3
7958	2
7959	1
7960	3
7961	0
7962	2
7963	1
7964	0
7965	0
7966	2
7967	5
7968	1
7969	6
7970	4
7971	1
7972	2
7973	0
7974	2
7975	1
7976	1
7977	1
7978	1
7979	4
7980	1
7981	1
7982	1
7983	2
7984	1
7985	0
7986	2
7987	2
7988	2
7989	0
7990	2
7991	2
7992	0
7993	1
7994	1
7995	3
7996	0
7997	2
7998	0
7999	0
8000	0
8001	1
8002	3
8003	0
8004	1
8005	3
8006	4
8007	1
8008	0
8009	2
8010	3
8011	1
8012	0
8013	0
8014	3
8015	1
8016	2
8017	1
8018	2
8019	1
8020	1
8021	2
8022	1
8023	2
8024	4
8025	5
8026	1
8027	3
8028	1
8029	1
8030	1
8031	1
8032	1
8033	1
8034	1
8035	0
8036	1
8037	2
8038	2
8039	1
8040	0
8041	3
8042	3
8043	2
8044	1
8045	0
8046	1
8047	4
8048	1
8049	1
8050	1
8051	1
8052	1
8053	1
8054	1
8055	1
8056	0
8057	2
8058	1
8059	1
8060	2
8061	3
8062	1
8063	0
8064	0
8065	0
8066	0
8067	0
8068	0
8069	0
8070	0
8071	0
8072	0
8073	0
8074	0
8075	0
8076	0
8077	0
8078	0
8079	0
8080	0
8081	0
8082	0
8083	0
8084	0
8085	0
8086	0
8087	0
8088	0
8089	0
8090	0
8091	0
8092	0
8093	0
8094	0
8095	0
8096	0
8097	0
8098	0
8099	0
8100	0
8101	0
8102	0
8103	0
8104	0
8105	0
8106	0
8107	0
8108	0
8109	0
8110	0
8111	0
8112	0
8113	0
8114	0
8115	0
8116	0
8117	0
8118	0
8119	0
8120	0
8121	0
8122	0
8123	0
8124	0
8125	0
8126	0
8127	0
8128	0
8129	0
8130	0
8131	0
8132	0
8133	0
8134	0
8135	0
8136	0
8137	0
8138	0
8139	0
8140	0
8141	0
8142	0
8143	0
8144	0
8145	0
8146	0
8147	0
8148	0
8149	0
8150	0
8151	0
8152	0
8153	0
8154	0
8155	0
8156	0
8157	0
8158	0
8159	0
8160	0
8161	0
8162	0
8163	0
8164	0
8165	0
8166	0
8167	0
8168	0
8169	0
8170	0
8171	0
8172	0
8173	0
8174	0
8175	0
8176	0
8177	0
8178	0
8179	0
8180	0
8181	0
8182	0
8183	0
8184	0
8185	0
8186	0
8187	0
8188	0
8189	0
8190	0
8191	0
