-2	86400
-1	86429.64
0	0
1	0
2	0
3	0
4	0
5	0
6	0
7	0
8	0
9	0
10	0
11	0
12	0
13	0
14	0
15	0
16	0
17	0
18	0
19	0
20	0
21	0
22	0
23	0
24	0
25	0
26	0
27	0
28	0
29	0
30	0
31	0
32	0
33	0
34	0
35	0
36	0
37	0
38	0
39	0
40	0
41	0
42	0
43	0
44	0
45	0
46	1
47	1
48	0
49	97
50	369
51	496
52	530
53	663
54	733
55	818
56	827
57	872
58	818
59	836
60	790
61	799
62	767
63	791
64	743
65	699
66	789
67	804
68	756
69	755
70	781
71	780
72	806
73	835
74	803
75	851
76	794
77	873
78	828
79	782
80	829
81	796
82	898
83	727
84	861
85	803
86	822
87	794
88	814
89	783
90	822
91	823
92	838
93	880
94	861
95	807
96	851
97	872
98	881
99	934
100	854
101	906
102	918
103	946
104	936
105	967
106	968
107	1020
108	970
109	1045
110	1011
111	1070
112	1064
113	1091
114	1097
115	1105
116	1074
117	1139
118	1112
119	1110
120	1187
121	1166
122	1134
123	1157
124	1249
125	1242
126	1197
127	1247
128	1330
129	1287
130	1255
131	1376
132	1324
133	1378
134	1373
135	1392
136	1436
137	1378
138	1461
139	1359
140	1402
141	1442
142	1473
143	1430
144	1505
145	1453
146	1524
147	1450
148	1521
149	1610
150	1507
151	1632
152	1600
153	1467
154	1559
155	1666
156	1553
157	1581
158	1606
159	1600
160	1580
161	1619
162	1550
163	1619
164	1667
165	1585
166	1618
167	1660
168	1651
169	1634
170	1683
171	1675
172	1524
173	1641
174	1596
175	1659
176	1758
177	1681
178	1655
179	1560
180	1683
181	1623
182	1699
183	1689
184	1632
185	1592
186	1667
187	1645
188	1636
189	1594
190	1660
191	1557
192	1636
193	1703
194	1656
195	1678
196	1691
197	1663
198	1607
199	1614
200	1654
201	1604
202	1624
203	1610
204	1607
205	1601
206	1670
207	1551
208	1645
209	1551
210	1621
211	1571
212	1590
213	1599
214	1600
215	1608
216	1614
217	1528
218	1570
219	1649
220	1691
221	1604
222	1572
223	1585
224	1503
225	1527
226	1477
227	1512
228	1512
229	1466
230	1551
231	1550
232	1617
233	1480
234	1516
235	1541
236	1538
237	1490
238	1474
239	1426
240	1514
241	1495
242	1497
243	1446
244	1422
245	1470
246	1469
247	1374
248	1407
249	1423
250	1444
251	1461
252	1395
253	1450
254	1409
255	1370
256	1339
257	1449
258	1312
259	1412
260	1387
261	1391
262	1386
263	1457
264	1463
265	1387
266	1355
267	1353
268	1358
269	1318
270	1312
271	1272
272	1234
273	1217
274	1225
275	1278
276	1253
277	1231
278	1213
279	1268
280	1218
281	1146
282	1232
283	1190
284	1198
285	1238
286	1199
287	1146
288	1180
289	1088
290	1186
291	1127
292	1152
293	1135
294	1176
295	1103
296	1076
297	1102
298	1129
299	1138
300	1094
301	1089
302	1147
303	1091
304	1073
305	1080
306	1102
307	1093
308	1066
309	1103
310	1088
311	1082
312	992
313	1048
314	1062
315	1052
316	1082
317	1043
318	1000
319	976
320	1016
321	1009
322	997
323	992
324	1030
325	979
326	1023
327	1087
328	1006
329	971
330	987
331	924
332	922
333	952
334	921
335	962
336	920
337	926
338	942
339	967
340	910
341	913
342	923
343	965
344	924
345	913
346	937
347	848
348	916
349	916
350	955
351	878
352	855
353	892
354	885
355	851
356	896
357	897
358	945
359	879
360	872
361	827
362	817
363	886
364	860
365	852
366	801
367	856
368	857
369	868
370	761
371	831
372	829
373	909
374	901
375	855
376	812
377	834
378	788
379	752
380	772
381	826
382	762
383	766
384	775
385	768
386	765
387	801
388	857
389	909
390	927
391	834
392	781
393	801
394	730
395	716
396	715
397	735
398	733
399	764
400	730
401	691
402	689
403	726
404	721
405	723
406	679
407	682
408	712
409	684
410	670
411	673
412	698
413	709
414	729
415	693
416	630
417	678
418	580
419	735
420	666
421	707
422	640
423	667
424	612
425	645
426	685
427	704
428	637
429	692
430	671
431	626
432	618
433	619
434	678
435	603
436	661
437	648
438	662
439	612
440	643
441	671
442	593
443	614
444	624
445	592
446	610
447	616
448	601
449	601
450	558
451	626
452	611
453	577
454	609
455	557
456	606
457	557
458	586
459	554
460	551
461	616
462	548
463	561
464	570
465	559
466	610
467	599
468	575
469	597
470	627
471	557
472	518
473	559
474	501
475	569
476	551
477	582
478	558
479	564
480	559
481	531
482	530
483	553
484	568
485	525
486	551
487	567
488	547
489	553
490	540
491	554
492	528
493	530
494	514
495	550
496	540
497	516
498	492
499	484
500	519
501	540
502	515
503	517
504	483
505	524
506	496
507	527
508	478
509	478
510	521
511	511
512	555
513	531
514	516
515	502
516	505
517	501
518	483
519	534
520	497
521	490
522	473
523	455
524	506
525	487
526	516
527	487
528	469
529	485
530	481
531	477
532	451
533	450
534	481
535	461
536	450
537	460
538	452
539	495
540	461
541	459
542	463
543	406
544	470
545	470
546	406
547	472
548	485
549	476
550	435
551	487
552	446
553	448
554	446
555	444
556	454
557	436
558	446
559	444
560	461
561	560
562	659
563	880
564	1199
565	1190
566	1223
567	996
568	751
569	574
570	497
571	451
572	382
573	431
574	400
575	450
576	436
577	391
578	412
579	424
580	438
581	399
582	372
583	415
584	415
585	398
586	364
587	405
588	405
589	403
590	408
591	414
592	409
593	410
594	377
595	443
596	399
597	388
598	400
599	377
600	399
601	384
602	393
603	404
604	366
605	336
606	414
607	410
608	396
609	344
610	337
611	381
612	372
613	402
614	376
615	330
616	348
617	358
618	351
619	374
620	354
621	348
622	401
623	410
624	359
625	345
626	367
627	405
628	364
629	370
630	378
631	405
632	366
633	359
634	399
635	372
636	397
637	363
638	355
639	382
640	345
641	369
642	398
643	412
644	603
645	609
646	587
647	490
648	406
649	354
650	341
651	339
652	360
653	359
654	336
655	305
656	321
657	304
658	377
659	340
660	341
661	340
662	365
663	355
664	412
665	384
666	371
667	366
668	349
669	372
670	340
671	395
672	497
673	624
674	725
675	610
676	442
677	383
678	340
679	330
680	322
681	320
682	290
683	305
684	304
685	283
686	345
687	329
688	288
689	334
690	295
691	288
692	300
693	322
694	314
695	274
696	305
697	274
698	323
699	319
700	276
701	314
702	263
703	268
704	312
705	275
706	303
707	326
708	307
709	262
710	309
711	312
712	306
713	291
714	292
715	303
716	299
717	296
718	288
719	317
720	271
721	325
722	259
723	292
724	301
725	307
726	258
727	308
728	276
729	292
730	284
731	281
732	272
733	316
734	301
735	298
736	312
737	288
738	277
739	328
740	274
741	310
742	287
743	274
744	301
745	265
746	309
747	283
748	266
749	299
750	264
751	283
752	257
753	259
754	247
755	245
756	270
757	274
758	262
759	266
760	279
761	273
762	295
763	243
764	273
765	292
766	295
767	269
768	238
769	266
770	293
771	270
772	264
773	288
774	288
775	273
776	291
777	268
778	285
779	278
780	252
781	270
782	260
783	305
784	268
785	271
786	284
787	269
788	248
789	270
790	259
791	251
792	270
793	265
794	258
795	260
796	257
797	263
798	268
799	285
800	258
801	265
802	278
803	318
804	342
805	311
806	313
807	271
808	267
809	231
810	265
811	233
812	239
813	255
814	244
815	218
816	260
817	249
818	232
819	252
820	262
821	258
822	252
823	248
824	221
825	238
826	243
827	242
828	260
829	254
830	233
831	247
832	221
833	245
834	227
835	258
836	260
837	252
838	247
839	237
840	261
841	277
842	232
843	230
844	245
845	202
846	224
847	222
848	287
849	276
850	288
851	263
852	273
853	231
854	245
855	238
856	219
857	217
858	205
859	224
860	224
861	220
862	246
863	224
864	216
865	236
866	211
867	240
868	226
869	262
870	256
871	222
872	229
873	185
874	209
875	202
876	233
877	214
878	258
879	277
880	232
881	250
882	253
883	235
884	219
885	201
886	209
887	198
888	221
889	224
890	212
891	232
892	240
893	185
894	228
895	221
896	191
897	211
898	207
899	209
900	214
901	198
902	187
903	190
904	222
905	188
906	206
907	203
908	212
909	205
910	202
911	198
912	207
913	213
914	201
915	219
916	217
917	217
918	193
919	177
920	201
921	200
922	244
923	203
924	214
925	227
926	218
927	241
928	215
929	200
930	205
931	211
932	202
933	199
934	208
935	194
936	195
937	222
938	194
939	214
940	202
941	202
942	214
943	217
944	177
945	182
946	208
947	204
948	210
949	228
950	211
951	283
952	270
953	234
954	223
955	173
956	220
957	173
958	182
959	186
960	203
961	187
962	197
963	198
964	185
965	185
966	194
967	196
968	201
969	215
970	190
971	183
972	224
973	185
974	198
975	199
976	180
977	175
978	201
979	213
980	204
981	187
982	172
983	210
984	208
985	192
986	184
987	182
988	200
989	197
990	230
991	170
992	165
993	194
994	181
995	176
996	186
997	179
998	198
999	182
1000	197
1001	198
1002	217
1003	194
1004	203
1005	280
1006	383
1007	481
1008	531
1009	371
1010	213
1011	195
1012	183
1013	188
1014	183
1015	187
1016	187
1017	148
1018	178
1019	174
1020	193
1021	168
1022	179
1023	172
1024	166
1025	154
1026	174
1027	192
1028	151
1029	187
1030	162
1031	167
1032	202
1033	242
1034	189
1035	176
1036	169
1037	176
1038	164
1039	181
1040	178
1041	163
1042	162
1043	156
1044	181
1045	165
1046	169
1047	177
1048	178
1049	184
1050	186
1051	166
1052	176
1053	170
1054	186
1055	182
1056	163
1057	159
1058	174
1059	170
1060	157
1061	152
1062	204
1063	189
1064	194
1065	240
1066	271
1067	236
1068	212
1069	278
1070	344
1071	418
1072	359
1073	250
1074	223
1075	166
1076	123
1077	138
1078	164
1079	148
1080	165
1081	170
1082	158
1083	168
1084	156
1085	161
1086	141
1087	181
1088	170
1089	163
1090	157
1091	139
1092	162
1093	171
1094	150
1095	151
1096	165
1097	157
1098	143
1099	173
1100	154
1101	144
1102	156
1103	173
1104	175
1105	174
1106	159
1107	161
1108	153
1109	157
1110	159
1111	172
1112	147
1113	160
1114	163
1115	148
1116	140
1117	160
1118	158
1119	130
1120	178
1121	159
1122	151
1123	146
1124	147
1125	138
1126	148
1127	159
1128	185
1129	124
1130	153
1131	164
1132	148
1133	151
1134	138
1135	153
1136	148
1137	167
1138	160
1139	137
1140	151
1141	168
1142	130
1143	165
1144	137
1145	132
1146	152
1147	143
1148	140
1149	155
1150	157
1151	151
1152	168
1153	137
1154	158
1155	164
1156	137
1157	148
1158	172
1159	144
1160	152
1161	160
1162	152
1163	150
1164	164
1165	163
1166	148
1167	164
1168	161
1169	134
1170	138
1171	150
1172	153
1173	146
1174	141
1175	138
1176	148
1177	136
1178	153
1179	136
1180	146
1181	157
1182	138
1183	137
1184	145
1185	141
1186	144
1187	139
1188	139
1189	148
1190	124
1191	159
1192	162
1193	145
1194	149
1195	147
1196	154
1197	153
1198	129
1199	128
1200	135
1201	147
1202	165
1203	159
1204	133
1205	120
1206	162
1207	143
1208	157
1209	166
1210	139
1211	163
1212	126
1213	133
1214	150
1215	153
1216	151
1217	131
1218	129
1219	161
1220	132
1221	152
1222	150
1223	138
1224	153
1225	147
1226	155
1227	144
1228	154
1229	162
1230	159
1231	141
1232	156
1233	162
1234	170
1235	179
1236	218
1237	290
1238	312
1239	332
1240	238
1241	194
1242	147
1243	135
1244	138
1245	129
1246	139
1247	152
1248	141
1249	154
1250	130
1251	147
1252	165
1253	139
1254	138
1255	157
1256	129
1257	152
1258	129
1259	143
1260	147
1261	134
1262	153
1263	144
1264	132
1265	139
1266	138
1267	128
1268	157
1269	131
1270	149
1271	145
1272	140
1273	139
1274	142
1275	131
1276	147
1277	157
1278	186
1279	154
1280	157
1281	146
1282	128
1283	144
1284	126
1285	175
1286	138
1287	138
1288	169
1289	160
1290	165
1291	144
1292	131
1293	147
1294	131
1295	143
1296	151
1297	145
1298	161
1299	137
1300	136
1301	144
1302	143
1303	123
1304	121
1305	127
1306	150
1307	162
1308	144
1309	114
1310	134
1311	137
1312	136
1313	116
1314	133
1315	133
1316	151
1317	133
1318	147
1319	150
1320	129
1321	145
1322	130
1323	135
1324	165
1325	159
1326	158
1327	150
1328	152
1329	117
1330	150
1331	161
1332	152
1333	153
1334	142
1335	167
1336	133
1337	157
1338	144
1339	146
1340	158
1341	123
1342	141
1343	135
1344	139
1345	135
1346	153
1347	132
1348	153
1349	137
1350	151
1351	137
1352	138
1353	131
1354	151
1355	158
1356	137
1357	170
1358	129
1359	135
1360	135
1361	157
1362	141
1363	104
1364	140
1365	158
1366	165
1367	185
1368	206
1369	192
1370	194
1371	153
1372	153
1373	131
1374	147
1375	136
1376	140
1377	141
1378	125
1379	126
1380	120
1381	111
1382	132
1383	97
1384	111
1385	132
1386	101
1387	99
1388	103
1389	98
1390	108
1391	134
1392	110
1393	125
1394	103
1395	103
1396	92
1397	108
1398	111
1399	95
1400	115
1401	99
1402	106
1403	127
1404	116
1405	121
1406	99
1407	119
1408	123
1409	93
1410	122
1411	97
1412	120
1413	111
1414	121
1415	126
1416	129
1417	109
1418	119
1419	98
1420	98
1421	116
1422	109
1423	108
1424	115
1425	100
1426	103
1427	113
1428	98
1429	103
1430	104
1431	118
1432	86
1433	96
1434	115
1435	84
1436	103
1437	93
1438	103
1439	109
1440	96
1441	97
1442	92
1443	96
1444	95
1445	95
1446	94
1447	93
1448	123
1449	77
1450	90
1451	97
1452	103
1453	113
1454	97
1455	103
1456	95
1457	96
1458	98
1459	86
1460	87
1461	107
1462	89
1463	110
1464	84
1465	95
1466	106
1467	88
1468	97
1469	88
1470	85
1471	86
1472	100
1473	99
1474	101
1475	97
1476	88
1477	107
1478	87
1479	80
1480	83
1481	87
1482	78
1483	82
1484	76
1485	76
1486	83
1487	89
1488	82
1489	98
1490	85
1491	79
1492	92
1493	73
1494	62
1495	70
1496	68
1497	94
1498	85
1499	74
1500	71
1501	80
1502	82
1503	74
1504	87
1505	74
1506	63
1507	67
1508	69
1509	75
1510	90
1511	77
1512	70
1513	75
1514	70
1515	76
1516	78
1517	80
1518	92
1519	81
1520	98
1521	110
1522	131
1523	144
1524	115
1525	101
1526	80
1527	76
1528	71
1529	78
1530	94
1531	82
1532	85
1533	90
1534	75
1535	78
1536	70
1537	74
1538	74
1539	65
1540	70
1541	68
1542	63
1543	82
1544	64
1545	84
1546	76
1547	79
1548	104
1549	94
1550	102
1551	67
1552	66
1553	87
1554	96
1555	99
1556	100
1557	97
1558	85
1559	72
1560	84
1561	81
1562	80
1563	72
1564	79
1565	74
1566	71
1567	71
1568	61
1569	68
1570	65
1571	75
1572	62
1573	77
1574	68
1575	60
1576	76
1577	71
1578	57
1579	68
1580	69
1581	58
1582	96
1583	68
1584	74
1585	63
1586	75
1587	58
1588	65
1589	79
1590	68
1591	70
1592	65
1593	60
1594	72
1595	60
1596	81
1597	69
1598	70
1599	61
1600	67
1601	59
1602	76
1603	66
1604	68
1605	69
1606	57
1607	81
1608	70
1609	98
1610	205
1611	525
1612	1187
1613	2182
1614	2881
1615	2843
1616	1902
1617	979
1618	347
1619	111
1620	47
1621	43
1622	30
1623	38
1624	44
1625	37
1626	34
1627	50
1628	44
1629	25
1630	40
1631	39
1632	33
1633	46
1634	58
1635	56
1636	51
1637	59
1638	34
1639	54
1640	44
1641	42
1642	45
1643	44
1644	43
1645	42
1646	42
1647	54
1648	38
1649	45
1650	50
1651	51
1652	52
1653	65
1654	63
1655	45
1656	59
1657	42
1658	54
1659	54
1660	41
1661	52
1662	38
1663	38
1664	60
1665	50
1666	50
1667	72
1668	76
1669	84
1670	70
1671	77
1672	60
1673	42
1674	41
1675	48
1676	40
1677	40
1678	34
1679	46
1680	39
1681	40
1682	51
1683	31
1684	30
1685	54
1686	40
1687	52
1688	28
1689	45
1690	43
1691	30
1692	41
1693	43
1694	38
1695	43
1696	46
1697	40
1698	50
1699	47
1700	50
1701	49
1702	48
1703	36
1704	38
1705	45
1706	42
1707	42
1708	42
1709	42
1710	47
1711	42
1712	31
1713	36
1714	44
1715	32
1716	46
1717	41
1718	32
1719	34
1720	37
1721	42
1722	29
1723	41
1724	50
1725	40
1726	36
1727	40
1728	36
1729	26
1730	32
1731	42
1732	37
1733	37
1734	44
1735	37
1736	41
1737	51
1738	33
1739	34
1740	38
1741	39
1742	39
1743	25
1744	32
1745	50
1746	48
1747	53
1748	40
1749	58
1750	57
1751	34
1752	45
1753	88
1754	92
1755	94
1756	80
1757	82
1758	71
1759	58
1760	75
1761	45
1762	44
1763	47
1764	41
1765	46
1766	40
1767	38
1768	40
1769	36
1770	39
1771	35
1772	30
1773	36
1774	47
1775	37
1776	30
1777	33
1778	41
1779	36
1780	38
1781	38
1782	33
1783	26
1784	31
1785	35
1786	38
1787	36
1788	40
1789	51
1790	55
1791	62
1792	57
1793	48
1794	49
1795	46
1796	35
1797	42
1798	46
1799	61
1800	54
1801	69
1802	57
1803	67
1804	45
1805	34
1806	34
1807	29
1808	34
1809	30
1810	42
1811	46
1812	31
1813	38
1814	27
1815	48
1816	26
1817	28
1818	22
1819	41
1820	30
1821	25
1822	38
1823	37
1824	31
1825	30
1826	26
1827	34
1828	41
1829	30
1830	22
1831	22
1832	38
1833	44
1834	47
1835	54
1836	40
1837	52
1838	37
1839	25
1840	39
1841	37
1842	40
1843	39
1844	32
1845	25
1846	26
1847	25
1848	40
1849	25
1850	31
1851	29
1852	25
1853	29
1854	42
1855	41
1856	37
1857	26
1858	43
1859	26
1860	34
1861	30
1862	26
1863	33
1864	29
1865	29
1866	25
1867	40
1868	28
1869	34
1870	37
1871	37
1872	43
1873	26
1874	30
1875	28
1876	22
1877	26
1878	30
1879	26
1880	35
1881	29
1882	26
1883	33
1884	37
1885	34
1886	28
1887	36
1888	35
1889	44
1890	39
1891	36
1892	23
1893	24
1894	31
1895	34
1896	29
1897	30
1898	25
1899	20
1900	38
1901	39
1902	28
1903	31
1904	34
1905	32
1906	27
1907	31
1908	31
1909	50
1910	68
1911	77
1912	70
1913	59
1914	51
1915	23
1916	32
1917	29
1918	41
1919	24
1920	31
1921	30
1922	19
1923	21
1924	34
1925	25
1926	35
1927	34
1928	40
1929	31
1930	28
1931	24
1932	25
1933	28
1934	25
1935	33
1936	21
1937	28
1938	29
1939	26
1940	25
1941	31
1942	32
1943	41
1944	27
1945	43
1946	62
1947	115
1948	181
1949	256
1950	227
1951	219
1952	137
1953	89
1954	26
1955	33
1956	30
1957	25
1958	20
1959	20
1960	38
1961	23
1962	33
1963	27
1964	24
1965	28
1966	29
1967	32
1968	20
1969	21
1970	24
1971	31
1972	22
1973	34
1974	25
1975	25
1976	27
1977	29
1978	32
1979	25
1980	31
1981	26
1982	25
1983	29
1984	29
1985	27
1986	28
1987	21
1988	34
1989	28
1990	25
1991	26
1992	25
1993	25
1994	38
1995	32
1996	30
1997	27
1998	23
1999	29
2000	23
2001	18
2002	25
2003	30
2004	25
2005	28
2006	38
2007	27
2008	18
2009	33
2010	21
2011	28
2012	27
2013	22
2014	31
2015	29
2016	25
2017	27
2018	28
2019	26
2020	22
2021	27
2022	20
2023	28
2024	28
2025	33
2026	30
2027	38
2028	24
2029	37
2030	29
2031	35
2032	30
2033	29
2034	21
2035	22
2036	25
2037	28
2038	41
2039	43
2040	53
2041	64
2042	55
2043	42
2044	27
2045	38
2046	29
2047	30
2048	27
2049	33
2050	18
2051	17
2052	31
2053	17
2054	26
2055	32
2056	21
2057	19
2058	15
2059	26
2060	21
2061	23
2062	31
2063	30
2064	26
2065	27
2066	29
2067	31
2068	28
2069	30
2070	36
2071	24
2072	30
2073	26
2074	25
2075	22
2076	20
2077	23
2078	18
2079	23
2080	16
2081	23
2082	21
2083	30
2084	32
2085	39
2086	15
2087	27
2088	34
2089	31
2090	33
2091	26
2092	14
2093	25
2094	24
2095	32
2096	28
2097	30
2098	27
2099	28
2100	23
2101	22
2102	28
2103	29
2104	32
2105	25
2106	29
2107	29
2108	20
2109	32
2110	20
2111	26
2112	16
2113	25
2114	17
2115	30
2116	31
2117	25
2118	24
2119	24
2120	25
2121	26
2122	12
2123	31
2124	29
2125	27
2126	21
2127	24
2128	20
2129	29
2130	23
2131	25
2132	27
2133	21
2134	32
2135	20
2136	36
2137	19
2138	24
2139	27
2140	33
2141	21
2142	31
2143	31
2144	26
2145	26
2146	29
2147	32
2148	25
2149	31
2150	26
2151	18
2152	28
2153	23
2154	28
2155	30
2156	20
2157	27
2158	25
2159	21
2160	15
2161	26
2162	24
2163	31
2164	23
2165	21
2166	21
2167	31
2168	24
2169	25
2170	22
2171	32
2172	21
2173	21
2174	19
2175	24
2176	29
2177	27
2178	23
2179	21
2180	19
2181	22
2182	23
2183	28
2184	19
2185	19
2186	21
2187	21
2188	27
2189	26
2190	27
2191	22
2192	26
2193	21
2194	26
2195	19
2196	22
2197	19
2198	30
2199	22
2200	15
2201	23
2202	20
2203	29
2204	28
2205	22
2206	25
2207	31
2208	33
2209	30
2210	27
2211	33
2212	23
2213	28
2214	31
2215	23
2216	28
2217	31
2218	20
2219	19
2220	23
2221	18
2222	20
2223	25
2224	24
2225	28
2226	25
2227	21
2228	23
2229	24
2230	21
2231	21
2232	24
2233	26
2234	18
2235	28
2236	26
2237	22
2238	19
2239	26
2240	31
2241	25
2242	23
2243	26
2244	23
2245	21
2246	18
2247	23
2248	21
2249	20
2250	20
2251	17
2252	17
2253	29
2254	24
2255	28
2256	21
2257	11
2258	27
2259	26
2260	15
2261	24
2262	22
2263	29
2264	17
2265	22
2266	28
2267	16
2268	16
2269	30
2270	12
2271	24
2272	27
2273	20
2274	18
2275	32
2276	24
2277	27
2278	24
2279	20
2280	22
2281	22
2282	25
2283	27
2284	23
2285	20
2286	23
2287	12
2288	21
2289	20
2290	28
2291	23
2292	22
2293	23
2294	26
2295	28
2296	11
2297	21
2298	29
2299	24
2300	19
2301	28
2302	15
2303	22
2304	23
2305	20
2306	25
2307	28
2308	25
2309	12
2310	20
2311	19
2312	31
2313	22
2314	16
2315	29
2316	26
2317	34
2318	38
2319	28
2320	36
2321	55
2322	74
2323	86
2324	87
2325	84
2326	62
2327	45
2328	32
2329	22
2330	23
2331	23
2332	21
2333	21
2334	24
2335	19
2336	24
2337	30
2338	27
2339	36
2340	36
2341	30
2342	31
2343	32
2344	29
2345	23
2346	11
2347	26
2348	31
2349	25
2350	21
2351	23
2352	15
2353	24
2354	25
2355	26
2356	23
2357	15
2358	25
2359	25
2360	26
2361	25
2362	21
2363	20
2364	37
2365	23
2366	17
2367	25
2368	22
2369	22
2370	31
2371	18
2372	29
2373	16
2374	21
2375	21
2376	24
2377	22
2378	22
2379	24
2380	20
2381	25
2382	20
2383	23
2384	25
2385	21
2386	22
2387	21
2388	28
2389	20
2390	19
2391	18
2392	21
2393	23
2394	23
2395	18
2396	15
2397	34
2398	21
2399	18
2400	30
2401	22
2402	28
2403	22
2404	10
2405	17
2406	20
2407	28
2408	27
2409	20
2410	17
2411	34
2412	26
2413	26
2414	23
2415	25
2416	28
2417	23
2418	25
2419	26
2420	18
2421	24
2422	19
2423	21
2424	24
2425	18
2426	19
2427	30
2428	30
2429	26
2430	28
2431	36
2432	56
2433	64
2434	72
2435	92
2436	93
2437	67
2438	51
2439	28
2440	18
2441	22
2442	18
2443	19
2444	24
2445	20
2446	28
2447	13
2448	17
2449	19
2450	22
2451	26
2452	19
2453	19
2454	22
2455	22
2456	29
2457	14
2458	19
2459	20
2460	23
2461	19
2462	18
2463	22
2464	20
2465	23
2466	20
2467	21
2468	21
2469	18
2470	29
2471	23
2472	16
2473	15
2474	27
2475	23
2476	18
2477	25
2478	20
2479	16
2480	19
2481	20
2482	17
2483	20
2484	22
2485	24
2486	21
2487	27
2488	26
2489	20
2490	17
2491	20
2492	13
2493	18
2494	23
2495	22
2496	21
2497	16
2498	13
2499	19
2500	29
2501	18
2502	32
2503	24
2504	33
2505	23
2506	23
2507	22
2508	24
2509	26
2510	25
2511	19
2512	22
2513	31
2514	25
2515	15
2516	15
2517	28
2518	17
2519	19
2520	30
2521	27
2522	25
2523	23
2524	26
2525	24
2526	16
2527	24
2528	25
2529	21
2530	25
2531	23
2532	32
2533	26
2534	35
2535	28
2536	25
2537	25
2538	31
2539	17
2540	23
2541	20
2542	25
2543	26
2544	22
2545	29
2546	23
2547	28
2548	17
2549	26
2550	18
2551	23
2552	31
2553	22
2554	16
2555	19
2556	26
2557	29
2558	21
2559	22
2560	29
2561	26
2562	31
2563	29
2564	20
2565	24
2566	26
2567	28
2568	20
2569	16
2570	24
2571	36
2572	29
2573	26
2574	31
2575	22
2576	20
2577	23
2578	30
2579	22
2580	22
2581	17
2582	12
2583	16
2584	25
2585	31
2586	20
2587	18
2588	19
2589	26
2590	29
2591	37
2592	25
2593	20
2594	28
2595	25
2596	24
2597	24
2598	24
2599	28
2600	32
2601	25
2602	25
2603	18
2604	17
2605	23
2606	31
2607	28
2608	31
2609	26
2610	21
2611	32
2612	26
2613	27
2614	18
2615	28
2616	23
2617	32
2618	26
2619	23
2620	26
2621	17
2622	30
2623	31
2624	34
2625	26
2626	30
2627	26
2628	19
2629	11
2630	24
2631	19
2632	22
2633	19
2634	17
2635	20
2636	12
2637	19
2638	27
2639	19
2640	25
2641	18
2642	14
2643	18
2644	15
2645	24
2646	11
2647	17
2648	16
2649	16
2650	17
2651	20
2652	14
2653	17
2654	25
2655	23
2656	32
2657	17
2658	29
2659	22
2660	17
2661	19
2662	13
2663	14
2664	12
2665	11
2666	24
2667	22
2668	13
2669	9
2670	12
2671	16
2672	18
2673	20
2674	21
2675	28
2676	17
2677	24
2678	17
2679	25
2680	18
2681	19
2682	20
2683	20
2684	15
2685	21
2686	15
2687	21
2688	11
2689	19
2690	15
2691	19
2692	22
2693	18
2694	13
2695	18
2696	13
2697	18
2698	16
2699	23
2700	21
2701	23
2702	37
2703	46
2704	38
2705	32
2706	34
2707	27
2708	25
2709	17
2710	15
2711	10
2712	21
2713	13
2714	20
2715	24
2716	16
2717	15
2718	15
2719	12
2720	21
2721	9
2722	16
2723	8
2724	17
2725	15
2726	19
2727	11
2728	9
2729	15
2730	19
2731	8
2732	16
2733	10
2734	15
2735	14
2736	15
2737	13
2738	15
2739	14
2740	11
2741	11
2742	6
2743	15
2744	15
2745	16
2746	14
2747	8
2748	10
2749	7
2750	14
2751	17
2752	11
2753	14
2754	14
2755	10
2756	7
2757	11
2758	11
2759	19
2760	14
2761	17
2762	14
2763	12
2764	13
2765	14
2766	11
2767	7
2768	5
2769	12
2770	5
2771	9
2772	20
2773	8
2774	8
2775	8
2776	11
2777	9
2778	13
2779	13
2780	5
2781	6
2782	9
2783	20
2784	7
2785	8
2786	16
2787	11
2788	9
2789	9
2790	7
2791	6
2792	12
2793	5
2794	10
2795	12
2796	9
2797	7
2798	13
2799	8
2800	7
2801	7
2802	9
2803	10
2804	5
2805	7
2806	11
2807	11
2808	8
2809	7
2810	11
2811	6
2812	7
2813	8
2814	9
2815	10
2816	11
2817	17
2818	15
2819	10
2820	7
2821	7
2822	9
2823	5
2824	1
2825	8
2826	6
2827	8
2828	6
2829	15
2830	11
2831	5
2832	9
2833	9
2834	7
2835	5
2836	6
2837	11
2838	10
2839	11
2840	4
2841	4
2842	9
2843	11
2844	9
2845	10
2846	10
2847	6
2848	5
2849	10
2850	11
2851	4
2852	7
2853	6
2854	9
2855	10
2856	7
2857	9
2858	6
2859	7
2860	7
2861	16
2862	6
2863	11
2864	3
2865	7
2866	13
2867	10
2868	13
2869	12
2870	4
2871	11
2872	9
2873	6
2874	6
2875	9
2876	13
2877	7
2878	2
2879	5
2880	11
2881	9
2882	19
2883	64
2884	121
2885	239
2886	393
2887	551
2888	602
2889	619
2890	507
2891	321
2892	173
2893	62
2894	24
2895	7
2896	6
2897	5
2898	2
2899	1
2900	3
2901	4
2902	5
2903	2
2904	7
2905	6
2906	5
2907	4
2908	5
2909	9
2910	5
2911	4
2912	6
2913	5
2914	7
2915	2
2916	9
2917	6
2918	8
2919	6
2920	4
2921	4
2922	5
2923	6
2924	7
2925	5
2926	2
2927	5
2928	8
2929	2
2930	3
2931	4
2932	5
2933	5
2934	5
2935	4
2936	5
2937	11
2938	6
2939	7
2940	6
2941	5
2942	3
2943	6
2944	10
2945	5
2946	11
2947	5
2948	3
2949	5
2950	2
2951	6
2952	9
2953	5
2954	2
2955	8
2956	9
2957	9
2958	7
2959	3
2960	6
2961	5
2962	3
2963	3
2964	5
2965	4
2966	4
2967	4
2968	3
2969	8
2970	8
2971	4
2972	4
2973	5
2974	8
2975	2
2976	7
2977	14
2978	6
2979	6
2980	6
2981	3
2982	7
2983	8
2984	4
2985	3
2986	6
2987	1
2988	4
2989	7
2990	9
2991	3
2992	6
2993	2
2994	3
2995	4
2996	6
2997	7
2998	6
2999	0
3000	5
3001	2
3002	10
3003	4
3004	7
3005	3
3006	5
3007	6
3008	6
3009	6
3010	5
3011	3
3012	3
3013	5
3014	3
3015	3
3016	5
3017	4
3018	5
3019	2
3020	8
3021	3
3022	3
3023	5
3024	4
3025	3
3026	3
3027	9
3028	6
3029	5
3030	6
3031	4
3032	3
3033	4
3034	2
3035	3
3036	3
3037	2
3038	4
3039	2
3040	5
3041	3
3042	4
3043	3
3044	4
3045	2
3046	4
3047	4
3048	6
3049	5
3050	4
3051	8
3052	4
3053	8
3054	6
3055	8
3056	2
3057	9
3058	6
3059	2
3060	6
3061	4
3062	10
3063	3
3064	10
3065	3
3066	3
3067	7
3068	6
3069	3
3070	4
3071	9
3072	2
3073	7
3074	5
3075	3
3076	3
3077	6
3078	5
3079	7
3080	8
3081	4
3082	5
3083	5
3084	6
3085	5
3086	3
3087	7
3088	8
3089	1
3090	4
3091	11
3092	5
3093	4
3094	5
3095	3
3096	7
3097	4
3098	3
3099	3
3100	4
3101	7
3102	3
3103	8
3104	4
3105	5
3106	5
3107	6
3108	3
3109	4
3110	6
3111	5
3112	4
3113	6
3114	7
3115	3
3116	2
3117	3
3118	6
3119	2
3120	2
3121	4
3122	4
3123	3
3124	4
3125	5
3126	5
3127	1
3128	4
3129	5
3130	3
3131	6
3132	6
3133	7
3134	6
3135	0
3136	4
3137	5
3138	4
3139	9
3140	6
3141	9
3142	5
3143	5
3144	3
3145	5
3146	7
3147	3
3148	2
3149	4
3150	7
3151	5
3152	4
3153	2
3154	3
3155	7
3156	3
3157	4
3158	12
3159	3
3160	7
3161	1
3162	6
3163	7
3164	7
3165	3
3166	3
3167	10
3168	3
3169	8
3170	7
3171	10
3172	4
3173	9
3174	6
3175	5
3176	1
3177	5
3178	5
3179	4
3180	6
3181	6
3182	4
3183	7
3184	5
3185	4
3186	6
3187	4
3188	4
3189	2
3190	3
3191	3
3192	9
3193	6
3194	3
3195	5
3196	8
3197	4
3198	7
3199	5
3200	6
3201	2
3202	9
3203	2
3204	6
3205	4
3206	5
3207	7
3208	6
3209	5
3210	9
3211	1
3212	5
3213	7
3214	3
3215	2
3216	1
3217	6
3218	3
3219	4
3220	3
3221	5
3222	5
3223	9
3224	4
3225	7
3226	11
3227	6
3228	2
3229	4
3230	4
3231	2
3232	4
3233	3
3234	8
3235	4
3236	3
3237	3
3238	8
3239	6
3240	4
3241	7
3242	6
3243	5
3244	8
3245	4
3246	2
3247	2
3248	8
3249	6
3250	4
3251	6
3252	6
3253	6
3254	4
3255	1
3256	5
3257	4
3258	5
3259	4
3260	9
3261	7
3262	7
3263	5
3264	2
3265	9
3266	6
3267	6
3268	5
3269	6
3270	2
3271	3
3272	8
3273	1
3274	7
3275	6
3276	5
3277	7
3278	6
3279	7
3280	3
3281	5
3282	2
3283	7
3284	5
3285	3
3286	3
3287	5
3288	3
3289	3
3290	4
3291	4
3292	4
3293	3
3294	2
3295	5
3296	1
3297	2
3298	6
3299	6
3300	6
3301	3
3302	3
3303	7
3304	5
3305	5
3306	3
3307	4
3308	5
3309	5
3310	2
3311	1
3312	4
3313	1
3314	6
3315	6
3316	3
3317	3
3318	6
3319	3
3320	6
3321	10
3322	2
3323	7
3324	3
3325	2
3326	4
3327	7
3328	2
3329	9
3330	9
3331	5
3332	4
3333	3
3334	4
3335	2
3336	5
3337	2
3338	4
3339	3
3340	7
3341	3
3342	5
3343	2
3344	3
3345	3
3346	6
3347	7
3348	3
3349	3
3350	1
3351	4
3352	9
3353	4
3354	5
3355	5
3356	6
3357	4
3358	3
3359	4
3360	6
3361	2
3362	1
3363	7
3364	3
3365	5
3366	4
3367	8
3368	6
3369	3
3370	0
3371	2
3372	5
3373	8
3374	3
3375	6
3376	7
3377	3
3378	4
3379	3
3380	4
3381	1
3382	6
3383	4
3384	3
3385	3
3386	2
3387	6
3388	3
3389	5
3390	3
3391	5
3392	6
3393	2
3394	6
3395	3
3396	3
3397	5
3398	8
3399	4
3400	4
3401	5
3402	5
3403	4
3404	4
3405	4
3406	2
3407	2
3408	2
3409	1
3410	2
3411	3
3412	3
3413	3
3414	4
3415	5
3416	4
3417	4
3418	2
3419	6
3420	0
3421	2
3422	2
3423	4
3424	0
3425	5
3426	5
3427	2
3428	2
3429	8
3430	2
3431	5
3432	4
3433	6
3434	9
3435	5
3436	11
3437	10
3438	7
3439	1
3440	3
3441	3
3442	4
3443	7
3444	1
3445	2
3446	5
3447	5
3448	2
3449	2
3450	5
3451	3
3452	2
3453	5
3454	5
3455	10
3456	5
3457	2
3458	3
3459	6
3460	6
3461	2
3462	4
3463	4
3464	4
3465	4
3466	2
3467	2
3468	6
3469	3
3470	2
3471	3
3472	4
3473	5
3474	2
3475	1
3476	4
3477	4
3478	6
3479	2
3480	4
3481	0
3482	3
3483	6
3484	3
3485	1
3486	3
3487	5
3488	7
3489	2
3490	4
3491	3
3492	4
3493	3
3494	6
3495	3
3496	5
3497	4
3498	7
3499	3
3500	6
3501	3
3502	2
3503	5
3504	5
3505	4
3506	2
3507	4
3508	1
3509	2
3510	2
3511	6
3512	8
3513	4
3514	3
3515	4
3516	5
3517	1
3518	6
3519	4
3520	3
3521	5
3522	5
3523	5
3524	7
3525	2
3526	2
3527	4
3528	3
3529	5
3530	2
3531	3
3532	3
3533	9
3534	3
3535	6
3536	6
3537	4
3538	4
3539	3
3540	5
3541	1
3542	4
3543	4
3544	4
3545	4
3546	3
3547	2
3548	2
3549	3
3550	4
3551	4
3552	5
3553	4
3554	3
3555	2
3556	4
3557	9
3558	6
3559	2
3560	4
3561	3
3562	3
3563	3
3564	2
3565	4
3566	5
3567	9
3568	7
3569	1
3570	2
3571	4
3572	3
3573	2
3574	2
3575	5
3576	4
3577	4
3578	5
3579	2
3580	3
3581	7
3582	5
3583	6
3584	3
3585	3
3586	5
3587	6
3588	2
3589	2
3590	2
3591	4
3592	4
3593	2
3594	2
3595	5
3596	6
3597	4
3598	5
3599	5
3600	5
3601	3
3602	2
3603	2
3604	6
3605	3
3606	5
3607	4
3608	6
3609	3
3610	6
3611	8
3612	3
3613	5
3614	3
3615	3
3616	1
3617	3
3618	2
3619	3
3620	9
3621	6
3622	3
3623	3
3624	4
3625	5
3626	3
3627	2
3628	0
3629	1
3630	5
3631	2
3632	4
3633	5
3634	2
3635	4
3636	6
3637	7
3638	3
3639	2
3640	5
3641	2
3642	3
3643	5
3644	5
3645	4
3646	6
3647	2
3648	3
3649	4
3650	3
3651	3
3652	4
3653	5
3654	4
3655	5
3656	5
3657	3
3658	3
3659	6
3660	4
3661	1
3662	4
3663	8
3664	4
3665	5
3666	2
3667	5
3668	3
3669	5
3670	3
3671	3
3672	3
3673	5
3674	4
3675	3
3676	5
3677	2
3678	5
3679	4
3680	4
3681	3
3682	2
3683	2
3684	5
3685	0
3686	3
3687	2
3688	3
3689	4
3690	5
3691	2
3692	5
3693	5
3694	6
3695	7
3696	3
3697	1
3698	2
3699	3
3700	3
3701	3
3702	3
3703	2
3704	2
3705	2
3706	2
3707	2
3708	4
3709	3
3710	4
3711	1
3712	4
3713	5
3714	4
3715	1
3716	4
3717	2
3718	2
3719	7
3720	4
3721	5
3722	2
3723	2
3724	3
3725	5
3726	2
3727	7
3728	5
3729	1
3730	1
3731	4
3732	1
3733	2
3734	6
3735	3
3736	6
3737	6
3738	0
3739	3
3740	2
3741	5
3742	1
3743	1
3744	4
3745	8
3746	5
3747	5
3748	3
3749	6
3750	5
3751	7
3752	4
3753	3
3754	3
3755	3
3756	12
3757	1
3758	1
3759	6
3760	5
3761	4
3762	4
3763	4
3764	7
3765	4
3766	5
3767	3
3768	4
3769	3
3770	3
3771	4
3772	1
3773	7
3774	2
3775	2
3776	3
3777	4
3778	1
3779	5
3780	3
3781	5
3782	7
3783	9
3784	2
3785	4
3786	3
3787	2
3788	1
3789	4
3790	6
3791	4
3792	4
3793	5
3794	1
3795	1
3796	4
3797	2
3798	4
3799	1
3800	3
3801	4
3802	3
3803	0
3804	4
3805	2
3806	2
3807	5
3808	2
3809	7
3810	4
3811	5
3812	1
3813	3
3814	4
3815	1
3816	2
3817	6
3818	2
3819	6
3820	3
3821	4
3822	6
3823	3
3824	3
3825	3
3826	4
3827	5
3828	8
3829	2
3830	3
3831	3
3832	4
3833	3
3834	9
3835	3
3836	2
3837	2
3838	5
3839	2
3840	4
3841	5
3842	4
3843	1
3844	1
3845	4
3846	4
3847	2
3848	2
3849	4
3850	3
3851	3
3852	1
3853	8
3854	2
3855	2
3856	5
3857	3
3858	4
3859	8
3860	1
3861	3
3862	0
3863	2
3864	3
3865	6
3866	2
3867	2
3868	4
3869	1
3870	0
3871	2
3872	5
3873	3
3874	1
3875	2
3876	2
3877	5
3878	2
3879	3
3880	6
3881	3
3882	1
3883	3
3884	8
3885	5
3886	9
3887	2
3888	5
3889	2
3890	2
3891	2
3892	3
3893	3
3894	5
3895	3
3896	5
3897	0
3898	2
3899	2
3900	7
3901	4
3902	5
3903	2
3904	4
3905	6
3906	2
3907	6
3908	4
3909	1
3910	4
3911	1
3912	2
3913	3
3914	1
3915	4
3916	2
3917	1
3918	6
3919	3
3920	3
3921	5
3922	3
3923	2
3924	5
3925	4
3926	4
3927	5
3928	7
3929	1
3930	3
3931	2
3932	1
3933	1
3934	2
3935	2
3936	4
3937	5
3938	3
3939	4
3940	4
3941	3
3942	2
3943	4
3944	3
3945	4
3946	0
3947	3
3948	5
3949	2
3950	1
3951	3
3952	4
3953	4
3954	6
3955	3
3956	3
3957	3
3958	3
3959	3
3960	2
3961	2
3962	1
3963	4
3964	2
3965	5
3966	3
3967	9
3968	3
3969	2
3970	2
3971	2
3972	6
3973	2
3974	3
3975	1
3976	5
3977	7
3978	3
3979	6
3980	2
3981	1
3982	1
3983	4
3984	2
3985	4
3986	2
3987	4
3988	4
3989	6
3990	0
3991	6
3992	5
3993	5
3994	2
3995	5
3996	2
3997	4
3998	4
3999	4
4000	4
4001	1
4002	3
4003	4
4004	4
4005	3
4006	1
4007	4
4008	1
4009	1
4010	5
4011	4
4012	4
4013	1
4014	6
4015	5
4016	0
4017	3
4018	3
4019	3
4020	4
4021	2
4022	5
4023	2
4024	1
4025	7
4026	2
4027	5
4028	6
4029	2
4030	3
4031	6
4032	1
4033	3
4034	5
4035	2
4036	4
4037	4
4038	2
4039	3
4040	4
4041	4
4042	6
4043	2
4044	1
4045	10
4046	2
4047	4
4048	2
4049	4
4050	8
4051	5
4052	2
4053	2
4054	3
4055	3
4056	1
4057	3
4058	0
4059	3
4060	2
4061	3
4062	5
4063	5
4064	0
4065	4
4066	4
4067	2
4068	5
4069	1
4070	4
4071	3
4072	3
4073	1
4074	2
4075	5
4076	3
4077	2
4078	4
4079	3
4080	2
4081	5
4082	3
4083	2
4084	4
4085	7
4086	3
4087	3
4088	1
4089	3
4090	2
4091	5
4092	0
4093	4
4094	4
4095	6
4096	5
4097	1
4098	1
4099	5
4100	3
4101	2
4102	2
4103	9
4104	2
4105	2
4106	4
4107	4
4108	5
4109	0
4110	2
4111	4
4112	6
4113	1
4114	7
4115	0
4116	1
4117	3
4118	2
4119	1
4120	3
4121	9
4122	2
4123	6
4124	7
4125	3
4126	0
4127	6
4128	3
4129	5
4130	4
4131	3
4132	1
4133	3
4134	6
4135	5
4136	1
4137	4
4138	3
4139	3
4140	4
4141	7
4142	4
4143	3
4144	4
4145	2
4146	2
4147	3
4148	3
4149	2
4150	2
4151	7
4152	2
4153	2
4154	5
4155	2
4156	8
4157	2
4158	3
4159	1
4160	2
4161	5
4162	2
4163	2
4164	5
4165	2
4166	5
4167	3
4168	3
4169	3
4170	4
4171	4
4172	5
4173	5
4174	9
4175	5
4176	7
4177	3
4178	4
4179	0
4180	1
4181	4
4182	6
4183	4
4184	2
4185	1
4186	3
4187	3
4188	1
4189	3
4190	1
4191	3
4192	2
4193	4
4194	4
4195	0
4196	2
4197	2
4198	2
4199	6
4200	2
4201	3
4202	4
4203	4
4204	2
4205	3
4206	4
4207	4
4208	2
4209	4
4210	2
4211	5
4212	3
4213	5
4214	2
4215	3
4216	4
4217	3
4218	0
4219	4
4220	2
4221	5
4222	1
4223	1
4224	3
4225	2
4226	2
4227	1
4228	3
4229	1
4230	2
4231	3
4232	2
4233	6
4234	1
4235	3
4236	5
4237	1
4238	3
4239	3
4240	1
4241	2
4242	2
4243	7
4244	5
4245	1
4246	6
4247	3
4248	5
4249	2
4250	5
4251	2
4252	5
4253	4
4254	3
4255	3
4256	3
4257	4
4258	3
4259	2
4260	4
4261	1
4262	4
4263	2
4264	1
4265	5
4266	4
4267	4
4268	6
4269	4
4270	5
4271	4
4272	3
4273	2
4274	8
4275	3
4276	1
4277	1
4278	4
4279	1
4280	5
4281	2
4282	1
4283	5
4284	3
4285	6
4286	2
4287	1
4288	4
4289	4
4290	1
4291	4
4292	5
4293	0
4294	6
4295	5
4296	2
4297	4
4298	6
4299	4
4300	1
4301	5
4302	3
4303	1
4304	4
4305	6
4306	2
4307	2
4308	0
4309	2
4310	2
4311	5
4312	7
4313	3
4314	1
4315	2
4316	2
4317	4
4318	3
4319	2
4320	2
4321	5
4322	4
4323	9
4324	2
4325	6
4326	2
4327	6
4328	1
4329	3
4330	3
4331	1
4332	3
4333	4
4334	2
4335	5
4336	3
4337	4
4338	4
4339	4
4340	1
4341	4
4342	1
4343	1
4344	4
4345	2
4346	3
4347	3
4348	3
4349	4
4350	5
4351	2
4352	3
4353	2
4354	1
4355	3
4356	4
4357	4
4358	3
4359	1
4360	4
4361	2
4362	1
4363	2
4364	5
4365	2
4366	1
4367	3
4368	6
4369	0
4370	4
4371	3
4372	3
4373	4
4374	3
4375	4
4376	0
4377	3
4378	1
4379	3
4380	5
4381	5
4382	4
4383	2
4384	8
4385	5
4386	6
4387	3
4388	2
4389	2
4390	2
4391	2
4392	4
4393	3
4394	2
4395	4
4396	4
4397	3
4398	2
4399	4
4400	0
4401	2
4402	2
4403	3
4404	4
4405	1
4406	2
4407	4
4408	2
4409	5
4410	3
4411	3
4412	3
4413	4
4414	1
4415	2
4416	6
4417	4
4418	5
4419	4
4420	5
4421	2
4422	3
4423	5
4424	3
4425	5
4426	2
4427	2
4428	7
4429	1
4430	5
4431	3
4432	6
4433	3
4434	4
4435	4
4436	3
4437	3
4438	6
4439	6
4440	1
4441	5
4442	3
4443	1
4444	5
4445	3
4446	0
4447	2
4448	2
4449	3
4450	1
4451	3
4452	2
4453	2
4454	2
4455	3
4456	3
4457	4
4458	2
4459	5
4460	7
4461	1
4462	4
4463	5
4464	5
4465	2
4466	3
4467	3
4468	3
4469	1
4470	3
4471	3
4472	3
4473	6
4474	2
4475	3
4476	2
4477	3
4478	4
4479	5
4480	2
4481	4
4482	3
4483	6
4484	3
4485	1
4486	4
4487	5
4488	1
4489	1
4490	2
4491	2
4492	2
4493	2
4494	3
4495	7
4496	3
4497	1
4498	6
4499	3
4500	5
4501	3
4502	3
4503	3
4504	2
4505	2
4506	1
4507	2
4508	5
4509	3
4510	1
4511	0
4512	1
4513	2
4514	4
4515	2
4516	4
4517	5
4518	5
4519	3
4520	3
4521	4
4522	3
4523	0
4524	3
4525	2
4526	7
4527	4
4528	7
4529	6
4530	6
4531	2
4532	10
4533	4
4534	2
4535	3
4536	3
4537	2
4538	6
4539	6
4540	1
4541	2
4542	3
4543	4
4544	4
4545	1
4546	3
4547	5
4548	3
4549	2
4550	5
4551	3
4552	0
4553	4
4554	1
4555	0
4556	3
4557	6
4558	5
4559	1
4560	8
4561	5
4562	3
4563	4
4564	3
4565	1
4566	4
4567	3
4568	1
4569	5
4570	1
4571	1
4572	4
4573	4
4574	4
4575	4
4576	2
4577	0
4578	3
4579	4
4580	7
4581	2
4582	6
4583	3
4584	3
4585	1
4586	3
4587	2
4588	8
4589	3
4590	4
4591	3
4592	2
4593	5
4594	3
4595	4
4596	2
4597	1
4598	2
4599	5
4600	6
4601	1
4602	2
4603	5
4604	0
4605	4
4606	2
4607	1
4608	3
4609	2
4610	3
4611	2
4612	2
4613	2
4614	3
4615	1
4616	3
4617	4
4618	2
4619	5
4620	2
4621	8
4622	3
4623	5
4624	5
4625	7
4626	4
4627	4
4628	0
4629	9
4630	5
4631	4
4632	5
4633	2
4634	5
4635	4
4636	2
4637	4
4638	1
4639	3
4640	4
4641	2
4642	3
4643	3
4644	1
4645	1
4646	2
4647	3
4648	4
4649	1
4650	4
4651	2
4652	2
4653	1
4654	3
4655	2
4656	0
4657	2
4658	0
4659	2
4660	2
4661	1
4662	2
4663	2
4664	1
4665	6
4666	3
4667	2
4668	3
4669	6
4670	3
4671	2
4672	1
4673	2
4674	4
4675	2
4676	0
4677	4
4678	4
4679	1
4680	2
4681	5
4682	1
4683	3
4684	1
4685	2
4686	1
4687	3
4688	2
4689	1
4690	3
4691	5
4692	5
4693	2
4694	3
4695	1
4696	4
4697	4
4698	1
4699	0
4700	2
4701	3
4702	0
4703	1
4704	5
4705	1
4706	4
4707	0
4708	3
4709	4
4710	5
4711	7
4712	4
4713	4
4714	2
4715	2
4716	3
4717	2
4718	1
4719	2
4720	3
4721	2
4722	1
4723	6
4724	2
4725	2
4726	0
4727	1
4728	3
4729	3
4730	2
4731	1
4732	3
4733	3
4734	4
4735	3
4736	2
4737	2
4738	1
4739	6
4740	2
4741	1
4742	4
4743	5
4744	3
4745	3
4746	3
4747	1
4748	3
4749	5
4750	4
4751	3
4752	0
4753	6
4754	3
4755	5
4756	4
4757	2
4758	1
4759	5
4760	2
4761	4
4762	3
4763	0
4764	3
4765	1
4766	1
4767	2
4768	2
4769	3
4770	5
4771	8
4772	4
4773	5
4774	7
4775	4
4776	3
4777	2
4778	7
4779	3
4780	3
4781	2
4782	4
4783	3
4784	6
4785	3
4786	3
4787	2
4788	3
4789	2
4790	3
4791	3
4792	1
4793	2
4794	3
4795	2
4796	2
4797	4
4798	3
4799	3
4800	1
4801	0
4802	5
4803	5
4804	1
4805	3
4806	3
4807	4
4808	0
4809	1
4810	2
4811	3
4812	0
4813	4
4814	7
4815	3
4816	2
4817	5
4818	0
4819	3
4820	1
4821	3
4822	4
4823	2
4824	0
4825	6
4826	2
4827	1
4828	3
4829	3
4830	2
4831	3
4832	1
4833	4
4834	2
4835	3
4836	3
4837	2
4838	3
4839	3
4840	2
4841	7
4842	1
4843	2
4844	0
4845	5
4846	6
4847	2
4848	5
4849	6
4850	8
4851	4
4852	5
4853	3
4854	3
4855	1
4856	2
4857	3
4858	4
4859	3
4860	4
4861	3
4862	6
4863	2
4864	4
4865	3
4866	3
4867	1
4868	7
4869	8
4870	2
4871	6
4872	3
4873	1
4874	5
4875	4
4876	0
4877	1
4878	4
4879	5
4880	1
4881	4
4882	4
4883	1
4884	4
4885	3
4886	2
4887	3
4888	4
4889	1
4890	0
4891	4
4892	4
4893	2
4894	1
4895	2
4896	3
4897	4
4898	3
4899	0
4900	0
4901	3
4902	2
4903	4
4904	4
4905	3
4906	1
4907	3
4908	3
4909	4
4910	2
4911	6
4912	4
4913	4
4914	2
4915	2
4916	0
4917	3
4918	4
4919	3
4920	3
4921	1
4922	9
4923	6
4924	1
4925	7
4926	7
4927	5
4928	5
4929	4
4930	4
4931	2
4932	5
4933	1
4934	5
4935	3
4936	0
4937	2
4938	4
4939	1
4940	4
4941	2
4942	7
4943	3
4944	2
4945	1
4946	4
4947	1
4948	4
4949	1
4950	2
4951	4
4952	2
4953	5
4954	3
4955	3
4956	0
4957	4
4958	3
4959	5
4960	2
4961	3
4962	1
4963	0
4964	2
4965	3
4966	1
4967	2
4968	3
4969	7
4970	4
4971	3
4972	0
4973	1
4974	3
4975	3
4976	3
4977	2
4978	2
4979	3
4980	2
4981	1
4982	4
4983	4
4984	1
4985	4
4986	4
4987	1
4988	3
4989	2
4990	3
4991	3
4992	1
4993	4
4994	4
4995	2
4996	6
4997	1
4998	2
4999	6
5000	0
5001	5
5002	3
5003	4
5004	2
5005	4
5006	2
5007	5
5008	3
5009	1
5010	3
5011	0
5012	4
5013	1
5014	6
5015	2
5016	2
5017	2
5018	4
5019	1
5020	3
5021	1
5022	2
5023	3
5024	3
5025	4
5026	4
5027	3
5028	1
5029	4
5030	4
5031	2
5032	2
5033	3
5034	5
5035	2
5036	5
5037	1
5038	3
5039	5
5040	2
5041	1
5042	4
5043	1
5044	3
5045	2
5046	5
5047	6
5048	3
5049	3
5050	5
5051	6
5052	3
5053	2
5054	1
5055	0
5056	5
5057	2
5058	2
5059	3
5060	1
5061	1
5062	1
5063	3
5064	4
5065	2
5066	2
5067	3
5068	3
5069	3
5070	0
5071	1
5072	6
5073	4
5074	1
5075	1
5076	3
5077	1
5078	2
5079	3
5080	0
5081	4
5082	4
5083	2
5084	0
5085	0
5086	4
5087	1
5088	1
5089	5
5090	2
5091	4
5092	3
5093	1
5094	5
5095	2
5096	1
5097	3
5098	1
5099	4
5100	2
5101	5
5102	2
5103	1
5104	4
5105	1
5106	4
5107	3
5108	4
5109	4
5110	2
5111	3
5112	5
5113	2
5114	4
5115	4
5116	1
5117	7
5118	5
5119	0
5120	2
5121	2
5122	4
5123	1
5124	5
5125	1
5126	4
5127	0
5128	3
5129	2
5130	6
5131	1
5132	3
5133	3
5134	5
5135	0
5136	3
5137	0
5138	3
5139	2
5140	3
5141	4
5142	5
5143	3
5144	3
5145	0
5146	2
5147	3
5148	3
5149	1
5150	3
5151	4
5152	0
5153	2
5154	2
5155	4
5156	3
5157	4
5158	1
5159	6
5160	4
5161	0
5162	3
5163	1
5164	4
5165	2
5166	3
5167	1
5168	3
5169	0
5170	5
5171	1
5172	1
5173	4
5174	1
5175	4
5176	2
5177	2
5178	3
5179	2
5180	1
5181	4
5182	1
5183	4
5184	0
5185	0
5186	4
5187	2
5188	4
5189	6
5190	1
5191	6
5192	1
5193	1
5194	3
5195	5
5196	3
5197	2
5198	1
5199	1
5200	0
5201	0
5202	3
5203	2
5204	3
5205	4
5206	3
5207	3
5208	3
5209	3
5210	5
5211	1
5212	1
5213	2
5214	1
5215	4
5216	1
5217	4
5218	3
5219	2
5220	1
5221	1
5222	3
5223	2
5224	2
5225	0
5226	2
5227	1
5228	1
5229	1
5230	0
5231	0
5232	1
5233	3
5234	2
5235	5
5236	4
5237	1
5238	3
5239	4
5240	4
5241	1
5242	2
5243	3
5244	4
5245	2
5246	2
5247	1
5248	1
5249	3
5250	3
5251	2
5252	3
5253	0
5254	2
5255	3
5256	0
5257	0
5258	3
5259	4
5260	3
5261	1
5262	2
5263	4
5264	4
5265	0
5266	1
5267	4
5268	3
5269	0
5270	3
5271	5
5272	2
5273	4
5274	2
5275	5
5276	3
5277	1
5278	4
5279	2
5280	3
5281	1
5282	5
5283	4
5284	1
5285	4
5286	4
5287	6
5288	2
5289	0
5290	2
5291	1
5292	7
5293	7
5294	3
5295	1
5296	1
5297	1
5298	3
5299	3
5300	3
5301	5
5302	4
5303	6
5304	3
5305	2
5306	3
5307	5
5308	3
5309	1
5310	1
5311	5
5312	1
5313	2
5314	4
5315	3
5316	1
5317	3
5318	3
5319	0
5320	2
5321	1
5322	3
5323	3
5324	3
5325	2
5326	2
5327	4
5328	3
5329	1
5330	2
5331	5
5332	2
5333	2
5334	3
5335	0
5336	4
5337	5
5338	2
5339	1
5340	1
5341	5
5342	0
5343	1
5344	1
5345	2
5346	3
5347	2
5348	1
5349	2
5350	0
5351	2
5352	1
5353	3
5354	3
5355	2
5356	3
5357	2
5358	2
5359	3
5360	1
5361	1
5362	2
5363	1
5364	2
5365	1
5366	1
5367	1
5368	3
5369	3
5370	3
5371	2
5372	3
5373	2
5374	0
5375	4
5376	0
5377	1
5378	0
5379	2
5380	2
5381	0
5382	2
5383	1
5384	5
5385	5
5386	3
5387	2
5388	3
5389	1
5390	3
5391	2
5392	2
5393	4
5394	1
5395	3
5396	2
5397	0
5398	4
5399	3
5400	3
5401	5
5402	1
5403	2
5404	1
5405	3
5406	4
5407	2
5408	3
5409	2
5410	3
5411	4
5412	2
5413	1
5414	2
5415	1
5416	2
5417	1
5418	1
5419	1
5420	3
5421	3
5422	0
5423	6
5424	4
5425	2
5426	3
5427	3
5428	4
5429	2
5430	2
5431	3
5432	1
5433	0
5434	3
5435	0
5436	3
5437	2
5438	2
5439	3
5440	2
5441	2
5442	3
5443	1
5444	1
5445	3
5446	4
5447	6
5448	4
5449	2
5450	2
5451	0
5452	1
5453	4
5454	1
5455	2
5456	0
5457	3
5458	1
5459	3
5460	2
5461	4
5462	4
5463	1
5464	2
5465	1
5466	3
5467	2
5468	7
5469	3
5470	4
5471	1
5472	6
5473	3
5474	3
5475	3
5476	2
5477	2
5478	3
5479	2
5480	3
5481	5
5482	1
5483	2
5484	0
5485	6
5486	2
5487	0
5488	1
5489	1
5490	0
5491	4
5492	3
5493	0
5494	4
5495	3
5496	1
5497	0
5498	2
5499	0
5500	1
5501	4
5502	0
5503	2
5504	0
5505	4
5506	2
5507	2
5508	2
5509	3
5510	3
5511	1
5512	3
5513	3
5514	4
5515	4
5516	3
5517	3
5518	3
5519	3
5520	1
5521	3
5522	7
5523	4
5524	3
5525	1
5526	1
5527	2
5528	2
5529	2
5530	3
5531	1
5532	2
5533	3
5534	2
5535	0
5536	7
5537	4
5538	3
5539	3
5540	2
5541	4
5542	3
5543	7
5544	3
5545	3
5546	2
5547	3
5548	3
5549	0
5550	3
5551	1
5552	3
5553	3
5554	2
5555	4
5556	1
5557	2
5558	2
5559	2
5560	7
5561	0
5562	4
5563	1
5564	2
5565	3
5566	5
5567	2
5568	2
5569	3
5570	2
5571	4
5572	2
5573	2
5574	4
5575	5
5576	2
5577	1
5578	5
5579	1
5580	2
5581	3
5582	7
5583	3
5584	3
5585	5
5586	4
5587	2
5588	4
5589	2
5590	3
5591	1
5592	1
5593	4
5594	4
5595	3
5596	1
5597	2
5598	0
5599	2
5600	4
5601	2
5602	0
5603	3
5604	3
5605	4
5606	0
5607	6
5608	2
5609	2
5610	3
5611	3
5612	1
5613	2
5614	1
5615	4
5616	1
5617	0
5618	4
5619	3
5620	1
5621	1
5622	4
5623	1
5624	1
5625	6
5626	1
5627	0
5628	4
5629	1
5630	3
5631	1
5632	1
5633	1
5634	5
5635	2
5636	2
5637	6
5638	3
5639	1
5640	1
5641	2
5642	4
5643	2
5644	0
5645	3
5646	0
5647	0
5648	0
5649	2
5650	4
5651	3
5652	3
5653	3
5654	1
5655	0
5656	2
5657	3
5658	3
5659	2
5660	3
5661	2
5662	1
5663	0
5664	3
5665	3
5666	0
5667	1
5668	1
5669	4
5670	2
5671	0
5672	1
5673	5
5674	1
5675	1
5676	2
5677	1
5678	1
5679	1
5680	2
5681	1
5682	4
5683	5
5684	3
5685	6
5686	1
5687	2
5688	1
5689	1
5690	2
5691	2
5692	3
5693	4
5694	2
5695	4
5696	4
5697	1
5698	1
5699	1
5700	3
5701	2
5702	3
5703	2
5704	2
5705	6
5706	3
5707	2
5708	1
5709	0
5710	2
5711	1
5712	3
5713	2
5714	1
5715	2
5716	1
5717	0
5718	2
5719	2
5720	0
5721	2
5722	4
5723	2
5724	0
5725	2
5726	5
5727	2
5728	0
5729	5
5730	3
5731	3
5732	1
5733	3
5734	1
5735	3
5736	5
5737	3
5738	2
5739	3
5740	5
5741	4
5742	2
5743	2
5744	2
5745	2
5746	4
5747	2
5748	2
5749	3
5750	2
5751	0
5752	0
5753	0
5754	4
5755	2
5756	1
5757	0
5758	2
5759	3
5760	4
5761	5
5762	1
5763	5
5764	6
5765	1
5766	5
5767	0
5768	3
5769	3
5770	4
5771	3
5772	2
5773	1
5774	3
5775	5
5776	4
5777	4
5778	1
5779	3
5780	2
5781	1
5782	3
5783	3
5784	4
5785	1
5786	3
5787	2
5788	2
5789	2
5790	1
5791	2
5792	2
5793	3
5794	0
5795	1
5796	2
5797	4
5798	2
5799	2
5800	3
5801	1
5802	1
5803	4
5804	2
5805	1
5806	4
5807	1
5808	3
5809	3
5810	3
5811	4
5812	2
5813	0
5814	0
5815	2
5816	5
5817	3
5818	3
5819	1
5820	2
5821	0
5822	4
5823	5
5824	2
5825	1
5826	2
5827	0
5828	4
5829	3
5830	3
5831	3
5832	5
5833	2
5834	4
5835	1
5836	2
5837	2
5838	0
5839	1
5840	3
5841	5
5842	3
5843	2
5844	1
5845	4
5846	1
5847	1
5848	3
5849	4
5850	2
5851	4
5852	1
5853	2
5854	4
5855	1
5856	3
5857	1
5858	4
5859	0
5860	1
5861	2
5862	3
5863	2
5864	3
5865	1
5866	6
5867	2
5868	2
5869	2
5870	2
5871	3
5872	2
5873	1
5874	2
5875	3
5876	3
5877	3
5878	3
5879	4
5880	0
5881	1
5882	1
5883	1
5884	2
5885	3
5886	3
5887	1
5888	3
5889	3
5890	2
5891	2
5892	1
5893	1
5894	2
5895	3
5896	2
5897	2
5898	1
5899	1
5900	2
5901	2
5902	0
5903	2
5904	3
5905	0
5906	2
5907	0
5908	1
5909	2
5910	1
5911	5
5912	3
5913	2
5914	3
5915	3
5916	0
5917	4
5918	3
5919	5
5920	5
5921	1
5922	1
5923	4
5924	3
5925	3
5926	1
5927	4
5928	2
5929	2
5930	4
5931	0
5932	1
5933	2
5934	3
5935	1
5936	6
5937	2
5938	2
5939	2
5940	1
5941	2
5942	1
5943	2
5944	0
5945	2
5946	1
5947	3
5948	2
5949	2
5950	1
5951	3
5952	3
5953	3
5954	1
5955	1
5956	2
5957	3
5958	2
5959	2
5960	4
5961	2
5962	2
5963	1
5964	2
5965	3
5966	3
5967	3
5968	4
5969	0
5970	1
5971	1
5972	2
5973	2
5974	0
5975	1
5976	2
5977	4
5978	2
5979	3
5980	2
5981	3
5982	2
5983	2
5984	2
5985	1
5986	2
5987	4
5988	2
5989	0
5990	3
5991	2
5992	5
5993	1
5994	0
5995	0
5996	3
5997	2
5998	3
5999	4
6000	1
6001	6
6002	1
6003	5
6004	1
6005	5
6006	3
6007	4
6008	2
6009	2
6010	2
6011	3
6012	3
6013	2
6014	1
6015	3
6016	3
6017	1
6018	1
6019	3
6020	0
6021	3
6022	3
6023	5
6024	7
6025	3
6026	4
6027	4
6028	3
6029	4
6030	4
6031	0
6032	2
6033	3
6034	1
6035	2
6036	0
6037	2
6038	1
6039	0
6040	4
6041	3
6042	2
6043	6
6044	1
6045	3
6046	4
6047	3
6048	0
6049	2
6050	8
6051	0
6052	2
6053	0
6054	0
6055	2
6056	2
6057	3
6058	5
6059	4
6060	5
6061	4
6062	3
6063	2
6064	2
6065	3
6066	5
6067	2
6068	2
6069	3
6070	4
6071	2
6072	2
6073	0
6074	2
6075	2
6076	3
6077	0
6078	4
6079	2
6080	1
6081	2
6082	1
6083	4
6084	2
6085	1
6086	2
6087	1
6088	2
6089	3
6090	4
6091	2
6092	2
6093	4
6094	5
6095	5
6096	2
6097	3
6098	6
6099	6
6100	4
6101	1
6102	1
6103	3
6104	2
6105	1
6106	2
6107	4
6108	0
6109	0
6110	1
6111	1
6112	0
6113	2
6114	4
6115	2
6116	2
6117	2
6118	3
6119	4
6120	3
6121	1
6122	2
6123	1
6124	1
6125	2
6126	3
6127	2
6128	2
6129	1
6130	0
6131	5
6132	2
6133	1
6134	2
6135	2
6136	3
6137	3
6138	3
6139	1
6140	1
6141	3
6142	0
6143	1
6144	1
6145	2
6146	1
6147	2
6148	6
6149	1
6150	3
6151	3
6152	2
6153	4
6154	2
6155	2
6156	3
6157	3
6158	3
6159	2
6160	2
6161	1
6162	6
6163	2
6164	3
6165	4
6166	2
6167	2
6168	1
6169	2
6170	3
6171	3
6172	3
6173	1
6174	3
6175	1
6176	0
6177	1
6178	2
6179	1
6180	2
6181	1
6182	3
6183	1
6184	3
6185	4
6186	2
6187	0
6188	4
6189	1
6190	5
6191	5
6192	4
6193	2
6194	1
6195	3
6196	2
6197	0
6198	1
6199	2
6200	2
6201	2
6202	2
6203	2
6204	5
6205	7
6206	2
6207	3
6208	3
6209	1
6210	2
6211	0
6212	2
6213	3
6214	0
6215	3
6216	1
6217	0
6218	2
6219	3
6220	2
6221	4
6222	5
6223	2
6224	2
6225	2
6226	1
6227	3
6228	1
6229	2
6230	4
6231	1
6232	1
6233	2
6234	1
6235	1
6236	2
6237	3
6238	0
6239	3
6240	1
6241	1
6242	0
6243	2
6244	2
6245	3
6246	0
6247	2
6248	3
6249	3
6250	5
6251	1
6252	3
6253	1
6254	1
6255	2
6256	3
6257	1
6258	3
6259	1
6260	1
6261	3
6262	1
6263	4
6264	2
6265	2
6266	2
6267	2
6268	3
6269	2
6270	2
6271	2
6272	3
6273	2
6274	4
6275	2
6276	1
6277	3
6278	0
6279	3
6280	1
6281	1
6282	1
6283	1
6284	1
6285	1
6286	3
6287	1
6288	1
6289	0
6290	2
6291	4
6292	3
6293	2
6294	4
6295	2
6296	3
6297	3
6298	2
6299	0
6300	1
6301	1
6302	0
6303	1
6304	5
6305	2
6306	1
6307	1
6308	2
6309	1
6310	3
6311	1
6312	1
6313	0
6314	2
6315	0
6316	2
6317	5
6318	3
6319	0
6320	0
6321	0
6322	6
6323	0
6324	2
6325	4
6326	2
6327	2
6328	3
6329	4
6330	2
6331	1
6332	4
6333	1
6334	4
6335	1
6336	2
6337	2
6338	2
6339	2
6340	1
6341	0
6342	2
6343	4
6344	1
6345	2
6346	3
6347	2
6348	3
6349	8
6350	3
6351	0
6352	4
6353	5
6354	1
6355	3
6356	3
6357	1
6358	3
6359	3
6360	1
6361	7
6362	3
6363	5
6364	0
6365	1
6366	1
6367	1
6368	2
6369	0
6370	3
6371	1
6372	3
6373	2
6374	1
6375	1
6376	2
6377	1
6378	1
6379	3
6380	1
6381	5
6382	3
6383	0
6384	2
6385	4
6386	6
6387	2
6388	1
6389	3
6390	3
6391	3
6392	1
6393	2
6394	2
6395	0
6396	4
6397	1
6398	3
6399	6
6400	2
6401	2
6402	1
6403	2
6404	1
6405	2
6406	1
6407	1
6408	3
6409	1
6410	0
6411	3
6412	3
6413	3
6414	1
6415	0
6416	2
6417	1
6418	0
6419	3
6420	0
6421	2
6422	2
6423	3
6424	2
6425	2
6426	2
6427	1
6428	1
6429	4
6430	1
6431	3
6432	2
6433	2
6434	4
6435	2
6436	4
6437	4
6438	1
6439	4
6440	3
6441	1
6442	1
6443	1
6444	2
6445	2
6446	2
6447	3
6448	0
6449	1
6450	3
6451	2
6452	0
6453	2
6454	3
6455	0
6456	2
6457	2
6458	2
6459	1
6460	3
6461	2
6462	2
6463	6
6464	4
6465	1
6466	3
6467	2
6468	0
6469	0
6470	0
6471	6
6472	2
6473	2
6474	0
6475	2
6476	0
6477	3
6478	3
6479	4
6480	0
6481	4
6482	2
6483	4
6484	2
6485	4
6486	5
6487	4
6488	2
6489	4
6490	3
6491	2
6492	3
6493	1
6494	5
6495	5
6496	4
6497	1
6498	2
6499	5
6500	0
6501	2
6502	3
6503	3
6504	1
6505	6
6506	1
6507	2
6508	0
6509	4
6510	4
6511	1
6512	4
6513	0
6514	4
6515	2
6516	2
6517	3
6518	2
6519	0
6520	1
6521	2
6522	0
6523	1
6524	3
6525	6
6526	1
6527	1
6528	1
6529	1
6530	4
6531	1
6532	1
6533	2
6534	2
6535	0
6536	1
6537	0
6538	1
6539	2
6540	1
6541	2
6542	0
6543	2
6544	5
6545	1
6546	0
6547	2
6548	0
6549	2
6550	2
6551	0
6552	3
6553	2
6554	2
6555	1
6556	2
6557	0
6558	1
6559	2
6560	2
6561	1
6562	3
6563	5
6564	0
6565	1
6566	2
6567	3
6568	1
6569	1
6570	0
6571	2
6572	4
6573	6
6574	2
6575	1
6576	1
6577	3
6578	1
6579	4
6580	0
6581	1
6582	2
6583	0
6584	1
6585	2
6586	0
6587	4
6588	2
6589	0
6590	0
6591	1
6592	4
6593	4
6594	1
6595	0
6596	1
6597	1
6598	5
6599	1
6600	1
6601	4
6602	2
6603	1
6604	3
6605	2
6606	3
6607	0
6608	0
6609	0
6610	4
6611	4
6612	1
6613	4
6614	4
6615	5
6616	1
6617	2
6618	3
6619	2
6620	0
6621	2
6622	1
6623	1
6624	1
6625	1
6626	0
6627	3
6628	3
6629	2
6630	3
6631	1
6632	1
6633	3
6634	3
6635	1
6636	4
6637	3
6638	2
6639	3
6640	2
6641	2
6642	4
6643	1
6644	1
6645	6
6646	2
6647	2
6648	4
6649	3
6650	3
6651	2
6652	3
6653	4
6654	2
6655	5
6656	3
6657	2
6658	2
6659	0
6660	0
6661	2
6662	0
6663	1
6664	0
6665	1
6666	3
6667	1
6668	1
6669	1
6670	2
6671	4
6672	1
6673	1
6674	2
6675	2
6676	1
6677	5
6678	1
6679	3
6680	2
6681	0
6682	1
6683	0
6684	1
6685	2
6686	2
6687	4
6688	0
6689	5
6690	2
6691	5
6692	3
6693	5
6694	1
6695	0
6696	2
6697	1
6698	0
6699	0
6700	0
6701	2
6702	2
6703	4
6704	2
6705	3
6706	2
6707	3
6708	0
6709	6
6710	1
6711	2
6712	1
6713	0
6714	3
6715	0
6716	2
6717	4
6718	1
6719	1
6720	0
6721	2
6722	1
6723	3
6724	0
6725	1
6726	1
6727	3
6728	1
6729	2
6730	0
6731	1
6732	0
6733	1
6734	4
6735	1
6736	3
6737	3
6738	0
6739	1
6740	1
6741	1
6742	1
6743	2
6744	0
6745	1
6746	2
6747	3
6748	2
6749	0
6750	3
6751	0
6752	2
6753	1
6754	1
6755	3
6756	1
6757	1
6758	1
6759	2
6760	2
6761	1
6762	2
6763	3
6764	1
6765	1
6766	3
6767	3
6768	1
6769	1
6770	2
6771	1
6772	3
6773	0
6774	3
6775	2
6776	0
6777	4
6778	4
6779	3
6780	2
6781	4
6782	1
6783	1
6784	6
6785	4
6786	1
6787	1
6788	1
6789	2
6790	0
6791	1
6792	2
6793	2
6794	0
6795	4
6796	4
6797	1
6798	3
6799	0
6800	3
6801	3
6802	3
6803	2
6804	2
6805	5
6806	3
6807	2
6808	2
6809	3
6810	0
6811	1
6812	2
6813	2
6814	3
6815	2
6816	0
6817	1
6818	3
6819	3
6820	3
6821	4
6822	2
6823	2
6824	0
6825	2
6826	4
6827	1
6828	2
6829	1
6830	3
6831	2
6832	3
6833	2
6834	2
6835	2
6836	0
6837	2
6838	2
6839	0
6840	2
6841	3
6842	0
6843	3
6844	1
6845	5
6846	1
6847	4
6848	7
6849	2
6850	4
6851	1
6852	4
6853	5
6854	2
6855	1
6856	2
6857	1
6858	3
6859	0
6860	1
6861	1
6862	0
6863	3
6864	0
6865	1
6866	6
6867	1
6868	2
6869	2
6870	3
6871	1
6872	3
6873	0
6874	1
6875	0
6876	4
6877	2
6878	2
6879	1
6880	1
6881	3
6882	1
6883	3
6884	2
6885	1
6886	3
6887	4
6888	8
6889	1
6890	2
6891	0
6892	2
6893	3
6894	3
6895	1
6896	1
6897	5
6898	2
6899	0
6900	2
6901	1
6902	2
6903	1
6904	1
6905	0
6906	0
6907	3
6908	2
6909	1
6910	0
6911	1
6912	2
6913	1
6914	2
6915	0
6916	0
6917	0
6918	0
6919	2
6920	0
6921	0
6922	3
6923	0
6924	3
6925	0
6926	3
6927	2
6928	2
6929	1
6930	1
6931	1
6932	5
6933	1
6934	4
6935	2
6936	2
6937	2
6938	2
6939	2
6940	1
6941	3
6942	2
6943	2
6944	3
6945	4
6946	1
6947	2
6948	1
6949	5
6950	2
6951	0
6952	3
6953	5
6954	1
6955	1
6956	1
6957	1
6958	1
6959	3
6960	1
6961	2
6962	2
6963	1
6964	2
6965	1
6966	1
6967	3
6968	1
6969	2
6970	1
6971	2
6972	2
6973	3
6974	1
6975	2
6976	4
6977	2
6978	0
6979	2
6980	1
6981	2
6982	5
6983	1
6984	1
6985	1
6986	0
6987	2
6988	1
6989	3
6990	0
6991	1
6992	0
6993	1
6994	2
6995	2
6996	1
6997	3
6998	0
6999	3
7000	0
7001	2
7002	1
7003	0
7004	1
7005	3
7006	4
7007	2
7008	4
7009	0
7010	0
7011	4
7012	1
7013	1
7014	3
7015	3
7016	2
7017	1
7018	0
7019	0
7020	3
7021	5
7022	3
7023	1
7024	1
7025	1
7026	1
7027	1
7028	1
7029	4
7030	0
7031	1
7032	2
7033	1
7034	0
7035	0
7036	1
7037	2
7038	4
7039	0
7040	2
7041	1
7042	0
7043	2
7044	2
7045	2
7046	0
7047	2
7048	1
7049	0
7050	1
7051	2
7052	1
7053	0
7054	3
7055	3
7056	2
7057	1
7058	1
7059	1
7060	1
7061	4
7062	3
7063	2
7064	3
7065	1
7066	3
7067	0
7068	2
7069	1
7070	0
7071	0
7072	3
7073	1
7074	1
7075	2
7076	2
7077	3
7078	1
7079	1
7080	1
7081	0
7082	3
7083	1
7084	2
7085	0
7086	3
7087	1
7088	2
7089	4
7090	2
7091	3
7092	1
7093	2
7094	1
7095	0
7096	1
7097	2
7098	3
7099	2
7100	2
7101	2
7102	3
7103	0
7104	1
7105	0
7106	2
7107	1
7108	3
7109	2
7110	1
7111	3
7112	1
7113	4
7114	3
7115	2
7116	1
7117	1
7118	0
7119	2
7120	2
7121	3
7122	1
7123	1
7124	2
7125	2
7126	2
7127	0
7128	1
7129	3
7130	1
7131	0
7132	1
7133	4
7134	0
7135	1
7136	3
7137	1
7138	0
7139	2
7140	3
7141	0
7142	2
7143	3
7144	3
7145	1
7146	2
7147	6
7148	1
7149	1
7150	3
7151	3
7152	2
7153	0
7154	1
7155	0
7156	0
7157	1
7158	1
7159	4
7160	2
7161	2
7162	1
7163	0
7164	1
7165	2
7166	2
7167	0
7168	2
7169	1
7170	2
7171	4
7172	2
7173	2
7174	1
7175	1
7176	0
7177	1
7178	1
7179	3
7180	3
7181	1
7182	1
7183	2
7184	2
7185	5
7186	2
7187	0
7188	3
7189	4
7190	2
7191	2
7192	3
7193	4
7194	5
7195	3
7196	1
7197	1
7198	4
7199	3
7200	3
7201	3
7202	2
7203	2
7204	3
7205	3
7206	3
7207	2
7208	5
7209	1
7210	2
7211	1
7212	1
7213	1
7214	3
7215	3
7216	3
7217	0
7218	3
7219	0
7220	0
7221	1
7222	3
7223	3
7224	2
7225	0
7226	1
7227	1
7228	1
7229	5
7230	0
7231	4
7232	2
7233	0
7234	1
7235	0
7236	3
7237	1
7238	2
7239	3
7240	1
7241	2
7242	1
7243	4
7244	2
7245	2
7246	2
7247	3
7248	1
7249	2
7250	1
7251	2
7252	2
7253	0
7254	1
7255	2
7256	1
7257	1
7258	2
7259	1
7260	1
7261	1
7262	2
7263	1
7264	2
7265	3
7266	1
7267	2
7268	1
7269	1
7270	1
7271	2
7272	0
7273	0
7274	3
7275	0
7276	1
7277	1
7278	0
7279	0
7280	2
7281	4
7282	2
7283	2
7284	1
7285	2
7286	1
7287	3
7288	2
7289	0
7290	3
7291	1
7292	2
7293	3
7294	0
7295	2
7296	2
7297	2
7298	1
7299	3
7300	0
7301	2
7302	1
7303	1
7304	2
7305	2
7306	1
7307	3
7308	2
7309	2
7310	1
7311	0
7312	2
7313	1
7314	1
7315	2
7316	1
7317	2
7318	0
7319	3
7320	3
7321	0
7322	2
7323	2
7324	2
7325	1
7326	2
7327	0
7328	2
7329	3
7330	0
7331	5
7332	3
7333	3
7334	4
7335	2
7336	1
7337	2
7338	0
7339	1
7340	1
7341	0
7342	2
7343	1
7344	2
7345	3
7346	1
7347	4
7348	2
7349	3
7350	1
7351	2
7352	3
7353	1
7354	0
7355	3
7356	1
7357	3
7358	1
7359	2
7360	0
7361	2
7362	2
7363	2
7364	2
7365	3
7366	3
7367	0
7368	2
7369	2
7370	3
7371	2
7372	0
7373	0
7374	2
7375	3
7376	1
7377	0
7378	1
7379	2
7380	3
7381	1
7382	1
7383	1
7384	0
7385	1
7386	1
7387	2
7388	1
7389	0
7390	6
7391	1
7392	1
7393	2
7394	0
7395	1
7396	2
7397	0
7398	1
7399	1
7400	0
7401	4
7402	1
7403	1
7404	5
7405	3
7406	2
7407	1
7408	2
7409	2
7410	3
7411	2
7412	0
7413	0
7414	3
7415	0
7416	4
7417	1
7418	3
7419	1
7420	1
7421	1
7422	1
7423	1
7424	1
7425	1
7426	0
7427	1
7428	3
7429	2
7430	1
7431	4
7432	1
7433	1
7434	3
7435	2
7436	5
7437	1
7438	1
7439	2
7440	4
7441	3
7442	3
7443	2
7444	2
7445	3
7446	0
7447	5
7448	3
7449	0
7450	2
7451	1
7452	1
7453	1
7454	4
7455	2
7456	0
7457	0
7458	1
7459	0
7460	4
7461	4
7462	5
7463	3
7464	3
7465	3
7466	1
7467	2
7468	3
7469	1
7470	2
7471	2
7472	2
7473	2
7474	1
7475	1
7476	5
7477	2
7478	1
7479	1
7480	2
7481	2
7482	3
7483	1
7484	1
7485	4
7486	0
7487	3
7488	3
7489	3
7490	2
7491	1
7492	4
7493	3
7494	1
7495	3
7496	2
7497	1
7498	4
7499	2
7500	1
7501	2
7502	5
7503	2
7504	1
7505	4
7506	0
7507	4
7508	0
7509	0
7510	3
7511	0
7512	2
7513	2
7514	2
7515	0
7516	1
7517	1
7518	2
7519	3
7520	4
7521	0
7522	2
7523	1
7524	1
7525	2
7526	2
7527	1
7528	3
7529	1
7530	2
7531	1
7532	3
7533	0
7534	1
7535	3
7536	2
7537	1
7538	0
7539	2
7540	3
7541	0
7542	2
7543	2
7544	4
7545	1
7546	0
7547	0
7548	3
7549	0
7550	0
7551	2
7552	0
7553	3
7554	1
7555	0
7556	1
7557	5
7558	1
7559	2
7560	1
7561	0
7562	1
7563	1
7564	0
7565	1
7566	3
7567	2
7568	3
7569	0
7570	3
7571	2
7572	2
7573	3
7574	2
7575	1
7576	2
7577	1
7578	1
7579	2
7580	4
7581	1
7582	1
7583	3
7584	1
7585	2
7586	2
7587	4
7588	1
7589	2
7590	2
7591	3
7592	1
7593	1
7594	2
7595	3
7596	1
7597	3
7598	0
7599	0
7600	2
7601	2
7602	2
7603	4
7604	0
7605	3
7606	0
7607	3
7608	5
7609	4
7610	5
7611	3
7612	0
7613	4
7614	1
7615	1
7616	1
7617	0
7618	2
7619	2
7620	2
7621	4
7622	1
7623	3
7624	2
7625	0
7626	2
7627	2
7628	2
7629	1
7630	2
7631	2
7632	0
7633	1
7634	0
7635	2
7636	3
7637	2
7638	0
7639	3
7640	2
7641	4
7642	3
7643	4
7644	1
7645	1
7646	2
7647	4
7648	0
7649	2
7650	3
7651	1
7652	2
7653	3
7654	1
7655	3
7656	2
7657	2
7658	4
7659	4
7660	0
7661	4
7662	1
7663	2
7664	2
7665	0
7666	1
7667	2
7668	4
7669	1
7670	0
7671	4
7672	2
7673	2
7674	1
7675	1
7676	2
7677	5
7678	1
7679	1
7680	0
7681	2
7682	1
7683	3
7684	1
7685	2
7686	1
7687	3
7688	3
7689	0
7690	0
7691	3
7692	1
7693	3
7694	0
7695	1
7696	3
7697	4
7698	2
7699	1
7700	2
7701	4
7702	4
7703	1
7704	2
7705	3
7706	2
7707	3
7708	1
7709	1
7710	1
7711	3
7712	2
7713	2
7714	2
7715	0
7716	2
7717	1
7718	1
7719	1
7720	0
7721	2
7722	1
7723	4
7724	5
7725	2
7726	2
7727	2
7728	3
7729	1
7730	2
7731	2
7732	3
7733	0
7734	1
7735	3
7736	2
7737	2
7738	2
7739	4
7740	2
7741	2
7742	0
7743	2
7744	1
7745	1
7746	2
7747	1
7748	0
7749	2
7750	2
7751	1
7752	1
7753	2
7754	0
7755	2
7756	0
7757	0
7758	2
7759	5
7760	2
7761	2
7762	4
7763	1
7764	1
7765	5
7766	2
7767	0
7768	4
7769	1
7770	1
7771	0
7772	4
7773	0
7774	6
7775	2
7776	0
7777	3
7778	1
7779	1
7780	5
7781	3
7782	1
7783	3
7784	1
7785	0
7786	1
7787	2
7788	1
7789	8
7790	2
7791	0
7792	1
7793	3
7794	0
7795	1
7796	0
7797	2
7798	2
7799	2
7800	5
7801	2
7802	2
7803	3
7804	3
7805	6
7806	3
7807	0
7808	4
7809	1
7810	4
7811	2
7812	1
7813	2
7814	3
7815	2
7816	0
7817	3
7818	1
7819	3
7820	3
7821	2
7822	1
7823	1
7824	1
7825	1
7826	0
7827	4
7828	1
7829	2
7830	4
7831	2
7832	2
7833	0
7834	4
7835	1
7836	0
7837	1
7838	2
7839	2
7840	4
7841	1
7842	2
7843	1
7844	1
7845	1
7846	4
7847	2
7848	6
7849	5
7850	1
7851	4
7852	2
7853	2
7854	3
7855	2
7856	1
7857	1
7858	1
7859	4
7860	2
7861	3
7862	4
7863	1
7864	3
7865	1
7866	3
7867	1
7868	3
7869	3
7870	3
7871	0
7872	2
7873	2
7874	1
7875	2
7876	1
7877	4
7878	1
7879	0
7880	3
7881	0
7882	0
7883	2
7884	1
7885	5
7886	1
7887	2
7888	1
7889	3
7890	3
7891	4
7892	1
7893	1
7894	0
7895	5
7896	0
7897	3
7898	1
7899	2
7900	2
7901	1
7902	1
7903	1
7904	4
7905	1
7906	1
7907	3
7908	1
7909	1
7910	2
7911	2
7912	2
7913	3
7914	1
7915	1
7916	3
7917	1
7918	2
7919	0
7920	1
7921	0
7922	0
7923	1
7924	5
7925	0
7926	2
7927	4
7928	0
7929	0
7930	0
7931	3
7932	1
7933	2
7934	2
7935	2
7936	1
7937	1
7938	2
7939	1
7940	2
7941	3
7942	0
7943	2
7944	0
7945	1
7946	1
7947	1
7948	1
7949	1
7950	0
7951	2
7952	2
7953	2
7954	0
7955	1
7956	2
7957	1
7958	2
7959	0
7960	3
7961	0
7962	1
7963	0
7964	2
7965	0
7966	0
7967	2
7968	0
7969	2
7970	2
7971	2
7972	1
7973	2
7974	3
7975	0
7976	2
7977	2
7978	1
7979	3
7980	4
7981	2
7982	3
7983	2
7984	1
7985	2
7986	1
7987	2
7988	1
7989	5
7990	1
7991	2
7992	0
7993	0
7994	2
7995	2
7996	2
7997	1
7998	2
7999	0
8000	0
8001	1
8002	0
8003	1
8004	2
8005	3
8006	2
8007	0
8008	0
8009	1
8010	2
8011	1
8012	0
8013	1
8014	4
8015	1
8016	6
8017	0
8018	0
8019	3
8020	0
8021	1
8022	1
8023	1
8024	1
8025	0
8026	3
8027	0
8028	3
8029	3
8030	2
8031	2
8032	2
8033	1
8034	1
8035	1
8036	1
8037	2
8038	0
8039	1
8040	2
8041	4
8042	3
8043	2
8044	1
8045	1
8046	3
8047	2
8048	4
8049	1
8050	0
8051	2
8052	1
8053	1
8054	2
8055	4
8056	1
8057	1
8058	0
8059	1
8060	2
8061	2
8062	3
8063	2
8064	0
8065	0
8066	0
8067	0
8068	0
8069	0
8070	0
8071	0
8072	0
8073	0
8074	0
8075	0
8076	0
8077	0
8078	0
8079	0
8080	0
8081	0
8082	0
8083	0
8084	0
8085	0
8086	0
8087	0
8088	0
8089	0
8090	0
8091	0
8092	0
8093	0
8094	0
8095	0
8096	0
8097	0
8098	0
8099	0
8100	0
8101	0
8102	0
8103	0
8104	0
8105	0
8106	0
8107	0
8108	0
8109	0
8110	0
8111	0
8112	0
8113	0
8114	0
8115	0
8116	0
8117	0
8118	0
8119	0
8120	0
8121	0
8122	0
8123	0
8124	0
8125	0
8126	0
8127	0
8128	0
8129	0
8130	0
8131	0
8132	0
8133	0
8134	0
8135	0
8136	0
8137	0
8138	0
8139	0
8140	0
8141	0
8142	0
8143	0
8144	0
8145	0
8146	0
8147	0
8148	0
8149	0
8150	0
8151	0
8152	0
8153	0
8154	0
8155	0
8156	0
8157	0
8158	0
8159	0
8160	0
8161	0
8162	0
8163	0
8164	0
8165	0
8166	0
8167	0
8168	0
8169	0
8170	0
8171	0
8172	0
8173	0
8174	0
8175	0
8176	0
8177	0
8178	0
8179	0
8180	0
8181	0
8182	0
8183	0
8184	0
8185	0
8186	0
8187	0
8188	0
8189	0
8190	0
8191	0
