-2	12794.64
-1	12799.02
0	0
1	0
2	0
3	0
4	0
5	0
6	0
7	0
8	0
9	0
10	0
11	0
12	0
13	0
14	0
15	0
16	0
17	0
18	0
19	0
20	0
21	0
22	0
23	0
24	0
25	0
26	0
27	0
28	0
29	0
30	0
31	0
32	0
33	0
34	0
35	0
36	0
37	0
38	0
39	0
40	0
41	0
42	0
43	0
44	0
45	0
46	0
47	0
48	0
49	9
50	52
51	77
52	92
53	105
54	116
55	121
56	122
57	148
58	130
59	112
60	128
61	117
62	134
63	120
64	116
65	99
66	121
67	150
68	115
69	112
70	116
71	130
72	125
73	149
74	111
75	108
76	119
77	105
78	137
79	126
80	109
81	129
82	114
83	121
84	116
85	118
86	119
87	99
88	109
89	125
90	120
91	107
92	138
93	145
94	163
95	138
96	126
97	123
98	119
99	130
100	131
101	129
102	138
103	129
104	135
105	142
106	121
107	157
108	148
109	158
110	163
111	139
112	157
113	144
114	168
115	169
116	175
117	168
118	189
119	169
120	160
121	173
122	177
123	179
124	178
125	188
126	160
127	184
128	213
129	189
130	205
131	202
132	188
133	201
134	210
135	217
136	203
137	206
138	226
139	203
140	221
141	201
142	216
143	214
144	221
145	199
146	189
147	224
148	229
149	225
150	217
151	236
152	225
153	234
154	243
155	248
156	261
157	235
158	243
159	212
160	250
161	244
162	254
163	221
164	218
165	223
166	212
167	231
168	252
169	238
170	242
171	238
172	215
173	245
174	249
175	278
176	263
177	241
178	245
179	240
180	260
181	266
182	247
183	274
184	240
185	242
186	237
187	246
188	236
189	214
190	219
191	271
192	248
193	235
194	232
195	251
196	271
197	253
198	230
199	226
200	252
201	234
202	233
203	262
204	239
205	266
206	235
207	242
208	261
209	254
210	253
211	271
212	250
213	253
214	233
215	248
216	266
217	225
218	232
219	259
220	250
221	224
222	253
223	234
224	213
225	236
226	222
227	216
228	222
229	237
230	238
231	213
232	213
233	238
234	208
235	246
236	243
237	255
238	240
239	226
240	243
241	232
242	204
243	213
244	223
245	219
246	200
247	215
248	204
249	227
250	252
251	194
252	208
253	218
254	204
255	210
256	207
257	203
258	193
259	188
260	230
261	176
262	214
263	229
264	225
265	222
266	216
267	173
268	179
269	182
270	220
271	190
272	162
273	191
274	185
275	195
276	193
277	203
278	196
279	162
280	179
281	188
282	184
283	158
284	183
285	186
286	169
287	173
288	184
289	185
290	178
291	190
292	178
293	173
294	158
295	168
296	163
297	166
298	147
299	155
300	155
301	173
302	170
303	175
304	168
305	152
306	164
307	135
308	142
309	164
310	175
311	172
312	150
313	154
314	162
315	178
316	172
317	165
318	137
319	146
320	170
321	177
322	134
323	141
324	131
325	136
326	153
327	157
328	161
329	132
330	162
331	133
332	160
333	135
334	148
335	135
336	125
337	150
338	137
339	149
340	153
341	144
342	120
343	138
344	124
345	129
346	122
347	130
348	128
349	128
350	118
351	135
352	117
353	147
354	133
355	143
356	129
357	132
358	142
359	116
360	126
361	140
362	136
363	143
364	119
365	115
366	113
367	112
368	104
369	115
370	119
371	145
372	111
373	141
374	134
375	134
376	138
377	136
378	123
379	131
380	124
381	114
382	127
383	105
384	116
385	109
386	93
387	131
388	135
389	148
390	140
391	117
392	113
393	94
394	133
395	107
396	109
397	116
398	98
399	113
400	119
401	118
402	123
403	104
404	101
405	92
406	78
407	117
408	121
409	111
410	98
411	94
412	117
413	97
414	111
415	101
416	89
417	110
418	102
419	98
420	106
421	90
422	115
423	88
424	94
425	94
426	114
427	104
428	105
429	100
430	107
431	84
432	92
433	95
434	85
435	106
436	93
437	105
438	100
439	88
440	97
441	92
442	86
443	92
444	100
445	73
446	85
447	106
448	76
449	93
450	92
451	80
452	104
453	92
454	99
455	79
456	73
457	97
458	105
459	81
460	83
461	67
462	83
463	90
464	78
465	77
466	89
467	74
468	86
469	89
470	74
471	79
472	86
473	63
474	97
475	82
476	81
477	80
478	96
479	88
480	83
481	79
482	69
483	91
484	72
485	72
486	82
487	76
488	99
489	71
490	91
491	66
492	77
493	76
494	87
495	70
496	83
497	68
498	84
499	78
500	80
501	84
502	77
503	100
504	90
505	84
506	81
507	83
508	80
509	68
510	76
511	76
512	101
513	55
514	68
515	70
516	71
517	80
518	85
519	81
520	63
521	65
522	70
523	72
524	79
525	70
526	73
527	73
528	55
529	65
530	69
531	80
532	73
533	63
534	76
535	69
536	66
537	68
538	74
539	74
540	72
541	84
542	72
543	88
544	70
545	86
546	68
547	83
548	72
549	62
550	59
551	62
552	59
553	67
554	60
555	60
556	87
557	66
558	56
559	69
560	69
561	102
562	94
563	132
564	159
565	195
566	158
567	165
568	127
569	84
570	75
571	76
572	54
573	49
574	58
575	63
576	68
577	76
578	53
579	59
580	51
581	68
582	78
583	59
584	64
585	60
586	55
587	54
588	55
589	62
590	58
591	55
592	66
593	45
594	64
595	64
596	59
597	61
598	50
599	58
600	53
601	61
602	58
603	74
604	47
605	52
606	54
607	57
608	53
609	65
610	45
611	63
612	72
613	48
614	70
615	53
616	53
617	56
618	47
619	55
620	37
621	49
622	53
623	58
624	79
625	60
626	47
627	55
628	61
629	61
630	58
631	56
632	53
633	49
634	57
635	49
636	49
637	59
638	58
639	48
640	38
641	58
642	58
643	92
644	83
645	96
646	75
647	61
648	70
649	57
650	39
651	42
652	61
653	60
654	51
655	32
656	43
657	48
658	51
659	54
660	49
661	57
662	43
663	55
664	49
665	63
666	54
667	45
668	60
669	42
670	59
671	51
672	75
673	100
674	118
675	72
676	65
677	50
678	37
679	54
680	53
681	53
682	50
683	41
684	40
685	47
686	49
687	46
688	53
689	49
690	41
691	43
692	44
693	58
694	44
695	56
696	50
697	41
698	44
699	47
700	50
701	42
702	48
703	44
704	54
705	30
706	39
707	44
708	39
709	38
710	49
711	37
712	45
713	43
714	26
715	42
716	42
717	36
718	49
719	41
720	34
721	47
722	46
723	40
724	34
725	54
726	48
727	51
728	36
729	37
730	47
731	35
732	39
733	39
734	48
735	55
736	40
737	45
738	32
739	49
740	52
741	47
742	39
743	53
744	54
745	43
746	48
747	45
748	40
749	35
750	39
751	41
752	39
753	54
754	30
755	51
756	41
757	44
758	39
759	40
760	45
761	52
762	44
763	40
764	34
765	44
766	37
767	41
768	41
769	47
770	41
771	46
772	28
773	41
774	51
775	45
776	52
777	44
778	45
779	50
780	52
781	36
782	37
783	48
784	34
785	37
786	34
787	34
788	42
789	37
790	30
791	44
792	38
793	52
794	26
795	38
796	31
797	39
798	24
799	38
800	44
801	43
802	40
803	41
804	48
805	46
806	40
807	37
808	42
809	31
810	35
811	40
812	35
813	37
814	44
815	43
816	32
817	42
818	40
819	35
820	37
821	33
822	45
823	41
824	39
825	17
826	34
827	28
828	28
829	33
830	36
831	34
832	34
833	46
834	43
835	48
836	33
837	38
838	29
839	38
840	26
841	37
842	37
843	33
844	36
845	39
846	27
847	33
848	32
849	36
850	36
851	46
852	40
853	41
854	36
855	33
856	30
857	27
858	30
859	21
860	25
861	25
862	29
863	31
864	24
865	34
866	31
867	34
868	40
869	37
870	31
871	44
872	37
873	23
874	38
875	34
876	34
877	46
878	39
879	45
880	46
881	29
882	27
883	32
884	31
885	28
886	48
887	34
888	34
889	36
890	26
891	27
892	32
893	28
894	33
895	33
896	41
897	35
898	31
899	35
900	28
901	23
902	29
903	28
904	34
905	35
906	32
907	32
908	38
909	47
910	33
911	20
912	31
913	31
914	29
915	26
916	30
917	33
918	35
919	36
920	38
921	28
922	32
923	34
924	26
925	40
926	32
927	33
928	41
929	25
930	29
931	33
932	27
933	28
934	23
935	26
936	35
937	30
938	30
939	28
940	35
941	28
942	28
943	27
944	31
945	26
946	24
947	31
948	33
949	32
950	27
951	27
952	34
953	40
954	30
955	32
956	28
957	25
958	26
959	35
960	23
961	34
962	31
963	27
964	31
965	33
966	29
967	24
968	32
969	29
970	27
971	31
972	29
973	23
974	30
975	32
976	38
977	20
978	22
979	28
980	25
981	28
982	25
983	30
984	28
985	31
986	29
987	25
988	31
989	22
990	19
991	23
992	37
993	29
994	28
995	24
996	32
997	32
998	38
999	35
1000	25
1001	22
1002	32
1003	32
1004	31
1005	49
1006	69
1007	90
1008	62
1009	35
1010	37
1011	32
1012	25
1013	19
1014	25
1015	31
1016	25
1017	31
1018	30
1019	30
1020	23
1021	20
1022	30
1023	27
1024	25
1025	32
1026	21
1027	26
1028	22
1029	34
1030	23
1031	29
1032	31
1033	29
1034	21
1035	23
1036	23
1037	18
1038	20
1039	24
1040	20
1041	32
1042	23
1043	19
1044	26
1045	18
1046	18
1047	26
1048	24
1049	29
1050	36
1051	32
1052	35
1053	32
1054	29
1055	30
1056	30
1057	17
1058	29
1059	24
1060	29
1061	25
1062	23
1063	35
1064	28
1065	41
1066	44
1067	33
1068	30
1069	34
1070	48
1071	55
1072	50
1073	38
1074	22
1075	26
1076	24
1077	37
1078	25
1079	16
1080	21
1081	22
1082	34
1083	26
1084	27
1085	17
1086	22
1087	24
1088	29
1089	20
1090	26
1091	23
1092	27
1093	28
1094	19
1095	19
1096	24
1097	25
1098	19
1099	24
1100	27
1101	24
1102	27
1103	19
1104	20
1105	42
1106	25
1107	26
1108	32
1109	19
1110	26
1111	18
1112	27
1113	21
1114	18
1115	21
1116	17
1117	20
1118	22
1119	25
1120	20
1121	33
1122	21
1123	25
1124	34
1125	23
1126	19
1127	16
1128	30
1129	26
1130	15
1131	13
1132	21
1133	25
1134	26
1135	23
1136	27
1137	26
1138	24
1139	21
1140	23
1141	22
1142	26
1143	28
1144	12
1145	18
1146	21
1147	26
1148	25
1149	17
1150	24
1151	25
1152	27
1153	18
1154	28
1155	11
1156	27
1157	24
1158	16
1159	14
1160	25
1161	27
1162	32
1163	22
1164	25
1165	16
1166	18
1167	24
1168	28
1169	21
1170	22
1171	24
1172	30
1173	22
1174	31
1175	23
1176	25
1177	24
1178	25
1179	23
1180	18
1181	19
1182	23
1183	33
1184	18
1185	28
1186	28
1187	20
1188	23
1189	24
1190	22
1191	35
1192	30
1193	23
1194	25
1195	10
1196	17
1197	25
1198	19
1199	19
1200	25
1201	22
1202	21
1203	25
1204	23
1205	14
1206	10
1207	23
1208	13
1209	19
1210	32
1211	26
1212	18
1213	16
1214	25
1215	11
1216	25
1217	26
1218	25
1219	22
1220	28
1221	13
1222	17
1223	22
1224	23
1225	20
1226	22
1227	24
1228	22
1229	27
1230	28
1231	17
1232	26
1233	24
1234	13
1235	29
1236	46
1237	39
1238	52
1239	60
1240	32
1241	25
1242	26
1243	16
1244	20
1245	19
1246	26
1247	16
1248	20
1249	29
1250	21
1251	25
1252	21
1253	25
1254	14
1255	9
1256	27
1257	23
1258	24
1259	22
1260	16
1261	20
1262	24
1263	18
1264	22
1265	19
1266	19
1267	22
1268	24
1269	22
1270	16
1271	14
1272	18
1273	24
1274	24
1275	25
1276	28
1277	22
1278	26
1279	17
1280	20
1281	24
1282	18
1283	24
1284	16
1285	17
1286	20
1287	25
1288	21
1289	25
1290	22
1291	19
1292	17
1293	17
1294	19
1295	12
1296	15
1297	18
1298	19
1299	15
1300	18
1301	20
1302	21
1303	19
1304	10
1305	21
1306	18
1307	15
1308	22
1309	22
1310	17
1311	20
1312	19
1313	26
1314	23
1315	28
1316	26
1317	29
1318	15
1319	17
1320	18
1321	23
1322	28
1323	19
1324	20
1325	20
1326	17
1327	18
1328	27
1329	20
1330	16
1331	24
1332	18
1333	23
1334	19
1335	25
1336	21
1337	20
1338	20
1339	21
1340	13
1341	18
1342	32
1343	17
1344	22
1345	20
1346	24
1347	24
1348	17
1349	22
1350	26
1351	18
1352	22
1353	23
1354	13
1355	21
1356	16
1357	26
1358	19
1359	20
1360	26
1361	24
1362	19
1363	23
1364	21
1365	17
1366	26
1367	17
1368	32
1369	40
1370	26
1371	21
1372	17
1373	21
1374	15
1375	27
1376	19
1377	11
1378	23
1379	17
1380	12
1381	18
1382	14
1383	14
1384	19
1385	17
1386	27
1387	23
1388	17
1389	22
1390	23
1391	15
1392	11
1393	15
1394	17
1395	12
1396	23
1397	19
1398	20
1399	22
1400	14
1401	16
1402	16
1403	19
1404	27
1405	15
1406	14
1407	16
1408	23
1409	13
1410	19
1411	13
1412	14
1413	12
1414	20
1415	24
1416	17
1417	20
1418	20
1419	15
1420	17
1421	16
1422	13
1423	12
1424	17
1425	11
1426	19
1427	14
1428	16
1429	17
1430	7
1431	13
1432	15
1433	15
1434	18
1435	11
1436	22
1437	19
1438	15
1439	14
1440	14
1441	15
1442	14
1443	18
1444	17
1445	10
1446	11
1447	11
1448	9
1449	13
1450	7
1451	14
1452	12
1453	13
1454	14
1455	11
1456	14
1457	21
1458	17
1459	15
1460	10
1461	7
1462	10
1463	17
1464	16
1465	12
1466	19
1467	19
1468	14
1469	7
1470	17
1471	20
1472	16
1473	15
1474	14
1475	16
1476	11
1477	10
1478	14
1479	9
1480	10
1481	23
1482	8
1483	9
1484	7
1485	10
1486	16
1487	19
1488	11
1489	16
1490	12
1491	12
1492	6
1493	17
1494	8
1495	17
1496	11
1497	11
1498	12
1499	12
1500	15
1501	8
1502	11
1503	22
1504	10
1505	9
1506	11
1507	14
1508	11
1509	14
1510	9
1511	10
1512	10
1513	7
1514	14
1515	9
1516	13
1517	9
1518	16
1519	20
1520	17
1521	21
1522	25
1523	16
1524	15
1525	15
1526	12
1527	17
1528	7
1529	12
1530	14
1531	13
1532	8
1533	19
1534	12
1535	5
1536	8
1537	12
1538	16
1539	8
1540	9
1541	16
1542	6
1543	11
1544	8
1545	12
1546	12
1547	15
1548	12
1549	16
1550	10
1551	9
1552	9
1553	10
1554	15
1555	13
1556	16
1557	19
1558	10
1559	14
1560	13
1561	14
1562	10
1563	14
1564	9
1565	13
1566	8
1567	13
1568	12
1569	12
1570	13
1571	13
1572	11
1573	13
1574	15
1575	12
1576	11
1577	14
1578	15
1579	9
1580	13
1581	9
1582	14
1583	7
1584	11
1585	9
1586	13
1587	16
1588	12
1589	5
1590	10
1591	9
1592	14
1593	9
1594	6
1595	12
1596	1
1597	8
1598	6
1599	16
1600	9
1601	12
1602	7
1603	8
1604	11
1605	11
1606	7
1607	15
1608	10
1609	16
1610	48
1611	109
1612	240
1613	375
1614	405
1615	361
1616	221
1617	95
1618	31
1619	20
1620	14
1621	7
1622	10
1623	6
1624	7
1625	10
1626	6
1627	8
1628	4
1629	5
1630	5
1631	8
1632	6
1633	7
1634	8
1635	4
1636	3
1637	10
1638	6
1639	3
1640	9
1641	6
1642	7
1643	10
1644	5
1645	2
1646	5
1647	8
1648	6
1649	10
1650	7
1651	7
1652	8
1653	9
1654	6
1655	9
1656	8
1657	10
1658	6
1659	8
1660	18
1661	5
1662	4
1663	5
1664	8
1665	8
1666	7
1667	8
1668	12
1669	12
1670	4
1671	5
1672	10
1673	5
1674	4
1675	2
1676	3
1677	9
1678	9
1679	4
1680	7
1681	3
1682	3
1683	3
1684	2
1685	5
1686	4
1687	3
1688	8
1689	4
1690	2
1691	2
1692	8
1693	9
1694	7
1695	5
1696	6
1697	5
1698	4
1699	6
1700	6
1701	5
1702	5
1703	6
1704	6
1705	7
1706	7
1707	7
1708	1
1709	7
1710	6
1711	5
1712	5
1713	7
1714	8
1715	1
1716	8
1717	3
1718	6
1719	6
1720	4
1721	9
1722	7
1723	5
1724	4
1725	3
1726	7
1727	3
1728	4
1729	5
1730	5
1731	7
1732	3
1733	5
1734	5
1735	2
1736	5
1737	9
1738	5
1739	9
1740	6
1741	10
1742	7
1743	3
1744	4
1745	8
1746	5
1747	7
1748	9
1749	9
1750	13
1751	8
1752	12
1753	10
1754	12
1755	11
1756	11
1757	7
1758	11
1759	4
1760	7
1761	8
1762	4
1763	5
1764	12
1765	6
1766	5
1767	5
1768	3
1769	5
1770	6
1771	6
1772	4
1773	5
1774	6
1775	6
1776	6
1777	8
1778	4
1779	1
1780	3
1781	13
1782	6
1783	6
1784	5
1785	6
1786	4
1787	4
1788	10
1789	6
1790	11
1791	13
1792	10
1793	7
1794	8
1795	4
1796	10
1797	8
1798	5
1799	6
1800	6
1801	9
1802	12
1803	6
1804	8
1805	4
1806	8
1807	5
1808	7
1809	8
1810	5
1811	6
1812	8
1813	3
1814	8
1815	5
1816	8
1817	3
1818	7
1819	2
1820	7
1821	5
1822	7
1823	7
1824	8
1825	6
1826	2
1827	3
1828	6
1829	4
1830	5
1831	2
1832	9
1833	5
1834	6
1835	4
1836	1
1837	7
1838	6
1839	5
1840	4
1841	5
1842	4
1843	2
1844	6
1845	3
1846	3
1847	7
1848	4
1849	3
1850	8
1851	5
1852	7
1853	6
1854	3
1855	7
1856	5
1857	3
1858	4
1859	3
1860	3
1861	6
1862	4
1863	6
1864	2
1865	6
1866	7
1867	3
1868	2
1869	5
1870	4
1871	4
1872	4
1873	8
1874	5
1875	5
1876	7
1877	5
1878	10
1879	4
1880	9
1881	5
1882	2
1883	5
1884	6
1885	4
1886	7
1887	3
1888	5
1889	5
1890	2
1891	6
1892	4
1893	5
1894	3
1895	5
1896	6
1897	2
1898	3
1899	1
1900	4
1901	4
1902	3
1903	3
1904	7
1905	4
1906	7
1907	5
1908	6
1909	6
1910	14
1911	5
1912	18
1913	5
1914	8
1915	6
1916	2
1917	3
1918	5
1919	4
1920	4
1921	1
1922	4
1923	6
1924	5
1925	5
1926	3
1927	4
1928	1
1929	2
1930	3
1931	3
1932	6
1933	9
1934	3
1935	2
1936	7
1937	7
1938	3
1939	2
1940	5
1941	10
1942	4
1943	3
1944	4
1945	6
1946	18
1947	14
1948	38
1949	44
1950	37
1951	25
1952	17
1953	13
1954	4
1955	3
1956	4
1957	2
1958	2
1959	6
1960	7
1961	3
1962	6
1963	5
1964	2
1965	3
1966	4
1967	7
1968	2
1969	3
1970	4
1971	3
1972	4
1973	4
1974	0
1975	3
1976	3
1977	4
1978	7
1979	2
1980	4
1981	4
1982	2
1983	4
1984	4
1985	2
1986	2
1987	5
1988	4
1989	5
1990	5
1991	5
1992	4
1993	2
1994	5
1995	4
1996	3
1997	5
1998	3
1999	3
2000	1
2001	5
2002	3
2003	4
2004	3
2005	5
2006	2
2007	6
2008	4
2009	4
2010	0
2011	7
2012	7
2013	1
2014	6
2015	3
2016	2
2017	2
2018	2
2019	4
2020	5
2021	5
2022	3
2023	2
2024	2
2025	3
2026	7
2027	6
2028	5
2029	3
2030	9
2031	5
2032	8
2033	5
2034	3
2035	2
2036	3
2037	5
2038	3
2039	8
2040	12
2041	11
2042	10
2043	6
2044	6
2045	1
2046	6
2047	6
2048	2
2049	2
2050	3
2051	2
2052	2
2053	3
2054	2
2055	4
2056	5
2057	3
2058	8
2059	3
2060	3
2061	6
2062	5
2063	6
2064	1
2065	2
2066	3
2067	3
2068	1
2069	3
2070	3
2071	1
2072	3
2073	7
2074	4
2075	10
2076	5
2077	3
2078	4
2079	3
2080	8
2081	3
2082	2
2083	4
2084	4
2085	6
2086	5
2087	2
2088	0
2089	2
2090	4
2091	2
2092	0
2093	4
2094	4
2095	5
2096	3
2097	5
2098	3
2099	5
2100	1
2101	4
2102	3
2103	4
2104	2
2105	7
2106	7
2107	1
2108	2
2109	2
2110	6
2111	6
2112	7
2113	3
2114	2
2115	5
2116	3
2117	4
2118	2
2119	3
2120	3
2121	2
2122	4
2123	5
2124	4
2125	5
2126	5
2127	3
2128	3
2129	5
2130	4
2131	3
2132	7
2133	4
2134	4
2135	1
2136	5
2137	4
2138	6
2139	4
2140	0
2141	0
2142	1
2143	4
2144	5
2145	5
2146	3
2147	2
2148	3
2149	2
2150	1
2151	1
2152	5
2153	2
2154	3
2155	2
2156	3
2157	9
2158	6
2159	2
2160	3
2161	3
2162	5
2163	5
2164	3
2165	3
2166	4
2167	3
2168	1
2169	3
2170	4
2171	1
2172	2
2173	3
2174	5
2175	2
2176	3
2177	4
2178	2
2179	0
2180	1
2181	1
2182	3
2183	2
2184	3
2185	4
2186	5
2187	7
2188	5
2189	5
2190	2
2191	3
2192	0
2193	4
2194	3
2195	8
2196	2
2197	4
2198	6
2199	2
2200	1
2201	2
2202	6
2203	6
2204	2
2205	2
2206	1
2207	3
2208	6
2209	4
2210	5
2211	0
2212	5
2213	4
2214	7
2215	2
2216	2
2217	2
2218	4
2219	4
2220	3
2221	3
2222	2
2223	4
2224	5
2225	5
2226	2
2227	6
2228	7
2229	3
2230	4
2231	5
2232	3
2233	1
2234	4
2235	4
2236	1
2237	1
2238	4
2239	4
2240	3
2241	1
2242	2
2243	1
2244	0
2245	4
2246	3
2247	4
2248	4
2249	3
2250	2
2251	2
2252	5
2253	2
2254	4
2255	4
2256	4
2257	1
2258	4
2259	3
2260	2
2261	3
2262	2
2263	2
2264	1
2265	1
2266	1
2267	7
2268	2
2269	3
2270	7
2271	4
2272	3
2273	2
2274	4
2275	5
2276	2
2277	0
2278	4
2279	3
2280	4
2281	5
2282	5
2283	4
2284	4
2285	2
2286	6
2287	1
2288	3
2289	4
2290	0
2291	4
2292	4
2293	2
2294	3
2295	1
2296	3
2297	7
2298	4
2299	5
2300	4
2301	4
2302	2
2303	4
2304	2
2305	3
2306	4
2307	3
2308	3
2309	6
2310	4
2311	0
2312	2
2313	3
2314	6
2315	3
2316	2
2317	3
2318	4
2319	10
2320	3
2321	8
2322	9
2323	15
2324	16
2325	8
2326	9
2327	3
2328	3
2329	5
2330	4
2331	3
2332	4
2333	3
2334	2
2335	1
2336	10
2337	9
2338	4
2339	6
2340	3
2341	7
2342	3
2343	5
2344	2
2345	5
2346	2
2347	9
2348	2
2349	1
2350	3
2351	3
2352	3
2353	4
2354	1
2355	2
2356	4
2357	1
2358	2
2359	4
2360	2
2361	0
2362	3
2363	2
2364	3
2365	4
2366	3
2367	1
2368	5
2369	6
2370	1
2371	3
2372	6
2373	3
2374	1
2375	1
2376	6
2377	1
2378	1
2379	6
2380	1
2381	2
2382	5
2383	3
2384	4
2385	0
2386	4
2387	5
2388	5
2389	1
2390	3
2391	4
2392	3
2393	4
2394	3
2395	6
2396	1
2397	6
2398	7
2399	3
2400	3
2401	4
2402	2
2403	4
2404	2
2405	3
2406	3
2407	3
2408	2
2409	7
2410	5
2411	2
2412	1
2413	4
2414	3
2415	3
2416	2
2417	7
2418	2
2419	3
2420	3
2421	5
2422	4
2423	4
2424	5
2425	3
2426	1
2427	6
2428	7
2429	2
2430	7
2431	6
2432	10
2433	5
2434	17
2435	18
2436	7
2437	8
2438	6
2439	1
2440	8
2441	3
2442	2
2443	2
2444	0
2445	5
2446	4
2447	2
2448	3
2449	4
2450	5
2451	5
2452	5
2453	7
2454	2
2455	5
2456	3
2457	5
2458	3
2459	3
2460	5
2461	2
2462	5
2463	5
2464	5
2465	2
2466	4
2467	3
2468	5
2469	5
2470	1
2471	2
2472	3
2473	1
2474	1
2475	2
2476	2
2477	4
2478	2
2479	7
2480	3
2481	1
2482	6
2483	4
2484	5
2485	2
2486	6
2487	0
2488	4
2489	2
2490	3
2491	1
2492	6
2493	0
2494	1
2495	2
2496	4
2497	0
2498	2
2499	3
2500	3
2501	4
2502	0
2503	2
2504	3
2505	5
2506	1
2507	2
2508	2
2509	1
2510	1
2511	4
2512	8
2513	0
2514	5
2515	6
2516	4
2517	3
2518	1
2519	2
2520	3
2521	8
2522	5
2523	5
2524	5
2525	2
2526	7
2527	3
2528	4
2529	2
2530	1
2531	7
2532	4
2533	3
2534	6
2535	3
2536	3
2537	7
2538	0
2539	9
2540	2
2541	1
2542	2
2543	3
2544	2
2545	1
2546	3
2547	3
2548	5
2549	2
2550	1
2551	4
2552	8
2553	2
2554	1
2555	4
2556	2
2557	5
2558	1
2559	1
2560	3
2561	3
2562	4
2563	4
2564	2
2565	1
2566	1
2567	5
2568	5
2569	2
2570	2
2571	4
2572	6
2573	6
2574	4
2575	6
2576	4
2577	4
2578	4
2579	4
2580	4
2581	4
2582	1
2583	4
2584	3
2585	5
2586	5
2587	8
2588	5
2589	2
2590	7
2591	6
2592	7
2593	8
2594	2
2595	0
2596	3
2597	5
2598	3
2599	5
2600	14
2601	5
2602	2
2603	7
2604	3
2605	2
2606	0
2607	3
2608	4
2609	4
2610	2
2611	3
2612	8
2613	2
2614	6
2615	5
2616	4
2617	1
2618	5
2619	1
2620	6
2621	2
2622	3
2623	7
2624	2
2625	3
2626	3
2627	8
2628	4
2629	4
2630	4
2631	2
2632	3
2633	4
2634	2
2635	4
2636	2
2637	4
2638	6
2639	1
2640	3
2641	1
2642	2
2643	3
2644	3
2645	5
2646	3
2647	2
2648	3
2649	3
2650	1
2651	1
2652	4
2653	4
2654	0
2655	1
2656	2
2657	2
2658	2
2659	3
2660	2
2661	4
2662	4
2663	5
2664	5
2665	2
2666	3
2667	3
2668	5
2669	2
2670	3
2671	2
2672	4
2673	4
2674	0
2675	5
2676	5
2677	4
2678	2
2679	4
2680	4
2681	2
2682	2
2683	6
2684	3
2685	1
2686	2
2687	4
2688	6
2689	2
2690	4
2691	2
2692	3
2693	3
2694	4
2695	3
2696	1
2697	1
2698	0
2699	5
2700	3
2701	3
2702	4
2703	4
2704	5
2705	7
2706	8
2707	1
2708	0
2709	3
2710	4
2711	4
2712	4
2713	2
2714	2
2715	5
2716	3
2717	4
2718	2
2719	1
2720	3
2721	1
2722	3
2723	1
2724	3
2725	3
2726	1
2727	0
2728	1
2729	4
2730	4
2731	4
2732	1
2733	2
2734	4
2735	1
2736	3
2737	2
2738	2
2739	1
2740	4
2741	2
2742	1
2743	2
2744	0
2745	1
2746	3
2747	0
2748	0
2749	3
2750	1
2751	6
2752	1
2753	2
2754	1
2755	0
2756	3
2757	2
2758	5
2759	6
2760	2
2761	3
2762	2
2763	0
2764	3
2765	4
2766	5
2767	1
2768	0
2769	1
2770	2
2771	2
2772	3
2773	1
2774	3
2775	1
2776	0
2777	0
2778	1
2779	0
2780	2
2781	4
2782	0
2783	0
2784	0
2785	2
2786	0
2787	1
2788	1
2789	3
2790	0
2791	0
2792	2
2793	1
2794	1
2795	0
2796	2
2797	3
2798	1
2799	0
2800	0
2801	0
2802	4
2803	1
2804	2
2805	1
2806	1
2807	3
2808	0
2809	1
2810	3
2811	5
2812	3
2813	1
2814	2
2815	0
2816	4
2817	0
2818	0
2819	3
2820	1
2821	1
2822	2
2823	2
2824	1
2825	1
2826	0
2827	3
2828	3
2829	1
2830	2
2831	2
2832	2
2833	1
2834	1
2835	3
2836	0
2837	3
2838	3
2839	1
2840	1
2841	1
2842	0
2843	4
2844	2
2845	3
2846	3
2847	0
2848	1
2849	2
2850	0
2851	0
2852	3
2853	3
2854	0
2855	2
2856	1
2857	1
2858	2
2859	0
2860	1
2861	1
2862	2
2863	2
2864	1
2865	0
2866	1
2867	3
2868	0
2869	3
2870	1
2871	2
2872	0
2873	0
2874	0
2875	1
2876	1
2877	0
2878	3
2879	0
2880	1
2881	3
2882	7
2883	12
2884	36
2885	56
2886	79
2887	93
2888	86
2889	73
2890	55
2891	36
2892	15
2893	5
2894	2
2895	1
2896	1
2897	0
2898	1
2899	0
2900	1
2901	0
2902	3
2903	1
2904	1
2905	1
2906	0
2907	3
2908	0
2909	0
2910	1
2911	1
2912	4
2913	0
2914	0
2915	1
2916	1
2917	0
2918	0
2919	2
2920	0
2921	0
2922	0
2923	0
2924	0
2925	0
2926	1
2927	0
2928	0
2929	1
2930	1
2931	4
2932	0
2933	0
2934	0
2935	1
2936	0
2937	0
2938	1
2939	0
2940	0
2941	1
2942	0
2943	0
2944	1
2945	0
2946	2
2947	2
2948	0
2949	0
2950	1
2951	1
2952	0
2953	1
2954	1
2955	0
2956	1
2957	1
2958	0
2959	1
2960	2
2961	3
2962	1
2963	0
2964	0
2965	0
2966	2
2967	0
2968	0
2969	0
2970	0
2971	1
2972	1
2973	1
2974	0
2975	3
2976	3
2977	1
2978	1
2979	0
2980	2
2981	1
2982	1
2983	1
2984	0
2985	1
2986	2
2987	0
2988	0
2989	1
2990	0
2991	1
2992	1
2993	1
2994	0
2995	0
2996	0
2997	1
2998	2
2999	1
3000	1
3001	1
3002	0
3003	1
3004	0
3005	1
3006	1
3007	0
3008	1
3009	0
3010	2
3011	0
3012	2
3013	1
3014	1
3015	0
3016	0
3017	1
3018	2
3019	1
3020	0
3021	0
3022	1
3023	1
3024	1
3025	1
3026	0
3027	0
3028	0
3029	0
3030	2
3031	0
3032	0
3033	1
3034	1
3035	0
3036	0
3037	1
3038	0
3039	0
3040	1
3041	3
3042	0
3043	2
3044	0
3045	0
3046	1
3047	1
3048	1
3049	1
3050	0
3051	0
3052	1
3053	0
3054	0
3055	0
3056	0
3057	0
3058	0
3059	0
3060	1
3061	1
3062	1
3063	1
3064	1
3065	2
3066	1
3067	0
3068	0
3069	0
3070	0
3071	2
3072	2
3073	0
3074	1
3075	1
3076	0
3077	0
3078	2
3079	1
3080	0
3081	0
3082	0
3083	2
3084	0
3085	1
3086	1
3087	0
3088	0
3089	0
3090	1
3091	0
3092	0
3093	0
3094	0
3095	0
3096	0
3097	1
3098	0
3099	0
3100	0
3101	0
3102	0
3103	1
3104	0
3105	2
3106	2
3107	0
3108	0
3109	0
3110	0
3111	1
3112	0
3113	1
3114	1
3115	0
3116	0
3117	0
3118	1
3119	0
3120	1
3121	2
3122	0
3123	4
3124	1
3125	0
3126	1
3127	0
3128	0
3129	2
3130	1
3131	0
3132	3
3133	0
3134	1
3135	2
3136	1
3137	0
3138	1
3139	1
3140	0
3141	0
3142	0
3143	0
3144	1
3145	0
3146	0
3147	0
3148	0
3149	1
3150	1
3151	1
3152	0
3153	0
3154	0
3155	1
3156	0
3157	0
3158	2
3159	0
3160	1
3161	0
3162	0
3163	0
3164	0
3165	1
3166	2
3167	0
3168	0
3169	0
3170	1
3171	1
3172	1
3173	1
3174	2
3175	1
3176	0
3177	0
3178	1
3179	0
3180	1
3181	0
3182	0
3183	1
3184	0
3185	2
3186	2
3187	1
3188	0
3189	1
3190	1
3191	1
3192	1
3193	0
3194	0
3195	0
3196	0
3197	1
3198	1
3199	1
3200	0
3201	0
3202	1
3203	1
3204	2
3205	1
3206	0
3207	0
3208	0
3209	1
3210	1
3211	0
3212	2
3213	2
3214	0
3215	1
3216	0
3217	1
3218	2
3219	0
3220	1
3221	0
3222	1
3223	1
3224	1
3225	1
3226	1
3227	1
3228	0
3229	1
3230	0
3231	0
3232	1
3233	0
3234	0
3235	0
3236	0
3237	2
3238	1
3239	0
3240	0
3241	1
3242	0
3243	0
3244	1
3245	2
3246	1
3247	1
3248	2
3249	0
3250	2
3251	1
3252	1
3253	0
3254	0
3255	2
3256	0
3257	0
3258	0
3259	1
3260	2
3261	3
3262	2
3263	1
3264	0
3265	2
3266	0
3267	0
3268	0
3269	0
3270	1
3271	1
3272	1
3273	0
3274	2
3275	0
3276	1
3277	1
3278	0
3279	0
3280	0
3281	0
3282	2
3283	3
3284	1
3285	1
3286	2
3287	1
3288	1
3289	3
3290	0
3291	1
3292	1
3293	0
3294	1
3295	1
3296	0
3297	1
3298	1
3299	0
3300	0
3301	1
3302	0
3303	0
3304	1
3305	1
3306	0
3307	1
3308	0
3309	1
3310	3
3311	1
3312	3
3313	0
3314	0
3315	0
3316	0
3317	0
3318	1
3319	0
3320	0
3321	0
3322	0
3323	2
3324	1
3325	0
3326	1
3327	0
3328	1
3329	1
3330	0
3331	0
3332	0
3333	1
3334	0
3335	0
3336	0
3337	0
3338	0
3339	0
3340	1
3341	2
3342	0
3343	1
3344	1
3345	1
3346	0
3347	0
3348	2
3349	0
3350	1
3351	1
3352	0
3353	0
3354	1
3355	0
3356	3
3357	0
3358	1
3359	1
3360	1
3361	0
3362	0
3363	1
3364	0
3365	0
3366	2
3367	1
3368	2
3369	1
3370	0
3371	1
3372	1
3373	0
3374	1
3375	2
3376	0
3377	3
3378	0
3379	2
3380	0
3381	1
3382	3
3383	0
3384	0
3385	1
3386	1
3387	0
3388	0
3389	0
3390	2
3391	1
3392	0
3393	2
3394	0
3395	0
3396	1
3397	1
3398	0
3399	0
3400	0
3401	1
3402	1
3403	0
3404	1
3405	0
3406	0
3407	0
3408	0
3409	2
3410	0
3411	1
3412	2
3413	1
3414	0
3415	1
3416	2
3417	1
3418	1
3419	2
3420	0
3421	1
3422	2
3423	1
3424	0
3425	3
3426	0
3427	1
3428	0
3429	2
3430	1
3431	1
3432	0
3433	3
3434	0
3435	1
3436	1
3437	1
3438	3
3439	2
3440	0
3441	2
3442	0
3443	1
3444	0
3445	3
3446	0
3447	0
3448	1
3449	0
3450	0
3451	1
3452	0
3453	0
3454	0
3455	0
3456	0
3457	1
3458	0
3459	0
3460	1
3461	1
3462	0
3463	2
3464	1
3465	0
3466	0
3467	0
3468	0
3469	1
3470	0
3471	1
3472	0
3473	2
3474	0
3475	3
3476	2
3477	1
3478	0
3479	1
3480	0
3481	0
3482	0
3483	1
3484	0
3485	0
3486	1
3487	2
3488	2
3489	1
3490	0
3491	0
3492	0
3493	0
3494	0
3495	1
3496	0
3497	0
3498	0
3499	1
3500	0
3501	1
3502	3
3503	2
3504	0
3505	0
3506	0
3507	1
3508	0
3509	1
3510	0
3511	0
3512	0
3513	0
3514	0
3515	1
3516	0
3517	0
3518	0
3519	0
3520	1
3521	0
3522	2
3523	0
3524	1
3525	1
3526	1
3527	0
3528	0
3529	3
3530	0
3531	0
3532	0
3533	1
3534	0
3535	0
3536	1
3537	0
3538	0
3539	0
3540	0
3541	0
3542	1
3543	1
3544	1
3545	1
3546	0
3547	1
3548	0
3549	0
3550	1
3551	0
3552	1
3553	1
3554	0
3555	1
3556	1
3557	0
3558	0
3559	0
3560	0
3561	0
3562	0
3563	1
3564	1
3565	2
3566	0
3567	1
3568	0
3569	0
3570	2
3571	2
3572	1
3573	1
3574	0
3575	0
3576	1
3577	1
3578	2
3579	1
3580	0
3581	0
3582	1
3583	1
3584	1
3585	0
3586	0
3587	1
3588	1
3589	1
3590	0
3591	0
3592	1
3593	0
3594	0
3595	1
3596	1
3597	0
3598	0
3599	1
3600	1
3601	0
3602	0
3603	0
3604	0
3605	0
3606	1
3607	1
3608	3
3609	0
3610	1
3611	2
3612	0
3613	0
3614	0
3615	1
3616	0
3617	1
3618	2
3619	2
3620	0
3621	1
3622	0
3623	0
3624	2
3625	0
3626	2
3627	1
3628	1
3629	0
3630	2
3631	0
3632	0
3633	0
3634	0
3635	0
3636	3
3637	1
3638	0
3639	2
3640	1
3641	0
3642	0
3643	2
3644	0
3645	1
3646	0
3647	0
3648	0
3649	0
3650	1
3651	1
3652	0
3653	0
3654	0
3655	1
3656	2
3657	1
3658	2
3659	1
3660	0
3661	1
3662	1
3663	0
3664	3
3665	1
3666	0
3667	1
3668	0
3669	1
3670	0
3671	1
3672	0
3673	0
3674	0
3675	0
3676	0
3677	0
3678	1
3679	0
3680	2
3681	0
3682	0
3683	0
3684	0
3685	0
3686	0
3687	1
3688	0
3689	1
3690	0
3691	0
3692	0
3693	3
3694	0
3695	1
3696	1
3697	0
3698	1
3699	1
3700	1
3701	0
3702	1
3703	0
3704	0
3705	0
3706	1
3707	2
3708	0
3709	2
3710	0
3711	1
3712	0
3713	0
3714	0
3715	1
3716	0
3717	1
3718	1
3719	0
3720	0
3721	0
3722	0
3723	0
3724	0
3725	0
3726	1
3727	1
3728	0
3729	1
3730	0
3731	1
3732	2
3733	0
3734	0
3735	0
3736	0
3737	1
3738	0
3739	0
3740	0
3741	0
3742	0
3743	0
3744	1
3745	1
3746	0
3747	1
3748	0
3749	0
3750	0
3751	1
3752	0
3753	1
3754	0
3755	0
3756	0
3757	0
3758	1
3759	0
3760	1
3761	1
3762	0
3763	0
3764	0
3765	1
3766	0
3767	1
3768	0
3769	1
3770	0
3771	0
3772	2
3773	1
3774	0
3775	2
3776	0
3777	0
3778	1
3779	1
3780	0
3781	0
3782	1
3783	0
3784	1
3785	0
3786	0
3787	0
3788	0
3789	0
3790	0
3791	0
3792	0
3793	1
3794	1
3795	1
3796	1
3797	1
3798	1
3799	0
3800	2
3801	0
3802	0
3803	0
3804	0
3805	1
3806	0
3807	0
3808	1
3809	0
3810	0
3811	0
3812	1
3813	2
3814	0
3815	1
3816	1
3817	0
3818	2
3819	0
3820	0
3821	0
3822	0
3823	1
3824	1
3825	3
3826	0
3827	2
3828	0
3829	1
3830	1
3831	0
3832	4
3833	0
3834	0
3835	2
3836	1
3837	0
3838	1
3839	0
3840	1
3841	0
3842	1
3843	1
3844	0
3845	1
3846	1
3847	2
3848	3
3849	0
3850	0
3851	0
3852	0
3853	1
3854	2
3855	0
3856	0
3857	2
3858	1
3859	2
3860	1
3861	1
3862	1
3863	1
3864	1
3865	2
3866	0
3867	0
3868	0
3869	1
3870	2
3871	0
3872	1
3873	1
3874	1
3875	1
3876	0
3877	0
3878	1
3879	1
3880	1
3881	2
3882	0
3883	0
3884	0
3885	0
3886	1
3887	1
3888	0
3889	1
3890	0
3891	0
3892	0
3893	0
3894	0
3895	0
3896	0
3897	1
3898	0
3899	0
3900	1
3901	0
3902	0
3903	1
3904	2
3905	2
3906	1
3907	0
3908	0
3909	2
3910	1
3911	0
3912	0
3913	1
3914	3
3915	0
3916	0
3917	0
3918	0
3919	1
3920	0
3921	0
3922	1
3923	1
3924	0
3925	0
3926	1
3927	1
3928	0
3929	0
3930	0
3931	1
3932	0
3933	1
3934	0
3935	1
3936	0
3937	1
3938	0
3939	3
3940	0
3941	1
3942	0
3943	0
3944	1
3945	0
3946	0
3947	0
3948	2
3949	0
3950	0
3951	1
3952	2
3953	2
3954	0
3955	1
3956	1
3957	1
3958	0
3959	1
3960	0
3961	1
3962	1
3963	0
3964	2
3965	0
3966	1
3967	0
3968	2
3969	0
3970	1
3971	0
3972	0
3973	0
3974	2
3975	1
3976	0
3977	1
3978	0
3979	1
3980	1
3981	0
3982	1
3983	0
3984	0
3985	1
3986	1
3987	1
3988	1
3989	0
3990	2
3991	0
3992	0
3993	0
3994	0
3995	1
3996	0
3997	1
3998	0
3999	0
4000	1
4001	0
4002	0
4003	1
4004	0
4005	1
4006	0
4007	0
4008	1
4009	0
4010	0
4011	0
4012	0
4013	0
4014	2
4015	0
4016	0
4017	1
4018	1
4019	1
4020	1
4021	0
4022	0
4023	0
4024	1
4025	0
4026	1
4027	0
4028	0
4029	0
4030	1
4031	1
4032	1
4033	0
4034	0
4035	1
4036	0
4037	1
4038	2
4039	1
4040	1
4041	2
4042	0
4043	1
4044	0
4045	0
4046	0
4047	0
4048	0
4049	1
4050	0
4051	1
4052	1
4053	0
4054	0
4055	0
4056	1
4057	1
4058	1
4059	0
4060	1
4061	1
4062	1
4063	0
4064	1
4065	0
4066	0
4067	1
4068	1
4069	0
4070	0
4071	1
4072	1
4073	1
4074	1
4075	0
4076	0
4077	0
4078	0
4079	1
4080	2
4081	0
4082	1
4083	0
4084	0
4085	0
4086	0
4087	0
4088	0
4089	0
4090	2
4091	0
4092	1
4093	0
4094	0
4095	1
4096	1
4097	0
4098	0
4099	1
4100	0
4101	0
4102	1
4103	0
4104	0
4105	0
4106	0
4107	0
4108	0
4109	0
4110	0
4111	0
4112	0
4113	0
4114	1
4115	0
4116	0
4117	1
4118	1
4119	0
4120	0
4121	0
4122	0
4123	1
4124	0
4125	0
4126	1
4127	0
4128	0
4129	0
4130	3
4131	1
4132	1
4133	0
4134	0
4135	0
4136	0
4137	0
4138	1
4139	1
4140	0
4141	0
4142	0
4143	0
4144	0
4145	1
4146	0
4147	1
4148	0
4149	1
4150	0
4151	0
4152	1
4153	0
4154	1
4155	1
4156	0
4157	0
4158	2
4159	1
4160	0
4161	0
4162	0
4163	1
4164	1
4165	0
4166	0
4167	1
4168	0
4169	2
4170	1
4171	0
4172	0
4173	0
4174	0
4175	0
4176	1
4177	1
4178	0
4179	0
4180	1
4181	0
4182	0
4183	0
4184	0
4185	1
4186	1
4187	0
4188	1
4189	0
4190	0
4191	0
4192	1
4193	1
4194	0
4195	0
4196	0
4197	0
4198	0
4199	1
4200	0
4201	1
4202	0
4203	1
4204	0
4205	0
4206	2
4207	0
4208	1
4209	2
4210	1
4211	0
4212	0
4213	0
4214	1
4215	1
4216	0
4217	0
4218	0
4219	0
4220	0
4221	0
4222	2
4223	0
4224	0
4225	0
4226	2
4227	0
4228	0
4229	1
4230	0
4231	1
4232	0
4233	0
4234	0
4235	0
4236	1
4237	1
4238	0
4239	1
4240	2
4241	1
4242	1
4243	0
4244	1
4245	2
4246	0
4247	1
4248	0
4249	0
4250	1
4251	0
4252	0
4253	0
4254	0
4255	1
4256	1
4257	2
4258	0
4259	1
4260	0
4261	1
4262	0
4263	0
4264	1
4265	1
4266	2
4267	3
4268	0
4269	0
4270	1
4271	0
4272	0
4273	1
4274	0
4275	0
4276	1
4277	0
4278	1
4279	1
4280	0
4281	0
4282	0
4283	1
4284	1
4285	0
4286	1
4287	0
4288	0
4289	1
4290	1
4291	0
4292	0
4293	0
4294	0
4295	3
4296	0
4297	1
4298	1
4299	0
4300	0
4301	0
4302	0
4303	1
4304	1
4305	0
4306	0
4307	0
4308	1
4309	0
4310	0
4311	0
4312	1
4313	0
4314	0
4315	0
4316	0
4317	0
4318	2
4319	0
4320	0
4321	0
4322	0
4323	0
4324	0
4325	2
4326	0
4327	0
4328	2
4329	1
4330	1
4331	0
4332	1
4333	0
4334	0
4335	1
4336	0
4337	1
4338	0
4339	1
4340	0
4341	1
4342	0
4343	1
4344	2
4345	0
4346	0
4347	1
4348	2
4349	2
4350	2
4351	1
4352	0
4353	0
4354	0
4355	0
4356	0
4357	0
4358	1
4359	0
4360	0
4361	0
4362	1
4363	0
4364	0
4365	0
4366	0
4367	0
4368	0
4369	0
4370	1
4371	0
4372	2
4373	1
4374	0
4375	0
4376	1
4377	3
4378	1
4379	0
4380	0
4381	0
4382	1
4383	2
4384	0
4385	0
4386	1
4387	0
4388	0
4389	1
4390	0
4391	0
4392	0
4393	0
4394	0
4395	3
4396	0
4397	0
4398	0
4399	0
4400	2
4401	0
4402	1
4403	0
4404	0
4405	0
4406	0
4407	0
4408	1
4409	0
4410	0
4411	1
4412	1
4413	1
4414	1
4415	1
4416	0
4417	1
4418	0
4419	0
4420	1
4421	0
4422	0
4423	0
4424	0
4425	0
4426	1
4427	0
4428	0
4429	1
4430	0
4431	0
4432	0
4433	1
4434	1
4435	0
4436	0
4437	0
4438	0
4439	0
4440	0
4441	2
4442	0
4443	0
4444	0
4445	1
4446	0
4447	1
4448	1
4449	0
4450	0
4451	0
4452	0
4453	1
4454	1
4455	0
4456	0
4457	1
4458	0
4459	0
4460	0
4461	0
4462	1
4463	0
4464	0
4465	1
4466	1
4467	0
4468	0
4469	0
4470	0
4471	0
4472	1
4473	2
4474	0
4475	0
4476	0
4477	0
4478	0
4479	1
4480	0
4481	1
4482	0
4483	0
4484	2
4485	0
4486	1
4487	0
4488	1
4489	0
4490	0
4491	0
4492	1
4493	1
4494	0
4495	0
4496	1
4497	0
4498	0
4499	0
4500	1
4501	1
4502	1
4503	0
4504	0
4505	2
4506	1
4507	1
4508	0
4509	1
4510	0
4511	1
4512	2
4513	0
4514	1
4515	1
4516	2
4517	1
4518	0
4519	0
4520	0
4521	0
4522	0
4523	0
4524	0
4525	1
4526	0
4527	0
4528	0
4529	0
4530	3
4531	0
4532	0
4533	0
4534	0
4535	1
4536	0
4537	0
4538	0
4539	0
4540	0
4541	0
4542	0
4543	0
4544	0
4545	2
4546	0
4547	1
4548	0
4549	0
4550	0
4551	0
4552	1
4553	1
4554	0
4555	1
4556	0
4557	1
4558	0
4559	1
4560	0
4561	0
4562	0
4563	0
4564	0
4565	0
4566	2
4567	1
4568	1
4569	1
4570	4
4571	0
4572	0
4573	1
4574	1
4575	0
4576	0
4577	1
4578	1
4579	0
4580	0
4581	0
4582	0
4583	0
4584	0
4585	0
4586	0
4587	2
4588	1
4589	1
4590	0
4591	0
4592	0
4593	0
4594	1
4595	2
4596	0
4597	2
4598	0
4599	0
4600	0
4601	1
4602	1
4603	0
4604	0
4605	1
4606	0
4607	0
4608	1
4609	1
4610	0
4611	2
4612	0
4613	0
4614	0
4615	1
4616	0
4617	1
4618	0
4619	0
4620	0
4621	0
4622	0
4623	1
4624	1
4625	0
4626	2
4627	0
4628	0
4629	1
4630	0
4631	0
4632	0
4633	0
4634	0
4635	0
4636	1
4637	0
4638	0
4639	0
4640	0
4641	0
4642	0
4643	0
4644	0
4645	2
4646	1
4647	2
4648	0
4649	1
4650	0
4651	1
4652	1
4653	0
4654	0
4655	1
4656	0
4657	2
4658	0
4659	0
4660	1
4661	1
4662	0
4663	1
4664	0
4665	1
4666	1
4667	1
4668	0
4669	0
4670	0
4671	0
4672	1
4673	0
4674	1
4675	0
4676	2
4677	1
4678	0
4679	1
4680	0
4681	0
4682	1
4683	0
4684	0
4685	0
4686	1
4687	0
4688	2
4689	0
4690	0
4691	0
4692	0
4693	1
4694	1
4695	0
4696	1
4697	0
4698	0
4699	0
4700	0
4701	0
4702	0
4703	1
4704	0
4705	1
4706	0
4707	1
4708	1
4709	1
4710	0
4711	1
4712	2
4713	0
4714	0
4715	0
4716	2
4717	0
4718	0
4719	0
4720	0
4721	0
4722	1
4723	1
4724	2
4725	0
4726	0
4727	0
4728	0
4729	0
4730	1
4731	0
4732	0
4733	0
4734	0
4735	0
4736	0
4737	1
4738	0
4739	0
4740	0
4741	0
4742	1
4743	1
4744	0
4745	1
4746	1
4747	0
4748	1
4749	0
4750	0
4751	0
4752	0
4753	1
4754	2
4755	2
4756	0
4757	0
4758	1
4759	2
4760	1
4761	0
4762	1
4763	2
4764	1
4765	0
4766	1
4767	1
4768	0
4769	0
4770	1
4771	0
4772	1
4773	0
4774	1
4775	0
4776	0
4777	0
4778	0
4779	0
4780	0
4781	2
4782	0
4783	1
4784	0
4785	0
4786	0
4787	0
4788	0
4789	0
4790	0
4791	1
4792	1
4793	1
4794	0
4795	0
4796	1
4797	3
4798	0
4799	0
4800	0
4801	1
4802	1
4803	1
4804	2
4805	1
4806	0
4807	0
4808	0
4809	0
4810	2
4811	0
4812	0
4813	0
4814	0
4815	0
4816	0
4817	0
4818	0
4819	2
4820	1
4821	1
4822	0
4823	0
4824	0
4825	0
4826	0
4827	1
4828	0
4829	1
4830	0
4831	0
4832	0
4833	2
4834	0
4835	0
4836	0
4837	0
4838	0
4839	1
4840	1
4841	0
4842	1
4843	0
4844	1
4845	0
4846	1
4847	1
4848	0
4849	1
4850	1
4851	1
4852	1
4853	0
4854	1
4855	0
4856	0
4857	1
4858	0
4859	1
4860	0
4861	0
4862	0
4863	0
4864	1
4865	2
4866	0
4867	0
4868	1
4869	0
4870	1
4871	0
4872	2
4873	0
4874	0
4875	2
4876	2
4877	0
4878	0
4879	0
4880	1
4881	0
4882	0
4883	0
4884	1
4885	0
4886	1
4887	1
4888	0
4889	1
4890	0
4891	0
4892	0
4893	0
4894	0
4895	0
4896	1
4897	0
4898	1
4899	0
4900	0
4901	0
4902	1
4903	0
4904	0
4905	0
4906	0
4907	0
4908	0
4909	4
4910	0
4911	0
4912	0
4913	1
4914	0
4915	1
4916	0
4917	0
4918	1
4919	0
4920	0
4921	0
4922	0
4923	0
4924	1
4925	0
4926	2
4927	1
4928	0
4929	1
4930	1
4931	0
4932	1
4933	0
4934	0
4935	0
4936	0
4937	1
4938	1
4939	3
4940	1
4941	1
4942	0
4943	0
4944	0
4945	0
4946	0
4947	1
4948	1
4949	0
4950	0
4951	1
4952	0
4953	0
4954	0
4955	0
4956	0
4957	0
4958	0
4959	0
4960	1
4961	2
4962	1
4963	0
4964	0
4965	0
4966	0
4967	0
4968	1
4969	0
4970	2
4971	1
4972	1
4973	0
4974	2
4975	1
4976	0
4977	0
4978	0
4979	0
4980	0
4981	0
4982	0
4983	1
4984	0
4985	0
4986	3
4987	0
4988	0
4989	1
4990	0
4991	0
4992	0
4993	1
4994	0
4995	0
4996	0
4997	0
4998	2
4999	0
5000	0
5001	1
5002	1
5003	1
5004	1
5005	0
5006	0
5007	0
5008	1
5009	0
5010	0
5011	0
5012	1
5013	0
5014	0
5015	1
5016	1
5017	1
5018	0
5019	0
5020	2
5021	0
5022	2
5023	0
5024	0
5025	0
5026	0
5027	0
5028	0
5029	0
5030	1
5031	0
5032	0
5033	0
5034	0
5035	0
5036	0
5037	0
5038	0
5039	0
5040	1
5041	0
5042	0
5043	0
5044	0
5045	0
5046	1
5047	0
5048	0
5049	0
5050	0
5051	0
5052	0
5053	1
5054	0
5055	1
5056	1
5057	1
5058	0
5059	1
5060	0
5061	1
5062	0
5063	0
5064	0
5065	0
5066	0
5067	0
5068	0
5069	0
5070	0
5071	2
5072	1
5073	0
5074	0
5075	0
5076	1
5077	0
5078	0
5079	0
5080	0
5081	0
5082	0
5083	0
5084	1
5085	1
5086	0
5087	0
5088	1
5089	2
5090	1
5091	0
5092	0
5093	0
5094	0
5095	0
5096	0
5097	0
5098	0
5099	0
5100	0
5101	0
5102	0
5103	0
5104	0
5105	0
5106	0
5107	1
5108	0
5109	0
5110	1
5111	0
5112	0
5113	0
5114	0
5115	1
5116	0
5117	0
5118	0
5119	1
5120	2
5121	0
5122	0
5123	0
5124	0
5125	1
5126	0
5127	1
5128	0
5129	1
5130	0
5131	0
5132	0
5133	0
5134	0
5135	0
5136	0
5137	0
5138	1
5139	0
5140	0
5141	2
5142	0
5143	0
5144	0
5145	2
5146	1
5147	1
5148	0
5149	0
5150	0
5151	1
5152	0
5153	1
5154	0
5155	0
5156	0
5157	1
5158	1
5159	0
5160	0
5161	0
5162	2
5163	0
5164	1
5165	1
5166	0
5167	0
5168	1
5169	0
5170	0
5171	1
5172	2
5173	1
5174	0
5175	0
5176	0
5177	0
5178	0
5179	1
5180	0
5181	1
5182	2
5183	1
5184	0
5185	1
5186	0
5187	0
5188	0
5189	1
5190	0
5191	2
5192	1
5193	1
5194	0
5195	0
5196	0
5197	0
5198	0
5199	0
5200	0
5201	0
5202	0
5203	0
5204	1
5205	0
5206	0
5207	0
5208	0
5209	1
5210	0
5211	1
5212	0
5213	0
5214	1
5215	0
5216	0
5217	0
5218	0
5219	0
5220	0
5221	0
5222	0
5223	0
5224	0
5225	0
5226	0
5227	1
5228	0
5229	0
5230	0
5231	1
5232	0
5233	0
5234	0
5235	0
5236	0
5237	0
5238	0
5239	0
5240	0
5241	0
5242	0
5243	2
5244	1
5245	0
5246	0
5247	1
5248	0
5249	0
5250	0
5251	0
5252	1
5253	1
5254	0
5255	2
5256	0
5257	2
5258	0
5259	2
5260	1
5261	2
5262	0
5263	0
5264	0
5265	0
5266	1
5267	1
5268	0
5269	0
5270	0
5271	0
5272	0
5273	0
5274	1
5275	0
5276	0
5277	0
5278	1
5279	0
5280	0
5281	1
5282	0
5283	0
5284	0
5285	0
5286	0
5287	0
5288	0
5289	0
5290	0
5291	0
5292	1
5293	0
5294	0
5295	2
5296	0
5297	1
5298	0
5299	0
5300	1
5301	0
5302	1
5303	0
5304	0
5305	1
5306	1
5307	1
5308	0
5309	0
5310	0
5311	0
5312	0
5313	1
5314	1
5315	0
5316	0
5317	1
5318	0
5319	0
5320	0
5321	0
5322	1
5323	1
5324	0
5325	1
5326	0
5327	1
5328	0
5329	0
5330	1
5331	0
5332	0
5333	0
5334	0
5335	0
5336	0
5337	0
5338	0
5339	1
5340	0
5341	0
5342	1
5343	2
5344	0
5345	0
5346	0
5347	1
5348	0
5349	3
5350	0
5351	0
5352	0
5353	0
5354	0
5355	1
5356	0
5357	0
5358	0
5359	1
5360	0
5361	0
5362	0
5363	0
5364	1
5365	0
5366	0
5367	0
5368	0
5369	0
5370	3
5371	0
5372	0
5373	0
5374	1
5375	0
5376	0
5377	1
5378	1
5379	1
5380	0
5381	1
5382	1
5383	0
5384	1
5385	1
5386	0
5387	1
5388	0
5389	1
5390	1
5391	0
5392	0
5393	0
5394	1
5395	0
5396	0
5397	1
5398	0
5399	0
5400	0
5401	1
5402	0
5403	0
5404	0
5405	0
5406	0
5407	1
5408	0
5409	0
5410	0
5411	1
5412	0
5413	1
5414	1
5415	0
5416	1
5417	0
5418	0
5419	0
5420	1
5421	0
5422	0
5423	0
5424	1
5425	2
5426	0
5427	1
5428	1
5429	0
5430	1
5431	1
5432	2
5433	0
5434	0
5435	0
5436	0
5437	1
5438	2
5439	0
5440	1
5441	0
5442	0
5443	0
5444	1
5445	0
5446	0
5447	1
5448	1
5449	0
5450	1
5451	0
5452	0
5453	0
5454	0
5455	1
5456	1
5457	0
5458	1
5459	0
5460	1
5461	0
5462	0
5463	0
5464	0
5465	0
5466	0
5467	0
5468	1
5469	0
5470	0
5471	1
5472	2
5473	0
5474	1
5475	0
5476	1
5477	1
5478	0
5479	1
5480	0
5481	0
5482	1
5483	0
5484	1
5485	0
5486	0
5487	0
5488	0
5489	0
5490	0
5491	0
5492	0
5493	0
5494	0
5495	1
5496	0
5497	1
5498	0
5499	0
5500	1
5501	0
5502	0
5503	0
5504	0
5505	1
5506	0
5507	0
5508	0
5509	0
5510	0
5511	1
5512	1
5513	0
5514	0
5515	0
5516	0
5517	0
5518	1
5519	1
5520	1
5521	1
5522	1
5523	0
5524	0
5525	1
5526	0
5527	0
5528	0
5529	0
5530	0
5531	2
5532	0
5533	1
5534	0
5535	2
5536	1
5537	1
5538	0
5539	1
5540	0
5541	0
5542	0
5543	0
5544	0
5545	0
5546	0
5547	2
5548	1
5549	1
5550	1
5551	0
5552	0
5553	0
5554	0
5555	0
5556	1
5557	1
5558	0
5559	0
5560	0
5561	0
5562	1
5563	2
5564	0
5565	1
5566	0
5567	1
5568	0
5569	1
5570	0
5571	0
5572	2
5573	0
5574	1
5575	1
5576	0
5577	0
5578	0
5579	1
5580	0
5581	0
5582	0
5583	0
5584	1
5585	0
5586	0
5587	0
5588	1
5589	0
5590	0
5591	0
5592	0
5593	0
5594	2
5595	0
5596	0
5597	1
5598	1
5599	0
5600	0
5601	0
5602	0
5603	0
5604	0
5605	0
5606	0
5607	0
5608	0
5609	1
5610	0
5611	0
5612	0
5613	1
5614	0
5615	0
5616	0
5617	0
5618	0
5619	0
5620	0
5621	0
5622	0
5623	0
5624	0
5625	0
5626	1
5627	0
5628	0
5629	0
5630	0
5631	1
5632	0
5633	1
5634	0
5635	1
5636	0
5637	1
5638	0
5639	0
5640	0
5641	0
5642	0
5643	0
5644	1
5645	0
5646	1
5647	0
5648	1
5649	1
5650	1
5651	0
5652	2
5653	0
5654	0
5655	0
5656	0
5657	0
5658	0
5659	0
5660	0
5661	1
5662	0
5663	1
5664	0
5665	0
5666	0
5667	0
5668	2
5669	0
5670	1
5671	1
5672	1
5673	0
5674	0
5675	0
5676	0
5677	0
5678	0
5679	0
5680	0
5681	0
5682	0
5683	0
5684	1
5685	0
5686	0
5687	0
5688	0
5689	0
5690	0
5691	1
5692	0
5693	3
5694	1
5695	1
5696	1
5697	0
5698	1
5699	0
5700	0
5701	0
5702	0
5703	0
5704	0
5705	0
5706	0
5707	0
5708	0
5709	2
5710	1
5711	0
5712	2
5713	1
5714	0
5715	1
5716	0
5717	0
5718	1
5719	2
5720	0
5721	0
5722	0
5723	0
5724	1
5725	1
5726	1
5727	0
5728	0
5729	1
5730	2
5731	0
5732	0
5733	0
5734	2
5735	1
5736	1
5737	0
5738	1
5739	2
5740	1
5741	0
5742	0
5743	0
5744	0
5745	1
5746	1
5747	0
5748	0
5749	0
5750	0
5751	1
5752	0
5753	0
5754	1
5755	0
5756	0
5757	0
5758	1
5759	0
5760	1
5761	0
5762	0
5763	0
5764	0
5765	0
5766	0
5767	0
5768	0
5769	1
5770	0
5771	0
5772	0
5773	0
5774	0
5775	0
5776	1
5777	0
5778	1
5779	0
5780	0
5781	0
5782	0
5783	1
5784	0
5785	0
5786	0
5787	0
5788	1
5789	0
5790	1
5791	0
5792	1
5793	0
5794	1
5795	1
5796	0
5797	0
5798	2
5799	1
5800	0
5801	0
5802	1
5803	0
5804	0
5805	0
5806	1
5807	0
5808	1
5809	2
5810	0
5811	0
5812	0
5813	0
5814	0
5815	0
5816	1
5817	0
5818	3
5819	0
5820	0
5821	0
5822	2
5823	0
5824	0
5825	2
5826	0
5827	0
5828	1
5829	2
5830	1
5831	0
5832	0
5833	0
5834	0
5835	1
5836	0
5837	0
5838	0
5839	0
5840	0
5841	0
5842	0
5843	0
5844	0
5845	0
5846	0
5847	0
5848	0
5849	0
5850	0
5851	0
5852	0
5853	0
5854	0
5855	1
5856	0
5857	1
5858	0
5859	0
5860	1
5861	0
5862	0
5863	0
5864	0
5865	0
5866	0
5867	1
5868	1
5869	0
5870	0
5871	0
5872	0
5873	0
5874	1
5875	0
5876	0
5877	0
5878	0
5879	0
5880	0
5881	0
5882	0
5883	1
5884	0
5885	2
5886	0
5887	0
5888	0
5889	0
5890	0
5891	0
5892	2
5893	0
5894	0
5895	0
5896	0
5897	0
5898	1
5899	1
5900	1
5901	1
5902	1
5903	0
5904	1
5905	0
5906	1
5907	0
5908	1
5909	1
5910	2
5911	0
5912	0
5913	0
5914	0
5915	0
5916	0
5917	1
5918	0
5919	0
5920	0
5921	0
5922	0
5923	0
5924	0
5925	0
5926	1
5927	1
5928	0
5929	1
5930	3
5931	0
5932	0
5933	0
5934	2
5935	1
5936	0
5937	2
5938	0
5939	1
5940	0
5941	0
5942	1
5943	0
5944	0
5945	0
5946	0
5947	1
5948	0
5949	0
5950	0
5951	0
5952	0
5953	0
5954	0
5955	0
5956	0
5957	2
5958	0
5959	1
5960	1
5961	0
5962	0
5963	2
5964	0
5965	0
5966	0
5967	1
5968	0
5969	0
5970	1
5971	0
5972	0
5973	1
5974	1
5975	0
5976	0
5977	1
5978	0
5979	0
5980	1
5981	1
5982	1
5983	1
5984	0
5985	0
5986	0
5987	0
5988	1
5989	1
5990	1
5991	0
5992	1
5993	0
5994	0
5995	0
5996	0
5997	0
5998	0
5999	0
6000	0
6001	0
6002	0
6003	0
6004	0
6005	0
6006	1
6007	1
6008	0
6009	1
6010	0
6011	0
6012	0
6013	0
6014	1
6015	0
6016	0
6017	0
6018	0
6019	1
6020	0
6021	0
6022	0
6023	0
6024	0
6025	2
6026	0
6027	0
6028	0
6029	0
6030	0
6031	0
6032	0
6033	1
6034	2
6035	2
6036	0
6037	0
6038	0
6039	0
6040	1
6041	0
6042	1
6043	1
6044	0
6045	1
6046	0
6047	0
6048	2
6049	1
6050	0
6051	2
6052	0
6053	0
6054	0
6055	0
6056	1
6057	0
6058	1
6059	1
6060	2
6061	1
6062	0
6063	0
6064	0
6065	0
6066	0
6067	2
6068	0
6069	2
6070	0
6071	0
6072	1
6073	0
6074	0
6075	0
6076	0
6077	0
6078	1
6079	0
6080	0
6081	0
6082	0
6083	0
6084	2
6085	0
6086	0
6087	0
6088	0
6089	0
6090	0
6091	0
6092	0
6093	0
6094	1
6095	2
6096	0
6097	1
6098	0
6099	1
6100	0
6101	1
6102	1
6103	0
6104	0
6105	0
6106	0
6107	1
6108	0
6109	0
6110	0
6111	1
6112	1
6113	0
6114	2
6115	1
6116	1
6117	1
6118	0
6119	0
6120	0
6121	0
6122	0
6123	0
6124	0
6125	0
6126	0
6127	0
6128	1
6129	0
6130	0
6131	1
6132	0
6133	0
6134	0
6135	0
6136	0
6137	0
6138	0
6139	1
6140	0
6141	0
6142	0
6143	0
6144	0
6145	0
6146	0
6147	0
6148	1
6149	0
6150	1
6151	0
6152	0
6153	0
6154	0
6155	1
6156	0
6157	0
6158	0
6159	0
6160	1
6161	0
6162	2
6163	0
6164	0
6165	0
6166	0
6167	0
6168	1
6169	0
6170	0
6171	0
6172	0
6173	0
6174	0
6175	1
6176	0
6177	0
6178	2
6179	0
6180	0
6181	1
6182	0
6183	1
6184	2
6185	1
6186	0
6187	0
6188	2
6189	0
6190	0
6191	0
6192	0
6193	0
6194	0
6195	0
6196	2
6197	0
6198	1
6199	0
6200	1
6201	0
6202	0
6203	0
6204	0
6205	1
6206	0
6207	1
6208	1
6209	0
6210	1
6211	0
6212	0
6213	0
6214	0
6215	1
6216	1
6217	1
6218	0
6219	0
6220	0
6221	2
6222	0
6223	0
6224	0
6225	0
6226	1
6227	0
6228	0
6229	1
6230	0
6231	0
6232	1
6233	0
6234	0
6235	0
6236	0
6237	0
6238	0
6239	0
6240	0
6241	0
6242	1
6243	0
6244	0
6245	0
6246	0
6247	0
6248	0
6249	0
6250	0
6251	0
6252	0
6253	0
6254	0
6255	1
6256	0
6257	0
6258	0
6259	0
6260	0
6261	1
6262	0
6263	1
6264	0
6265	0
6266	3
6267	0
6268	0
6269	1
6270	0
6271	0
6272	1
6273	0
6274	0
6275	0
6276	0
6277	0
6278	0
6279	0
6280	2
6281	0
6282	0
6283	0
6284	0
6285	0
6286	0
6287	0
6288	0
6289	0
6290	0
6291	0
6292	2
6293	0
6294	1
6295	0
6296	0
6297	0
6298	0
6299	4
6300	0
6301	0
6302	0
6303	0
6304	0
6305	0
6306	1
6307	0
6308	1
6309	0
6310	0
6311	1
6312	0
6313	0
6314	0
6315	1
6316	0
6317	1
6318	0
6319	0
6320	1
6321	0
6322	0
6323	0
6324	0
6325	0
6326	0
6327	0
6328	0
6329	0
6330	0
6331	1
6332	0
6333	0
6334	0
6335	0
6336	1
6337	0
6338	0
6339	1
6340	1
6341	0
6342	0
6343	0
6344	0
6345	0
6346	0
6347	0
6348	0
6349	0
6350	0
6351	0
6352	0
6353	0
6354	0
6355	0
6356	0
6357	0
6358	0
6359	0
6360	0
6361	0
6362	1
6363	0
6364	0
6365	0
6366	0
6367	0
6368	0
6369	0
6370	0
6371	0
6372	0
6373	1
6374	0
6375	2
6376	1
6377	1
6378	0
6379	0
6380	0
6381	0
6382	0
6383	0
6384	0
6385	1
6386	1
6387	0
6388	0
6389	0
6390	0
6391	0
6392	0
6393	0
6394	0
6395	0
6396	0
6397	0
6398	0
6399	0
6400	0
6401	0
6402	0
6403	0
6404	0
6405	0
6406	0
6407	0
6408	1
6409	0
6410	1
6411	0
6412	0
6413	0
6414	0
6415	0
6416	0
6417	0
6418	0
6419	0
6420	1
6421	0
6422	0
6423	0
6424	1
6425	0
6426	0
6427	1
6428	0
6429	1
6430	0
6431	1
6432	0
6433	0
6434	0
6435	0
6436	0
6437	0
6438	1
6439	0
6440	0
6441	1
6442	2
6443	1
6444	0
6445	0
6446	1
6447	0
6448	1
6449	0
6450	0
6451	0
6452	0
6453	1
6454	1
6455	0
6456	0
6457	1
6458	1
6459	0
6460	1
6461	0
6462	0
6463	0
6464	0
6465	0
6466	0
6467	0
6468	0
6469	0
6470	1
6471	0
6472	0
6473	0
6474	0
6475	0
6476	0
6477	0
6478	0
6479	0
6480	0
6481	0
6482	0
6483	0
6484	1
6485	0
6486	0
6487	0
6488	0
6489	0
6490	0
6491	0
6492	0
6493	1
6494	1
6495	0
6496	0
6497	1
6498	0
6499	0
6500	2
6501	0
6502	1
6503	1
6504	0
6505	0
6506	0
6507	0
6508	0
6509	0
6510	0
6511	0
6512	0
6513	2
6514	0
6515	0
6516	0
6517	0
6518	0
6519	0
6520	0
6521	0
6522	0
6523	1
6524	0
6525	0
6526	0
6527	0
6528	0
6529	0
6530	0
6531	0
6532	0
6533	1
6534	0
6535	0
6536	0
6537	0
6538	0
6539	0
6540	0
6541	0
6542	0
6543	0
6544	0
6545	0
6546	0
6547	0
6548	1
6549	1
6550	0
6551	0
6552	0
6553	2
6554	0
6555	0
6556	0
6557	0
6558	0
6559	0
6560	0
6561	0
6562	1
6563	0
6564	0
6565	0
6566	1
6567	0
6568	0
6569	1
6570	0
6571	0
6572	0
6573	0
6574	1
6575	0
6576	1
6577	0
6578	0
6579	0
6580	2
6581	2
6582	0
6583	0
6584	1
6585	0
6586	1
6587	0
6588	0
6589	1
6590	0
6591	0
6592	1
6593	0
6594	0
6595	1
6596	0
6597	1
6598	0
6599	0
6600	0
6601	0
6602	0
6603	0
6604	0
6605	0
6606	0
6607	0
6608	0
6609	1
6610	0
6611	1
6612	0
6613	1
6614	1
6615	0
6616	0
6617	0
6618	1
6619	1
6620	0
6621	0
6622	0
6623	0
6624	0
6625	0
6626	0
6627	0
6628	0
6629	0
6630	0
6631	0
6632	0
6633	0
6634	0
6635	1
6636	0
6637	0
6638	0
6639	0
6640	0
6641	0
6642	1
6643	0
6644	0
6645	0
6646	0
6647	0
6648	0
6649	1
6650	1
6651	0
6652	0
6653	0
6654	0
6655	0
6656	1
6657	0
6658	0
6659	0
6660	1
6661	1
6662	0
6663	0
6664	0
6665	0
6666	0
6667	0
6668	0
6669	0
6670	1
6671	0
6672	0
6673	0
6674	0
6675	0
6676	1
6677	0
6678	0
6679	1
6680	0
6681	0
6682	0
6683	0
6684	0
6685	0
6686	0
6687	0
6688	1
6689	0
6690	0
6691	0
6692	1
6693	1
6694	0
6695	1
6696	0
6697	0
6698	0
6699	1
6700	0
6701	2
6702	1
6703	0
6704	0
6705	0
6706	1
6707	0
6708	0
6709	0
6710	0
6711	1
6712	0
6713	0
6714	0
6715	0
6716	1
6717	0
6718	0
6719	0
6720	0
6721	0
6722	0
6723	0
6724	0
6725	0
6726	0
6727	1
6728	0
6729	1
6730	0
6731	0
6732	1
6733	0
6734	0
6735	0
6736	0
6737	1
6738	0
6739	0
6740	1
6741	0
6742	0
6743	0
6744	1
6745	0
6746	0
6747	1
6748	0
6749	0
6750	1
6751	1
6752	0
6753	0
6754	0
6755	1
6756	0
6757	0
6758	0
6759	0
6760	0
6761	1
6762	0
6763	0
6764	2
6765	1
6766	0
6767	0
6768	0
6769	0
6770	0
6771	0
6772	0
6773	0
6774	0
6775	0
6776	0
6777	0
6778	0
6779	0
6780	1
6781	0
6782	0
6783	0
6784	2
6785	0
6786	0
6787	0
6788	0
6789	0
6790	0
6791	1
6792	2
6793	0
6794	1
6795	0
6796	0
6797	1
6798	0
6799	1
6800	0
6801	0
6802	0
6803	0
6804	0
6805	0
6806	0
6807	0
6808	0
6809	0
6810	0
6811	0
6812	1
6813	1
6814	1
6815	0
6816	1
6817	0
6818	0
6819	0
6820	0
6821	0
6822	1
6823	0
6824	0
6825	1
6826	0
6827	0
6828	0
6829	0
6830	0
6831	1
6832	1
6833	0
6834	0
6835	0
6836	0
6837	0
6838	0
6839	0
6840	2
6841	2
6842	1
6843	0
6844	3
6845	0
6846	0
6847	1
6848	0
6849	0
6850	0
6851	1
6852	0
6853	0
6854	0
6855	0
6856	1
6857	0
6858	0
6859	0
6860	0
6861	0
6862	0
6863	0
6864	0
6865	0
6866	0
6867	0
6868	0
6869	1
6870	0
6871	0
6872	0
6873	1
6874	0
6875	1
6876	3
6877	0
6878	0
6879	0
6880	0
6881	1
6882	0
6883	0
6884	1
6885	0
6886	0
6887	0
6888	0
6889	0
6890	0
6891	0
6892	0
6893	2
6894	0
6895	0
6896	0
6897	2
6898	0
6899	0
6900	0
6901	0
6902	0
6903	0
6904	0
6905	0
6906	0
6907	0
6908	1
6909	1
6910	0
6911	0
6912	1
6913	2
6914	0
6915	1
6916	0
6917	1
6918	0
6919	0
6920	0
6921	0
6922	1
6923	0
6924	0
6925	0
6926	1
6927	1
6928	0
6929	0
6930	0
6931	1
6932	0
6933	0
6934	0
6935	0
6936	1
6937	1
6938	0
6939	0
6940	1
6941	0
6942	0
6943	1
6944	0
6945	0
6946	0
6947	1
6948	0
6949	0
6950	0
6951	0
6952	0
6953	0
6954	0
6955	0
6956	0
6957	0
6958	0
6959	0
6960	1
6961	0
6962	1
6963	0
6964	0
6965	0
6966	1
6967	0
6968	0
6969	1
6970	1
6971	0
6972	0
6973	0
6974	0
6975	0
6976	0
6977	1
6978	0
6979	0
6980	1
6981	1
6982	0
6983	1
6984	0
6985	0
6986	0
6987	1
6988	1
6989	0
6990	0
6991	1
6992	0
6993	0
6994	3
6995	0
6996	0
6997	0
6998	0
6999	1
7000	0
7001	1
7002	0
7003	0
7004	0
7005	0
7006	0
7007	1
7008	1
7009	1
7010	0
7011	0
7012	0
7013	0
7014	0
7015	0
7016	0
7017	0
7018	0
7019	1
7020	0
7021	1
7022	0
7023	2
7024	0
7025	0
7026	0
7027	1
7028	0
7029	0
7030	0
7031	0
7032	0
7033	0
7034	0
7035	0
7036	0
7037	1
7038	0
7039	1
7040	0
7041	0
7042	0
7043	1
7044	0
7045	0
7046	0
7047	0
7048	0
7049	1
7050	0
7051	2
7052	0
7053	0
7054	0
7055	0
7056	0
7057	0
7058	0
7059	0
7060	0
7061	1
7062	0
7063	1
7064	2
7065	0
7066	0
7067	0
7068	0
7069	0
7070	0
7071	0
7072	0
7073	0
7074	0
7075	1
7076	0
7077	0
7078	0
7079	0
7080	1
7081	0
7082	0
7083	2
7084	0
7085	0
7086	0
7087	0
7088	1
7089	0
7090	1
7091	0
7092	0
7093	0
7094	0
7095	0
7096	0
7097	0
7098	0
7099	0
7100	0
7101	0
7102	0
7103	0
7104	0
7105	0
7106	1
7107	0
7108	1
7109	0
7110	0
7111	0
7112	1
7113	0
7114	0
7115	1
7116	1
7117	0
7118	0
7119	0
7120	0
7121	1
7122	0
7123	0
7124	0
7125	1
7126	0
7127	0
7128	0
7129	0
7130	0
7131	0
7132	0
7133	0
7134	0
7135	1
7136	0
7137	0
7138	0
7139	0
7140	0
7141	3
7142	0
7143	0
7144	1
7145	1
7146	0
7147	0
7148	0
7149	1
7150	0
7151	0
7152	0
7153	0
7154	0
7155	0
7156	0
7157	0
7158	0
7159	0
7160	1
7161	0
7162	2
7163	1
7164	0
7165	1
7166	0
7167	0
7168	0
7169	0
7170	0
7171	0
7172	0
7173	0
7174	0
7175	0
7176	0
7177	0
7178	0
7179	0
7180	0
7181	0
7182	1
7183	0
7184	0
7185	0
7186	0
7187	1
7188	0
7189	0
7190	1
7191	0
7192	0
7193	0
7194	2
7195	0
7196	0
7197	1
7198	0
7199	1
7200	0
7201	1
7202	0
7203	0
7204	1
7205	1
7206	0
7207	0
7208	1
7209	1
7210	0
7211	0
7212	2
7213	0
7214	1
7215	1
7216	1
7217	0
7218	1
7219	0
7220	1
7221	1
7222	0
7223	0
7224	1
7225	1
7226	0
7227	0
7228	0
7229	0
7230	1
7231	1
7232	1
7233	0
7234	0
7235	1
7236	0
7237	0
7238	0
7239	0
7240	0
7241	0
7242	0
7243	0
7244	0
7245	0
7246	0
7247	0
7248	1
7249	0
7250	0
7251	0
7252	1
7253	0
7254	0
7255	0
7256	0
7257	1
7258	0
7259	0
7260	0
7261	0
7262	0
7263	1
7264	0
7265	0
7266	0
7267	1
7268	0
7269	1
7270	1
7271	0
7272	0
7273	1
7274	0
7275	0
7276	0
7277	1
7278	0
7279	0
7280	0
7281	0
7282	2
7283	2
7284	0
7285	0
7286	0
7287	1
7288	0
7289	1
7290	0
7291	0
7292	0
7293	0
7294	0
7295	0
7296	0
7297	0
7298	0
7299	0
7300	0
7301	1
7302	0
7303	1
7304	1
7305	0
7306	0
7307	1
7308	1
7309	1
7310	1
7311	0
7312	0
7313	0
7314	0
7315	2
7316	0
7317	0
7318	0
7319	0
7320	0
7321	0
7322	0
7323	0
7324	1
7325	0
7326	0
7327	0
7328	0
7329	0
7330	0
7331	0
7332	0
7333	0
7334	0
7335	0
7336	0
7337	0
7338	0
7339	0
7340	0
7341	0
7342	1
7343	0
7344	0
7345	0
7346	0
7347	0
7348	0
7349	1
7350	1
7351	0
7352	0
7353	0
7354	0
7355	0
7356	0
7357	0
7358	0
7359	2
7360	0
7361	0
7362	0
7363	0
7364	0
7365	0
7366	0
7367	0
7368	0
7369	0
7370	0
7371	0
7372	0
7373	1
7374	0
7375	1
7376	0
7377	0
7378	0
7379	0
7380	0
7381	0
7382	1
7383	1
7384	1
7385	0
7386	0
7387	0
7388	1
7389	0
7390	1
7391	1
7392	1
7393	0
7394	1
7395	0
7396	0
7397	1
7398	0
7399	0
7400	1
7401	0
7402	0
7403	1
7404	0
7405	0
7406	0
7407	0
7408	0
7409	0
7410	0
7411	0
7412	0
7413	0
7414	0
7415	0
7416	0
7417	0
7418	1
7419	0
7420	0
7421	0
7422	0
7423	0
7424	0
7425	0
7426	1
7427	0
7428	0
7429	0
7430	0
7431	0
7432	0
7433	0
7434	0
7435	0
7436	0
7437	0
7438	0
7439	0
7440	0
7441	0
7442	0
7443	0
7444	0
7445	0
7446	0
7447	1
7448	1
7449	0
7450	0
7451	1
7452	0
7453	0
7454	0
7455	0
7456	0
7457	0
7458	1
7459	0
7460	0
7461	0
7462	0
7463	0
7464	1
7465	0
7466	0
7467	0
7468	0
7469	0
7470	1
7471	1
7472	0
7473	1
7474	0
7475	0
7476	0
7477	0
7478	0
7479	0
7480	0
7481	2
7482	0
7483	0
7484	0
7485	0
7486	0
7487	0
7488	0
7489	1
7490	0
7491	2
7492	0
7493	0
7494	1
7495	0
7496	0
7497	0
7498	0
7499	2
7500	0
7501	1
7502	0
7503	0
7504	0
7505	0
7506	0
7507	1
7508	0
7509	1
7510	0
7511	0
7512	0
7513	1
7514	0
7515	0
7516	0
7517	0
7518	0
7519	0
7520	0
7521	0
7522	0
7523	0
7524	0
7525	0
7526	1
7527	0
7528	0
7529	0
7530	0
7531	0
7532	0
7533	0
7534	0
7535	0
7536	1
7537	0
7538	0
7539	1
7540	1
7541	0
7542	0
7543	0
7544	0
7545	0
7546	0
7547	0
7548	0
7549	1
7550	0
7551	0
7552	0
7553	0
7554	0
7555	0
7556	0
7557	0
7558	0
7559	0
7560	0
7561	0
7562	0
7563	0
7564	0
7565	0
7566	1
7567	0
7568	0
7569	0
7570	0
7571	0
7572	0
7573	1
7574	1
7575	0
7576	1
7577	0
7578	0
7579	0
7580	1
7581	0
7582	0
7583	0
7584	0
7585	0
7586	0
7587	0
7588	0
7589	0
7590	0
7591	0
7592	1
7593	0
7594	0
7595	1
7596	0
7597	0
7598	0
7599	1
7600	0
7601	0
7602	1
7603	0
7604	0
7605	0
7606	1
7607	0
7608	0
7609	0
7610	1
7611	0
7612	0
7613	0
7614	0
7615	1
7616	1
7617	0
7618	0
7619	0
7620	0
7621	1
7622	1
7623	0
7624	0
7625	0
7626	0
7627	1
7628	1
7629	1
7630	0
7631	0
7632	0
7633	1
7634	1
7635	0
7636	1
7637	2
7638	0
7639	0
7640	0
7641	0
7642	1
7643	0
7644	0
7645	0
7646	0
7647	0
7648	0
7649	0
7650	0
7651	0
7652	1
7653	0
7654	0
7655	1
7656	0
7657	1
7658	1
7659	0
7660	1
7661	0
7662	0
7663	0
7664	0
7665	0
7666	0
7667	0
7668	1
7669	1
7670	0
7671	0
7672	0
7673	0
7674	0
7675	0
7676	0
7677	0
7678	0
7679	0
7680	2
7681	1
7682	0
7683	0
7684	0
7685	0
7686	1
7687	1
7688	0
7689	0
7690	0
7691	0
7692	0
7693	0
7694	1
7695	2
7696	1
7697	0
7698	1
7699	0
7700	0
7701	1
7702	0
7703	0
7704	1
7705	0
7706	0
7707	0
7708	0
7709	1
7710	0
7711	1
7712	0
7713	0
7714	0
7715	0
7716	0
7717	1
7718	0
7719	0
7720	0
7721	0
7722	0
7723	0
7724	1
7725	0
7726	0
7727	0
7728	1
7729	0
7730	0
7731	0
7732	0
7733	0
7734	0
7735	0
7736	1
7737	1
7738	1
7739	0
7740	0
7741	0
7742	1
7743	0
7744	2
7745	0
7746	0
7747	1
7748	0
7749	0
7750	0
7751	0
7752	0
7753	0
7754	1
7755	1
7756	0
7757	0
7758	0
7759	1
7760	1
7761	0
7762	0
7763	0
7764	1
7765	1
7766	0
7767	0
7768	1
7769	0
7770	1
7771	0
7772	0
7773	0
7774	0
7775	1
7776	0
7777	1
7778	0
7779	1
7780	1
7781	0
7782	1
7783	1
7784	0
7785	0
7786	0
7787	0
7788	0
7789	0
7790	0
7791	1
7792	1
7793	1
7794	2
7795	0
7796	0
7797	0
7798	0
7799	0
7800	0
7801	0
7802	0
7803	1
7804	0
7805	0
7806	0
7807	0
7808	1
7809	1
7810	0
7811	0
7812	0
7813	0
7814	0
7815	0
7816	0
7817	0
7818	0
7819	0
7820	0
7821	0
7822	1
7823	0
7824	0
7825	0
7826	1
7827	0
7828	0
7829	0
7830	0
7831	1
7832	1
7833	2
7834	0
7835	0
7836	0
7837	0
7838	0
7839	0
7840	0
7841	0
7842	0
7843	0
7844	0
7845	0
7846	1
7847	1
7848	0
7849	1
7850	0
7851	0
7852	0
7853	1
7854	0
7855	0
7856	0
7857	0
7858	1
7859	0
7860	0
7861	1
7862	0
7863	0
7864	0
7865	0
7866	0
7867	1
7868	0
7869	0
7870	0
7871	0
7872	0
7873	2
7874	0
7875	1
7876	0
7877	0
7878	0
7879	0
7880	0
7881	0
7882	0
7883	0
7884	0
7885	0
7886	1
7887	0
7888	0
7889	0
7890	1
7891	0
7892	0
7893	0
7894	0
7895	1
7896	0
7897	1
7898	2
7899	0
7900	0
7901	0
7902	0
7903	0
7904	0
7905	2
7906	1
7907	0
7908	0
7909	0
7910	0
7911	0
7912	0
7913	0
7914	0
7915	2
7916	0
7917	0
7918	0
7919	0
7920	0
7921	0
7922	0
7923	1
7924	0
7925	0
7926	0
7927	0
7928	0
7929	1
7930	0
7931	0
7932	0
7933	0
7934	1
7935	0
7936	0
7937	0
7938	0
7939	0
7940	0
7941	0
7942	0
7943	0
7944	1
7945	0
7946	0
7947	0
7948	0
7949	1
7950	0
7951	1
7952	0
7953	0
7954	0
7955	0
7956	1
7957	0
7958	0
7959	0
7960	0
7961	0
7962	2
7963	0
7964	0
7965	0
7966	0
7967	1
7968	0
7969	0
7970	0
7971	0
7972	0
7973	0
7974	0
7975	0
7976	0
7977	0
7978	1
7979	0
7980	0
7981	0
7982	0
7983	0
7984	2
7985	1
7986	0
7987	0
7988	2
7989	0
7990	0
7991	0
7992	0
7993	0
7994	0
7995	0
7996	0
7997	0
7998	0
7999	0
8000	1
8001	0
8002	0
8003	0
8004	3
8005	0
8006	1
8007	0
8008	1
8009	1
8010	0
8011	0
8012	0
8013	0
8014	0
8015	0
8016	1
8017	1
8018	0
8019	0
8020	1
8021	0
8022	0
8023	0
8024	0
8025	0
8026	1
8027	0
8028	0
8029	0
8030	0
8031	0
8032	1
8033	0
8034	0
8035	0
8036	0
8037	0
8038	0
8039	1
8040	0
8041	1
8042	0
8043	1
8044	1
8045	0
8046	0
8047	1
8048	0
8049	0
8050	0
8051	0
8052	0
8053	1
8054	0
8055	1
8056	0
8057	0
8058	0
8059	1
8060	0
8061	0
8062	0
8063	1
8064	0
8065	0
8066	0
8067	0
8068	0
8069	0
8070	0
8071	0
8072	0
8073	0
8074	0
8075	0
8076	0
8077	0
8078	0
8079	0
8080	0
8081	0
8082	0
8083	0
8084	0
8085	0
8086	0
8087	0
8088	0
8089	0
8090	0
8091	0
8092	0
8093	0
8094	0
8095	0
8096	0
8097	0
8098	0
8099	0
8100	0
8101	0
8102	0
8103	0
8104	0
8105	0
8106	0
8107	0
8108	0
8109	0
8110	0
8111	0
8112	0
8113	0
8114	0
8115	0
8116	0
8117	0
8118	0
8119	0
8120	0
8121	0
8122	0
8123	0
8124	0
8125	0
8126	0
8127	0
8128	0
8129	0
8130	0
8131	0
8132	0
8133	0
8134	0
8135	0
8136	0
8137	0
8138	0
8139	0
8140	0
8141	0
8142	0
8143	0
8144	0
8145	0
8146	0
8147	0
8148	0
8149	0
8150	0
8151	0
8152	0
8153	0
8154	0
8155	0
8156	0
8157	0
8158	0
8159	0
8160	0
8161	0
8162	0
8163	0
8164	0
8165	0
8166	0
8167	0
8168	0
8169	0
8170	0
8171	0
8172	0
8173	0
8174	0
8175	0
8176	0
8177	0
8178	0
8179	0
8180	0
8181	0
8182	0
8183	0
8184	0
8185	0
8186	0
8187	0
8188	0
8189	0
8190	0
8191	0
