-2	5083.22
-1	5084.98
0	0
1	0
2	0
3	0
4	0
5	0
6	0
7	0
8	0
9	0
10	0
11	0
12	0
13	0
14	0
15	0
16	0
17	0
18	0
19	0
20	0
21	0
22	0
23	0
24	0
25	0
26	0
27	0
28	0
29	0
30	0
31	0
32	0
33	0
34	0
35	0
36	0
37	0
38	0
39	0
40	0
41	0
42	0
43	0
44	0
45	0
46	0
47	0
48	0
49	0
50	21
51	26
52	23
53	33
54	44
55	53
56	65
57	53
58	51
59	47
60	42
61	35
62	46
63	55
64	48
65	43
66	35
67	58
68	52
69	37
70	47
71	50
72	49
73	44
74	39
75	46
76	40
77	60
78	38
79	62
80	50
81	48
82	48
83	48
84	49
85	39
86	48
87	46
88	55
89	49
90	53
91	53
92	44
93	49
94	38
95	42
96	50
97	47
98	48
99	46
100	55
101	52
102	54
103	55
104	67
105	65
106	63
107	68
108	69
109	71
110	48
111	68
112	61
113	59
114	67
115	68
116	64
117	61
118	58
119	73
120	76
121	74
122	64
123	71
124	75
125	64
126	98
127	70
128	82
129	83
130	85
131	81
132	76
133	85
134	85
135	81
136	63
137	94
138	93
139	95
140	93
141	97
142	90
143	86
144	71
145	85
146	103
147	91
148	66
149	102
150	84
151	103
152	94
153	95
154	110
155	101
156	95
157	83
158	101
159	89
160	106
161	93
162	86
163	94
164	76
165	93
166	107
167	106
168	102
169	100
170	102
171	93
172	90
173	99
174	97
175	82
176	117
177	99
178	90
179	90
180	100
181	103
182	78
183	85
184	107
185	94
186	93
187	89
188	83
189	98
190	92
191	108
192	107
193	96
194	110
195	100
196	116
197	82
198	98
199	89
200	85
201	99
202	118
203	92
204	106
205	102
206	90
207	84
208	99
209	96
210	103
211	89
212	97
213	100
214	95
215	93
216	103
217	95
218	89
219	103
220	97
221	89
222	93
223	100
224	89
225	104
226	82
227	90
228	91
229	87
230	80
231	109
232	100
233	77
234	81
235	85
236	91
237	78
238	86
239	83
240	79
241	80
242	86
243	88
244	64
245	72
246	74
247	70
248	85
249	87
250	95
251	79
252	91
253	89
254	97
255	98
256	75
257	80
258	88
259	84
260	79
261	65
262	89
263	75
264	83
265	75
266	78
267	76
268	88
269	77
270	66
271	90
272	71
273	83
274	65
275	72
276	65
277	74
278	65
279	58
280	88
281	84
282	82
283	68
284	82
285	78
286	59
287	69
288	75
289	53
290	67
291	74
292	80
293	63
294	73
295	71
296	58
297	57
298	82
299	85
300	69
301	68
302	56
303	71
304	70
305	66
306	58
307	59
308	74
309	60
310	70
311	69
312	62
313	75
314	49
315	66
316	56
317	70
318	62
319	57
320	51
321	58
322	57
323	73
324	77
325	68
326	62
327	68
328	59
329	61
330	62
331	59
332	55
333	58
334	61
335	55
336	54
337	50
338	56
339	37
340	68
341	57
342	51
343	63
344	58
345	69
346	58
347	54
348	48
349	59
350	61
351	41
352	58
353	44
354	56
355	62
356	63
357	53
358	40
359	48
360	45
361	47
362	49
363	47
364	58
365	48
366	55
367	38
368	57
369	54
370	54
371	47
372	53
373	48
374	55
375	55
376	52
377	53
378	50
379	38
380	42
381	43
382	56
383	56
384	47
385	34
386	39
387	57
388	64
389	51
390	58
391	57
392	41
393	41
394	51
395	48
396	36
397	52
398	39
399	39
400	47
401	36
402	50
403	48
404	54
405	52
406	32
407	30
408	50
409	48
410	44
411	39
412	44
413	51
414	50
415	46
416	39
417	40
418	35
419	34
420	43
421	45
422	44
423	42
424	34
425	35
426	36
427	40
428	27
429	36
430	46
431	48
432	43
433	30
434	36
435	40
436	44
437	38
438	44
439	37
440	43
441	29
442	38
443	30
444	46
445	30
446	40
447	32
448	37
449	29
450	41
451	42
452	50
453	24
454	34
455	21
456	34
457	48
458	35
459	44
460	34
461	33
462	35
463	28
464	47
465	29
466	32
467	42
468	39
469	37
470	33
471	26
472	35
473	36
474	36
475	28
476	24
477	26
478	30
479	33
480	32
481	36
482	36
483	42
484	33
485	35
486	31
487	26
488	27
489	32
490	22
491	34
492	36
493	20
494	37
495	31
496	33
497	27
498	37
499	47
500	30
501	30
502	29
503	28
504	21
505	36
506	37
507	26
508	31
509	33
510	30
511	30
512	22
513	31
514	34
515	33
516	18
517	28
518	26
519	22
520	26
521	37
522	23
523	28
524	32
525	32
526	34
527	30
528	28
529	28
530	22
531	35
532	29
533	32
534	23
535	28
536	25
537	15
538	29
539	33
540	27
541	27
542	32
543	23
544	17
545	33
546	42
547	25
548	22
549	43
550	20
551	25
552	24
553	20
554	30
555	34
556	31
557	32
558	30
559	29
560	27
561	31
562	38
563	60
564	77
565	97
566	73
567	49
568	43
569	41
570	27
571	25
572	30
573	25
574	34
575	32
576	29
577	32
578	26
579	19
580	22
581	16
582	27
583	24
584	26
585	11
586	18
587	17
588	29
589	20
590	23
591	13
592	21
593	19
594	26
595	23
596	23
597	23
598	25
599	26
600	34
601	22
602	14
603	21
604	33
605	19
606	25
607	21
608	19
609	20
610	15
611	17
612	21
613	26
614	17
615	21
616	17
617	28
618	22
619	16
620	19
621	23
622	23
623	25
624	19
625	21
626	20
627	22
628	26
629	19
630	19
631	18
632	20
633	25
634	21
635	15
636	27
637	16
638	16
639	21
640	21
641	24
642	28
643	32
644	27
645	39
646	41
647	25
648	22
649	12
650	15
651	26
652	15
653	17
654	13
655	6
656	17
657	21
658	14
659	22
660	19
661	19
662	21
663	11
664	24
665	25
666	26
667	24
668	12
669	10
670	35
671	32
672	23
673	33
674	46
675	31
676	28
677	16
678	18
679	26
680	13
681	21
682	26
683	14
684	20
685	18
686	13
687	18
688	17
689	24
690	15
691	16
692	8
693	10
694	20
695	14
696	20
697	17
698	23
699	16
700	18
701	18
702	16
703	13
704	13
705	18
706	12
707	14
708	23
709	17
710	23
711	13
712	19
713	22
714	28
715	19
716	19
717	14
718	15
719	17
720	23
721	14
722	22
723	18
724	17
725	18
726	7
727	9
728	10
729	17
730	18
731	18
732	15
733	13
734	8
735	22
736	16
737	12
738	16
739	13
740	18
741	16
742	17
743	22
744	14
745	17
746	20
747	16
748	22
749	17
750	22
751	14
752	16
753	21
754	11
755	12
756	21
757	15
758	13
759	21
760	19
761	14
762	16
763	16
764	17
765	16
766	17
767	13
768	14
769	16
770	10
771	10
772	11
773	11
774	12
775	17
776	18
777	17
778	19
779	17
780	16
781	22
782	12
783	16
784	20
785	21
786	21
787	18
788	12
789	11
790	11
791	14
792	14
793	17
794	12
795	18
796	17
797	12
798	13
799	15
800	14
801	18
802	12
803	16
804	22
805	22
806	14
807	13
808	13
809	17
810	9
811	15
812	12
813	10
814	20
815	10
816	23
817	1
818	9
819	20
820	24
821	9
822	17
823	15
824	7
825	13
826	12
827	12
828	22
829	11
830	16
831	12
832	23
833	14
834	14
835	13
836	18
837	16
838	15
839	13
840	18
841	11
842	12
843	13
844	21
845	22
846	23
847	25
848	13
849	12
850	16
851	20
852	15
853	13
854	11
855	14
856	16
857	13
858	18
859	8
860	15
861	16
862	9
863	15
864	9
865	13
866	18
867	19
868	15
869	22
870	14
871	11
872	21
873	11
874	17
875	15
876	13
877	9
878	12
879	18
880	18
881	18
882	13
883	12
884	12
885	16
886	14
887	9
888	10
889	15
890	14
891	13
892	15
893	9
894	10
895	5
896	15
897	10
898	15
899	14
900	9
901	12
902	11
903	14
904	12
905	10
906	10
907	13
908	12
909	10
910	12
911	9
912	9
913	13
914	15
915	8
916	13
917	10
918	11
919	10
920	14
921	6
922	8
923	9
924	14
925	12
926	11
927	11
928	14
929	5
930	10
931	18
932	15
933	13
934	11
935	9
936	15
937	13
938	18
939	9
940	13
941	11
942	12
943	9
944	16
945	8
946	14
947	9
948	14
949	10
950	15
951	9
952	19
953	13
954	16
955	11
956	17
957	6
958	13
959	11
960	12
961	14
962	12
963	6
964	13
965	19
966	12
967	10
968	13
969	17
970	12
971	9
972	11
973	11
974	11
975	8
976	7
977	10
978	8
979	8
980	16
981	17
982	15
983	11
984	14
985	16
986	8
987	7
988	12
989	19
990	6
991	8
992	9
993	13
994	11
995	13
996	9
997	6
998	16
999	19
1000	9
1001	15
1002	6
1003	3
1004	15
1005	14
1006	28
1007	24
1008	30
1009	19
1010	8
1011	9
1012	11
1013	8
1014	8
1015	9
1016	13
1017	15
1018	2
1019	10
1020	15
1021	5
1022	8
1023	9
1024	5
1025	10
1026	7
1027	15
1028	6
1029	11
1030	12
1031	12
1032	12
1033	13
1034	19
1035	11
1036	4
1037	8
1038	8
1039	9
1040	10
1041	15
1042	11
1043	15
1044	11
1045	4
1046	7
1047	12
1048	11
1049	6
1050	13
1051	14
1052	6
1053	8
1054	5
1055	10
1056	6
1057	8
1058	5
1059	13
1060	8
1061	11
1062	15
1063	17
1064	11
1065	16
1066	17
1067	12
1068	16
1069	20
1070	24
1071	22
1072	21
1073	13
1074	17
1075	8
1076	14
1077	11
1078	12
1079	8
1080	9
1081	5
1082	11
1083	9
1084	6
1085	6
1086	13
1087	14
1088	10
1089	11
1090	9
1091	10
1092	8
1093	13
1094	12
1095	6
1096	9
1097	4
1098	6
1099	6
1100	8
1101	10
1102	11
1103	8
1104	9
1105	13
1106	6
1107	13
1108	6
1109	10
1110	8
1111	5
1112	4
1113	8
1114	8
1115	9
1116	13
1117	12
1118	13
1119	6
1120	7
1121	9
1122	7
1123	5
1124	9
1125	4
1126	3
1127	18
1128	9
1129	15
1130	15
1131	11
1132	12
1133	6
1134	12
1135	5
1136	9
1137	7
1138	9
1139	7
1140	6
1141	10
1142	9
1143	7
1144	9
1145	6
1146	10
1147	8
1148	11
1149	5
1150	9
1151	5
1152	13
1153	17
1154	10
1155	9
1156	13
1157	12
1158	15
1159	7
1160	10
1161	8
1162	9
1163	11
1164	12
1165	8
1166	12
1167	12
1168	11
1169	12
1170	4
1171	10
1172	8
1173	9
1174	10
1175	7
1176	14
1177	9
1178	16
1179	12
1180	8
1181	8
1182	9
1183	5
1184	9
1185	7
1186	10
1187	7
1188	10
1189	9
1190	12
1191	4
1192	10
1193	6
1194	11
1195	4
1196	7
1197	7
1198	11
1199	8
1200	10
1201	9
1202	6
1203	8
1204	12
1205	6
1206	10
1207	8
1208	7
1209	8
1210	9
1211	10
1212	11
1213	6
1214	10
1215	12
1216	8
1217	8
1218	7
1219	9
1220	6
1221	8
1222	9
1223	9
1224	11
1225	9
1226	8
1227	7
1228	8
1229	16
1230	9
1231	8
1232	13
1233	5
1234	10
1235	11
1236	17
1237	14
1238	21
1239	16
1240	15
1241	9
1242	10
1243	3
1244	5
1245	6
1246	7
1247	9
1248	5
1249	10
1250	5
1251	7
1252	3
1253	5
1254	8
1255	9
1256	10
1257	6
1258	8
1259	7
1260	6
1261	11
1262	5
1263	7
1264	5
1265	13
1266	7
1267	8
1268	12
1269	8
1270	9
1271	9
1272	6
1273	10
1274	11
1275	12
1276	8
1277	9
1278	9
1279	5
1280	9
1281	10
1282	6
1283	11
1284	13
1285	6
1286	10
1287	8
1288	11
1289	8
1290	6
1291	11
1292	6
1293	10
1294	9
1295	13
1296	8
1297	13
1298	16
1299	6
1300	15
1301	6
1302	10
1303	4
1304	9
1305	9
1306	3
1307	11
1308	9
1309	8
1310	10
1311	7
1312	5
1313	5
1314	9
1315	5
1316	8
1317	6
1318	10
1319	11
1320	9
1321	11
1322	10
1323	9
1324	7
1325	16
1326	10
1327	9
1328	7
1329	8
1330	6
1331	3
1332	10
1333	11
1334	11
1335	14
1336	4
1337	8
1338	6
1339	8
1340	6
1341	12
1342	7
1343	7
1344	7
1345	9
1346	10
1347	15
1348	5
1349	12
1350	6
1351	18
1352	6
1353	7
1354	9
1355	4
1356	6
1357	11
1358	7
1359	9
1360	9
1361	7
1362	9
1363	6
1364	12
1365	12
1366	16
1367	12
1368	8
1369	12
1370	12
1371	5
1372	6
1373	8
1374	8
1375	7
1376	15
1377	8
1378	9
1379	7
1380	7
1381	12
1382	3
1383	7
1384	12
1385	2
1386	7
1387	7
1388	6
1389	4
1390	4
1391	11
1392	8
1393	4
1394	7
1395	5
1396	6
1397	8
1398	7
1399	5
1400	8
1401	6
1402	4
1403	5
1404	11
1405	6
1406	9
1407	6
1408	8
1409	5
1410	7
1411	4
1412	7
1413	1
1414	7
1415	5
1416	12
1417	8
1418	7
1419	3
1420	3
1421	8
1422	7
1423	9
1424	5
1425	5
1426	6
1427	4
1428	5
1429	2
1430	8
1431	7
1432	5
1433	3
1434	6
1435	5
1436	8
1437	8
1438	9
1439	3
1440	5
1441	8
1442	2
1443	5
1444	5
1445	9
1446	7
1447	3
1448	3
1449	4
1450	11
1451	4
1452	7
1453	5
1454	3
1455	9
1456	8
1457	6
1458	8
1459	8
1460	7
1461	7
1462	3
1463	4
1464	4
1465	4
1466	5
1467	2
1468	8
1469	8
1470	4
1471	6
1472	4
1473	9
1474	6
1475	5
1476	2
1477	5
1478	10
1479	3
1480	1
1481	8
1482	4
1483	1
1484	2
1485	1
1486	5
1487	4
1488	3
1489	4
1490	7
1491	8
1492	6
1493	1
1494	4
1495	3
1496	2
1497	8
1498	10
1499	7
1500	5
1501	1
1502	6
1503	6
1504	3
1505	7
1506	3
1507	6
1508	6
1509	2
1510	5
1511	4
1512	4
1513	2
1514	6
1515	7
1516	7
1517	4
1518	2
1519	6
1520	6
1521	5
1522	9
1523	12
1524	4
1525	6
1526	8
1527	4
1528	4
1529	7
1530	9
1531	6
1532	6
1533	5
1534	2
1535	3
1536	5
1537	2
1538	4
1539	2
1540	1
1541	3
1542	4
1543	2
1544	5
1545	3
1546	3
1547	4
1548	3
1549	9
1550	6
1551	5
1552	2
1553	3
1554	4
1555	0
1556	4
1557	3
1558	6
1559	2
1560	7
1561	1
1562	6
1563	5
1564	1
1565	5
1566	4
1567	5
1568	3
1569	2
1570	2
1571	0
1572	0
1573	2
1574	7
1575	4
1576	4
1577	5
1578	4
1579	4
1580	9
1581	7
1582	4
1583	3
1584	3
1585	3
1586	2
1587	3
1588	3
1589	3
1590	5
1591	4
1592	4
1593	3
1594	5
1595	5
1596	1
1597	3
1598	7
1599	2
1600	2
1601	2
1602	5
1603	5
1604	1
1605	3
1606	4
1607	9
1608	5
1609	6
1610	11
1611	54
1612	109
1613	150
1614	175
1615	119
1616	82
1617	43
1618	11
1619	6
1620	2
1621	2
1622	1
1623	4
1624	2
1625	7
1626	4
1627	4
1628	2
1629	3
1630	2
1631	0
1632	3
1633	0
1634	0
1635	5
1636	3
1637	2
1638	3
1639	1
1640	4
1641	1
1642	5
1643	1
1644	4
1645	2
1646	3
1647	3
1648	2
1649	1
1650	5
1651	7
1652	4
1653	4
1654	5
1655	5
1656	2
1657	2
1658	1
1659	6
1660	2
1661	2
1662	6
1663	1
1664	3
1665	5
1666	6
1667	8
1668	5
1669	3
1670	4
1671	3
1672	2
1673	0
1674	6
1675	0
1676	0
1677	2
1678	2
1679	2
1680	1
1681	4
1682	1
1683	3
1684	0
1685	1
1686	0
1687	2
1688	4
1689	2
1690	0
1691	3
1692	0
1693	4
1694	1
1695	1
1696	5
1697	3
1698	2
1699	1
1700	2
1701	3
1702	2
1703	1
1704	2
1705	5
1706	3
1707	2
1708	2
1709	0
1710	2
1711	2
1712	4
1713	2
1714	3
1715	3
1716	2
1717	2
1718	3
1719	2
1720	0
1721	3
1722	3
1723	3
1724	4
1725	3
1726	3
1727	3
1728	1
1729	4
1730	3
1731	2
1732	4
1733	5
1734	1
1735	2
1736	1
1737	0
1738	4
1739	4
1740	4
1741	2
1742	1
1743	5
1744	4
1745	4
1746	5
1747	3
1748	2
1749	5
1750	5
1751	5
1752	7
1753	8
1754	3
1755	3
1756	2
1757	2
1758	4
1759	2
1760	3
1761	6
1762	1
1763	1
1764	2
1765	3
1766	1
1767	1
1768	6
1769	2
1770	1
1771	2
1772	1
1773	3
1774	3
1775	3
1776	3
1777	1
1778	4
1779	1
1780	1
1781	3
1782	1
1783	2
1784	4
1785	1
1786	0
1787	1
1788	6
1789	3
1790	2
1791	6
1792	2
1793	4
1794	1
1795	2
1796	2
1797	2
1798	4
1799	3
1800	5
1801	3
1802	6
1803	5
1804	2
1805	3
1806	0
1807	0
1808	2
1809	3
1810	8
1811	3
1812	1
1813	3
1814	2
1815	0
1816	2
1817	2
1818	0
1819	4
1820	2
1821	1
1822	4
1823	1
1824	4
1825	0
1826	1
1827	2
1828	1
1829	0
1830	2
1831	0
1832	0
1833	2
1834	3
1835	0
1836	1
1837	1
1838	0
1839	2
1840	0
1841	2
1842	3
1843	1
1844	1
1845	1
1846	2
1847	1
1848	1
1849	1
1850	0
1851	2
1852	1
1853	2
1854	1
1855	2
1856	0
1857	4
1858	2
1859	0
1860	4
1861	1
1862	1
1863	1
1864	3
1865	1
1866	1
1867	4
1868	1
1869	1
1870	0
1871	1
1872	1
1873	1
1874	1
1875	4
1876	2
1877	3
1878	0
1879	3
1880	0
1881	2
1882	0
1883	1
1884	1
1885	2
1886	4
1887	1
1888	3
1889	3
1890	4
1891	0
1892	3
1893	0
1894	2
1895	2
1896	2
1897	2
1898	3
1899	2
1900	3
1901	2
1902	4
1903	3
1904	2
1905	0
1906	1
1907	0
1908	1
1909	3
1910	4
1911	4
1912	1
1913	3
1914	4
1915	3
1916	3
1917	2
1918	5
1919	4
1920	2
1921	5
1922	1
1923	1
1924	1
1925	2
1926	4
1927	1
1928	1
1929	2
1930	1
1931	1
1932	2
1933	1
1934	1
1935	2
1936	2
1937	1
1938	3
1939	1
1940	0
1941	4
1942	3
1943	4
1944	1
1945	4
1946	5
1947	11
1948	17
1949	13
1950	18
1951	7
1952	7
1953	1
1954	1
1955	1
1956	2
1957	1
1958	3
1959	1
1960	2
1961	1
1962	2
1963	3
1964	1
1965	0
1966	2
1967	3
1968	2
1969	3
1970	3
1971	0
1972	0
1973	0
1974	0
1975	1
1976	2
1977	2
1978	2
1979	2
1980	2
1981	1
1982	4
1983	2
1984	0
1985	3
1986	0
1987	3
1988	2
1989	0
1990	0
1991	0
1992	7
1993	1
1994	1
1995	3
1996	2
1997	0
1998	2
1999	1
2000	0
2001	0
2002	2
2003	1
2004	0
2005	4
2006	2
2007	2
2008	1
2009	2
2010	2
2011	0
2012	1
2013	3
2014	0
2015	0
2016	4
2017	1
2018	0
2019	2
2020	1
2021	1
2022	2
2023	0
2024	3
2025	2
2026	0
2027	0
2028	1
2029	1
2030	0
2031	2
2032	3
2033	4
2034	2
2035	1
2036	4
2037	2
2038	1
2039	0
2040	5
2041	5
2042	5
2043	2
2044	2
2045	3
2046	0
2047	0
2048	4
2049	0
2050	0
2051	3
2052	1
2053	0
2054	2
2055	4
2056	0
2057	0
2058	2
2059	1
2060	1
2061	2
2062	4
2063	4
2064	2
2065	1
2066	1
2067	0
2068	3
2069	2
2070	5
2071	1
2072	0
2073	3
2074	4
2075	2
2076	3
2077	0
2078	2
2079	4
2080	5
2081	2
2082	3
2083	1
2084	2
2085	1
2086	1
2087	0
2088	0
2089	1
2090	2
2091	1
2092	0
2093	0
2094	3
2095	2
2096	3
2097	0
2098	1
2099	2
2100	2
2101	1
2102	2
2103	3
2104	1
2105	3
2106	0
2107	1
2108	1
2109	1
2110	2
2111	1
2112	2
2113	1
2114	1
2115	1
2116	0
2117	3
2118	1
2119	1
2120	0
2121	1
2122	1
2123	3
2124	3
2125	0
2126	3
2127	3
2128	0
2129	2
2130	2
2131	0
2132	2
2133	0
2134	0
2135	3
2136	3
2137	1
2138	1
2139	0
2140	0
2141	2
2142	1
2143	0
2144	0
2145	1
2146	2
2147	1
2148	0
2149	0
2150	2
2151	3
2152	3
2153	1
2154	0
2155	5
2156	1
2157	3
2158	1
2159	1
2160	4
2161	5
2162	2
2163	1
2164	1
2165	0
2166	2
2167	3
2168	1
2169	3
2170	1
2171	1
2172	4
2173	0
2174	3
2175	1
2176	1
2177	0
2178	2
2179	0
2180	1
2181	2
2182	2
2183	1
2184	1
2185	1
2186	2
2187	1
2188	0
2189	4
2190	0
2191	3
2192	2
2193	2
2194	1
2195	1
2196	2
2197	0
2198	0
2199	0
2200	2
2201	3
2202	2
2203	0
2204	0
2205	3
2206	2
2207	0
2208	2
2209	3
2210	2
2211	2
2212	0
2213	1
2214	1
2215	3
2216	1
2217	1
2218	2
2219	3
2220	0
2221	3
2222	4
2223	2
2224	3
2225	3
2226	1
2227	1
2228	2
2229	1
2230	1
2231	0
2232	1
2233	1
2234	3
2235	0
2236	0
2237	2
2238	0
2239	0
2240	1
2241	4
2242	0
2243	5
2244	1
2245	1
2246	0
2247	0
2248	2
2249	1
2250	0
2251	2
2252	1
2253	0
2254	1
2255	0
2256	1
2257	0
2258	3
2259	1
2260	1
2261	0
2262	1
2263	1
2264	1
2265	1
2266	0
2267	2
2268	3
2269	0
2270	2
2271	1
2272	1
2273	1
2274	0
2275	3
2276	1
2277	2
2278	5
2279	1
2280	1
2281	2
2282	0
2283	1
2284	4
2285	0
2286	1
2287	3
2288	0
2289	1
2290	1
2291	2
2292	1
2293	1
2294	2
2295	1
2296	3
2297	0
2298	1
2299	0
2300	1
2301	2
2302	3
2303	2
2304	0
2305	2
2306	1
2307	0
2308	0
2309	3
2310	0
2311	1
2312	1
2313	1
2314	2
2315	3
2316	2
2317	2
2318	2
2319	2
2320	2
2321	3
2322	4
2323	5
2324	5
2325	3
2326	4
2327	2
2328	3
2329	3
2330	0
2331	4
2332	3
2333	3
2334	0
2335	0
2336	1
2337	2
2338	1
2339	2
2340	6
2341	2
2342	1
2343	2
2344	3
2345	0
2346	3
2347	4
2348	0
2349	0
2350	2
2351	1
2352	1
2353	1
2354	1
2355	4
2356	0
2357	3
2358	0
2359	3
2360	0
2361	0
2362	2
2363	1
2364	2
2365	3
2366	1
2367	3
2368	2
2369	1
2370	2
2371	4
2372	0
2373	1
2374	1
2375	0
2376	1
2377	5
2378	0
2379	1
2380	0
2381	3
2382	1
2383	1
2384	1
2385	1
2386	1
2387	0
2388	2
2389	1
2390	4
2391	5
2392	1
2393	2
2394	3
2395	1
2396	0
2397	1
2398	2
2399	1
2400	0
2401	0
2402	1
2403	1
2404	1
2405	2
2406	2
2407	1
2408	3
2409	3
2410	0
2411	0
2412	2
2413	0
2414	0
2415	3
2416	1
2417	3
2418	1
2419	1
2420	1
2421	1
2422	2
2423	2
2424	4
2425	1
2426	1
2427	1
2428	1
2429	4
2430	4
2431	3
2432	2
2433	5
2434	6
2435	3
2436	7
2437	3
2438	0
2439	2
2440	1
2441	1
2442	1
2443	0
2444	1
2445	0
2446	1
2447	3
2448	2
2449	0
2450	2
2451	1
2452	3
2453	1
2454	0
2455	1
2456	1
2457	2
2458	3
2459	1
2460	1
2461	0
2462	2
2463	0
2464	1
2465	1
2466	3
2467	1
2468	2
2469	0
2470	0
2471	1
2472	0
2473	1
2474	0
2475	2
2476	2
2477	0
2478	3
2479	2
2480	1
2481	2
2482	1
2483	2
2484	1
2485	2
2486	2
2487	3
2488	0
2489	0
2490	3
2491	1
2492	2
2493	0
2494	1
2495	1
2496	4
2497	1
2498	1
2499	0
2500	1
2501	0
2502	1
2503	0
2504	2
2505	3
2506	1
2507	0
2508	3
2509	2
2510	2
2511	2
2512	3
2513	3
2514	0
2515	3
2516	2
2517	0
2518	2
2519	3
2520	1
2521	1
2522	2
2523	2
2524	0
2525	0
2526	0
2527	1
2528	4
2529	1
2530	1
2531	2
2532	2
2533	1
2534	1
2535	1
2536	3
2537	0
2538	2
2539	2
2540	2
2541	0
2542	2
2543	4
2544	1
2545	2
2546	1
2547	2
2548	1
2549	1
2550	0
2551	1
2552	0
2553	0
2554	2
2555	2
2556	0
2557	1
2558	2
2559	3
2560	1
2561	0
2562	1
2563	2
2564	0
2565	3
2566	2
2567	0
2568	1
2569	0
2570	1
2571	1
2572	0
2573	2
2574	2
2575	0
2576	0
2577	1
2578	0
2579	0
2580	2
2581	2
2582	1
2583	1
2584	0
2585	0
2586	0
2587	3
2588	0
2589	1
2590	1
2591	4
2592	1
2593	0
2594	1
2595	3
2596	3
2597	2
2598	2
2599	1
2600	1
2601	4
2602	2
2603	3
2604	0
2605	3
2606	2
2607	1
2608	1
2609	1
2610	0
2611	4
2612	1
2613	2
2614	2
2615	1
2616	4
2617	2
2618	1
2619	2
2620	0
2621	2
2622	2
2623	1
2624	1
2625	1
2626	5
2627	0
2628	2
2629	2
2630	0
2631	1
2632	3
2633	1
2634	2
2635	0
2636	0
2637	0
2638	3
2639	1
2640	1
2641	1
2642	1
2643	1
2644	0
2645	0
2646	2
2647	1
2648	2
2649	2
2650	2
2651	0
2652	0
2653	2
2654	1
2655	3
2656	2
2657	2
2658	1
2659	1
2660	1
2661	1
2662	1
2663	1
2664	0
2665	1
2666	0
2667	0
2668	0
2669	0
2670	0
2671	0
2672	1
2673	2
2674	0
2675	1
2676	1
2677	1
2678	0
2679	0
2680	0
2681	0
2682	1
2683	0
2684	0
2685	1
2686	2
2687	0
2688	2
2689	1
2690	3
2691	1
2692	2
2693	0
2694	0
2695	2
2696	0
2697	1
2698	1
2699	0
2700	3
2701	4
2702	3
2703	1
2704	5
2705	4
2706	1
2707	1
2708	3
2709	1
2710	1
2711	2
2712	1
2713	2
2714	1
2715	1
2716	3
2717	2
2718	1
2719	1
2720	1
2721	0
2722	0
2723	0
2724	1
2725	1
2726	1
2727	0
2728	0
2729	0
2730	0
2731	2
2732	1
2733	1
2734	0
2735	0
2736	1
2737	0
2738	1
2739	0
2740	1
2741	1
2742	0
2743	0
2744	2
2745	3
2746	0
2747	1
2748	0
2749	0
2750	0
2751	1
2752	1
2753	1
2754	1
2755	0
2756	1
2757	2
2758	0
2759	1
2760	0
2761	0
2762	0
2763	0
2764	1
2765	1
2766	1
2767	0
2768	0
2769	1
2770	3
2771	0
2772	1
2773	1
2774	0
2775	0
2776	2
2777	1
2778	1
2779	1
2780	0
2781	1
2782	1
2783	0
2784	0
2785	1
2786	2
2787	2
2788	0
2789	0
2790	0
2791	1
2792	0
2793	2
2794	0
2795	0
2796	0
2797	3
2798	0
2799	0
2800	2
2801	2
2802	0
2803	0
2804	0
2805	0
2806	1
2807	1
2808	0
2809	0
2810	1
2811	2
2812	1
2813	0
2814	0
2815	0
2816	1
2817	1
2818	0
2819	0
2820	0
2821	0
2822	1
2823	0
2824	3
2825	0
2826	1
2827	0
2828	0
2829	0
2830	0
2831	1
2832	1
2833	1
2834	0
2835	1
2836	2
2837	2
2838	0
2839	0
2840	0
2841	0
2842	2
2843	0
2844	1
2845	0
2846	0
2847	0
2848	0
2849	0
2850	0
2851	0
2852	0
2853	0
2854	1
2855	1
2856	0
2857	0
2858	1
2859	0
2860	1
2861	1
2862	0
2863	1
2864	0
2865	0
2866	1
2867	0
2868	1
2869	1
2870	0
2871	0
2872	0
2873	0
2874	1
2875	0
2876	0
2877	0
2878	1
2879	1
2880	1
2881	2
2882	1
2883	5
2884	20
2885	27
2886	30
2887	37
2888	37
2889	32
2890	26
2891	13
2892	3
2893	1
2894	1
2895	0
2896	0
2897	1
2898	0
2899	2
2900	0
2901	1
2902	0
2903	0
2904	0
2905	0
2906	0
2907	0
2908	0
2909	0
2910	0
2911	0
2912	0
2913	1
2914	0
2915	0
2916	1
2917	0
2918	0
2919	1
2920	0
2921	1
2922	1
2923	0
2924	0
2925	0
2926	0
2927	0
2928	1
2929	1
2930	0
2931	1
2932	0
2933	0
2934	0
2935	0
2936	1
2937	1
2938	0
2939	0
2940	0
2941	0
2942	0
2943	0
2944	0
2945	0
2946	0
2947	1
2948	1
2949	1
2950	0
2951	0
2952	1
2953	0
2954	0
2955	0
2956	0
2957	0
2958	1
2959	1
2960	0
2961	1
2962	1
2963	0
2964	0
2965	1
2966	0
2967	0
2968	1
2969	0
2970	0
2971	0
2972	0
2973	0
2974	0
2975	0
2976	1
2977	1
2978	1
2979	1
2980	0
2981	1
2982	0
2983	0
2984	0
2985	1
2986	0
2987	0
2988	1
2989	1
2990	0
2991	0
2992	0
2993	0
2994	0
2995	0
2996	0
2997	1
2998	2
2999	0
3000	1
3001	0
3002	0
3003	0
3004	0
3005	0
3006	0
3007	1
3008	0
3009	0
3010	0
3011	0
3012	0
3013	0
3014	0
3015	0
3016	0
3017	0
3018	0
3019	2
3020	0
3021	0
3022	3
3023	1
3024	0
3025	1
3026	0
3027	0
3028	1
3029	0
3030	1
3031	0
3032	0
3033	0
3034	0
3035	1
3036	0
3037	0
3038	1
3039	0
3040	0
3041	0
3042	0
3043	0
3044	0
3045	1
3046	0
3047	1
3048	0
3049	0
3050	0
3051	1
3052	1
3053	0
3054	1
3055	0
3056	0
3057	0
3058	0
3059	0
3060	0
3061	0
3062	0
3063	0
3064	0
3065	1
3066	0
3067	1
3068	0
3069	1
3070	0
3071	1
3072	0
3073	0
3074	0
3075	0
3076	0
3077	0
3078	0
3079	0
3080	0
3081	0
3082	2
3083	0
3084	1
3085	1
3086	0
3087	0
3088	0
3089	0
3090	0
3091	1
3092	1
3093	0
3094	0
3095	0
3096	0
3097	0
3098	0
3099	1
3100	0
3101	0
3102	0
3103	0
3104	0
3105	0
3106	1
3107	0
3108	0
3109	1
3110	0
3111	0
3112	0
3113	1
3114	0
3115	0
3116	1
3117	0
3118	0
3119	0
3120	0
3121	0
3122	0
3123	0
3124	0
3125	0
3126	0
3127	0
3128	1
3129	1
3130	0
3131	1
3132	1
3133	0
3134	3
3135	1
3136	0
3137	0
3138	0
3139	0
3140	2
3141	0
3142	0
3143	0
3144	0
3145	0
3146	0
3147	0
3148	0
3149	0
3150	1
3151	0
3152	0
3153	0
3154	1
3155	0
3156	0
3157	0
3158	0
3159	3
3160	0
3161	0
3162	0
3163	0
3164	2
3165	1
3166	0
3167	0
3168	0
3169	0
3170	0
3171	0
3172	0
3173	0
3174	1
3175	1
3176	1
3177	0
3178	1
3179	0
3180	0
3181	0
3182	0
3183	1
3184	0
3185	0
3186	1
3187	0
3188	0
3189	1
3190	0
3191	0
3192	0
3193	1
3194	0
3195	0
3196	0
3197	0
3198	0
3199	0
3200	0
3201	0
3202	1
3203	0
3204	0
3205	0
3206	0
3207	0
3208	0
3209	0
3210	0
3211	1
3212	0
3213	0
3214	0
3215	0
3216	0
3217	0
3218	0
3219	0
3220	0
3221	0
3222	0
3223	0
3224	0
3225	1
3226	1
3227	1
3228	0
3229	0
3230	0
3231	0
3232	0
3233	0
3234	0
3235	0
3236	0
3237	0
3238	0
3239	2
3240	0
3241	0
3242	0
3243	0
3244	0
3245	1
3246	0
3247	0
3248	0
3249	1
3250	0
3251	0
3252	0
3253	0
3254	0
3255	1
3256	0
3257	0
3258	0
3259	0
3260	1
3261	0
3262	1
3263	1
3264	0
3265	0
3266	0
3267	0
3268	0
3269	0
3270	0
3271	0
3272	1
3273	1
3274	1
3275	0
3276	0
3277	0
3278	0
3279	2
3280	1
3281	1
3282	0
3283	0
3284	0
3285	0
3286	0
3287	1
3288	0
3289	0
3290	0
3291	1
3292	0
3293	0
3294	2
3295	0
3296	0
3297	0
3298	1
3299	0
3300	0
3301	0
3302	0
3303	1
3304	0
3305	0
3306	0
3307	2
3308	0
3309	0
3310	0
3311	0
3312	1
3313	0
3314	1
3315	0
3316	0
3317	0
3318	1
3319	0
3320	1
3321	0
3322	0
3323	1
3324	0
3325	1
3326	0
3327	0
3328	0
3329	0
3330	1
3331	0
3332	0
3333	0
3334	0
3335	1
3336	1
3337	0
3338	0
3339	1
3340	0
3341	0
3342	0
3343	1
3344	0
3345	0
3346	0
3347	0
3348	0
3349	1
3350	0
3351	1
3352	0
3353	0
3354	0
3355	0
3356	0
3357	0
3358	0
3359	0
3360	0
3361	0
3362	1
3363	0
3364	0
3365	0
3366	0
3367	2
3368	0
3369	0
3370	0
3371	0
3372	0
3373	0
3374	0
3375	0
3376	0
3377	0
3378	1
3379	0
3380	0
3381	0
3382	0
3383	0
3384	0
3385	0
3386	0
3387	0
3388	1
3389	0
3390	0
3391	0
3392	1
3393	1
3394	0
3395	0
3396	1
3397	1
3398	0
3399	0
3400	0
3401	1
3402	0
3403	0
3404	1
3405	0
3406	0
3407	0
3408	0
3409	1
3410	1
3411	0
3412	0
3413	0
3414	0
3415	0
3416	1
3417	0
3418	0
3419	0
3420	0
3421	0
3422	0
3423	0
3424	0
3425	0
3426	0
3427	0
3428	0
3429	1
3430	0
3431	0
3432	0
3433	0
3434	0
3435	0
3436	0
3437	1
3438	0
3439	0
3440	1
3441	0
3442	0
3443	0
3444	0
3445	0
3446	0
3447	0
3448	0
3449	0
3450	0
3451	0
3452	2
3453	0
3454	1
3455	1
3456	0
3457	1
3458	1
3459	0
3460	0
3461	0
3462	0
3463	1
3464	0
3465	0
3466	0
3467	0
3468	0
3469	0
3470	0
3471	0
3472	0
3473	0
3474	1
3475	1
3476	0
3477	0
3478	0
3479	0
3480	1
3481	0
3482	0
3483	0
3484	2
3485	0
3486	0
3487	1
3488	0
3489	0
3490	1
3491	0
3492	0
3493	1
3494	0
3495	0
3496	1
3497	0
3498	0
3499	0
3500	1
3501	0
3502	0
3503	0
3504	0
3505	1
3506	0
3507	0
3508	1
3509	0
3510	1
3511	0
3512	0
3513	1
3514	0
3515	0
3516	1
3517	1
3518	1
3519	2
3520	0
3521	0
3522	0
3523	1
3524	0
3525	0
3526	1
3527	1
3528	0
3529	0
3530	0
3531	0
3532	0
3533	0
3534	0
3535	0
3536	0
3537	0
3538	0
3539	0
3540	0
3541	1
3542	0
3543	0
3544	0
3545	1
3546	1
3547	0
3548	0
3549	0
3550	0
3551	1
3552	0
3553	1
3554	0
3555	0
3556	0
3557	0
3558	0
3559	0
3560	0
3561	0
3562	0
3563	0
3564	2
3565	0
3566	0
3567	0
3568	0
3569	0
3570	0
3571	0
3572	0
3573	0
3574	0
3575	0
3576	0
3577	0
3578	0
3579	0
3580	0
3581	1
3582	1
3583	0
3584	0
3585	1
3586	0
3587	0
3588	0
3589	0
3590	1
3591	1
3592	1
3593	0
3594	0
3595	0
3596	0
3597	0
3598	1
3599	0
3600	0
3601	0
3602	0
3603	0
3604	0
3605	0
3606	0
3607	0
3608	0
3609	1
3610	1
3611	0
3612	1
3613	0
3614	0
3615	1
3616	0
3617	2
3618	1
3619	0
3620	0
3621	0
3622	0
3623	0
3624	0
3625	0
3626	0
3627	0
3628	0
3629	0
3630	0
3631	1
3632	0
3633	1
3634	0
3635	1
3636	0
3637	0
3638	1
3639	0
3640	0
3641	0
3642	0
3643	0
3644	0
3645	0
3646	0
3647	0
3648	1
3649	0
3650	1
3651	0
3652	0
3653	0
3654	0
3655	1
3656	0
3657	0
3658	0
3659	1
3660	0
3661	0
3662	0
3663	1
3664	0
3665	0
3666	0
3667	0
3668	0
3669	0
3670	0
3671	2
3672	0
3673	0
3674	0
3675	1
3676	0
3677	0
3678	0
3679	2
3680	0
3681	0
3682	1
3683	0
3684	1
3685	0
3686	0
3687	0
3688	0
3689	0
3690	1
3691	0
3692	0
3693	2
3694	0
3695	0
3696	0
3697	0
3698	0
3699	0
3700	1
3701	0
3702	0
3703	0
3704	0
3705	0
3706	0
3707	0
3708	0
3709	0
3710	0
3711	0
3712	1
3713	0
3714	1
3715	0
3716	0
3717	0
3718	0
3719	0
3720	0
3721	0
3722	1
3723	0
3724	0
3725	0
3726	1
3727	1
3728	0
3729	0
3730	0
3731	0
3732	0
3733	0
3734	0
3735	0
3736	0
3737	0
3738	0
3739	0
3740	0
3741	0
3742	0
3743	1
3744	0
3745	0
3746	1
3747	1
3748	1
3749	0
3750	0
3751	0
3752	0
3753	0
3754	0
3755	1
3756	0
3757	0
3758	0
3759	0
3760	0
3761	0
3762	0
3763	0
3764	0
3765	0
3766	0
3767	0
3768	0
3769	0
3770	2
3771	1
3772	0
3773	0
3774	1
3775	0
3776	0
3777	0
3778	0
3779	1
3780	1
3781	0
3782	0
3783	0
3784	0
3785	1
3786	1
3787	0
3788	1
3789	0
3790	0
3791	0
3792	1
3793	1
3794	0
3795	0
3796	0
3797	0
3798	0
3799	0
3800	0
3801	0
3802	1
3803	0
3804	1
3805	0
3806	0
3807	1
3808	0
3809	0
3810	1
3811	0
3812	1
3813	1
3814	1
3815	0
3816	1
3817	0
3818	0
3819	0
3820	0
3821	0
3822	0
3823	0
3824	0
3825	0
3826	0
3827	0
3828	0
3829	0
3830	0
3831	0
3832	0
3833	0
3834	1
3835	0
3836	0
3837	0
3838	0
3839	2
3840	0
3841	0
3842	0
3843	0
3844	0
3845	0
3846	0
3847	0
3848	0
3849	0
3850	0
3851	0
3852	0
3853	0
3854	1
3855	0
3856	0
3857	0
3858	0
3859	0
3860	1
3861	0
3862	0
3863	0
3864	0
3865	1
3866	0
3867	0
3868	0
3869	1
3870	0
3871	0
3872	0
3873	1
3874	0
3875	0
3876	0
3877	0
3878	0
3879	1
3880	0
3881	1
3882	0
3883	0
3884	0
3885	1
3886	0
3887	0
3888	0
3889	1
3890	0
3891	0
3892	0
3893	0
3894	0
3895	0
3896	0
3897	0
3898	0
3899	0
3900	0
3901	1
3902	0
3903	0
3904	0
3905	0
3906	0
3907	1
3908	0
3909	0
3910	0
3911	0
3912	0
3913	0
3914	0
3915	0
3916	0
3917	0
3918	0
3919	0
3920	0
3921	1
3922	0
3923	0
3924	0
3925	0
3926	0
3927	0
3928	2
3929	0
3930	0
3931	1
3932	1
3933	1
3934	0
3935	0
3936	0
3937	0
3938	1
3939	0
3940	0
3941	0
3942	0
3943	0
3944	0
3945	2
3946	0
3947	1
3948	1
3949	0
3950	0
3951	0
3952	0
3953	0
3954	0
3955	0
3956	0
3957	0
3958	0
3959	0
3960	0
3961	0
3962	0
3963	1
3964	0
3965	0
3966	0
3967	0
3968	0
3969	0
3970	0
3971	0
3972	0
3973	0
3974	0
3975	0
3976	0
3977	0
3978	0
3979	0
3980	2
3981	1
3982	0
3983	0
3984	0
3985	0
3986	0
3987	1
3988	0
3989	1
3990	0
3991	0
3992	0
3993	0
3994	0
3995	0
3996	0
3997	0
3998	0
3999	2
4000	0
4001	0
4002	2
4003	0
4004	0
4005	0
4006	0
4007	0
4008	0
4009	1
4010	0
4011	0
4012	0
4013	0
4014	0
4015	0
4016	0
4017	1
4018	1
4019	1
4020	0
4021	0
4022	0
4023	0
4024	0
4025	0
4026	0
4027	0
4028	0
4029	0
4030	0
4031	0
4032	1
4033	0
4034	0
4035	0
4036	0
4037	0
4038	0
4039	0
4040	0
4041	0
4042	1
4043	0
4044	0
4045	0
4046	0
4047	1
4048	0
4049	1
4050	0
4051	0
4052	0
4053	0
4054	0
4055	1
4056	0
4057	0
4058	0
4059	0
4060	1
4061	0
4062	0
4063	0
4064	0
4065	0
4066	0
4067	0
4068	0
4069	0
4070	0
4071	0
4072	0
4073	1
4074	0
4075	0
4076	0
4077	0
4078	0
4079	0
4080	0
4081	0
4082	0
4083	0
4084	0
4085	0
4086	0
4087	0
4088	0
4089	0
4090	0
4091	0
4092	0
4093	0
4094	0
4095	0
4096	0
4097	0
4098	1
4099	0
4100	0
4101	0
4102	0
4103	0
4104	0
4105	0
4106	0
4107	0
4108	0
4109	0
4110	0
4111	1
4112	0
4113	0
4114	0
4115	0
4116	0
4117	0
4118	0
4119	0
4120	0
4121	0
4122	0
4123	1
4124	0
4125	0
4126	0
4127	0
4128	0
4129	0
4130	0
4131	0
4132	0
4133	1
4134	1
4135	0
4136	1
4137	0
4138	0
4139	0
4140	0
4141	0
4142	0
4143	1
4144	0
4145	1
4146	1
4147	0
4148	0
4149	1
4150	0
4151	0
4152	0
4153	0
4154	1
4155	0
4156	1
4157	1
4158	1
4159	0
4160	0
4161	0
4162	1
4163	0
4164	0
4165	0
4166	1
4167	0
4168	0
4169	0
4170	0
4171	0
4172	0
4173	1
4174	0
4175	0
4176	0
4177	0
4178	0
4179	0
4180	0
4181	0
4182	0
4183	0
4184	0
4185	0
4186	1
4187	1
4188	1
4189	0
4190	0
4191	0
4192	1
4193	0
4194	1
4195	0
4196	0
4197	0
4198	1
4199	0
4200	0
4201	0
4202	1
4203	0
4204	0
4205	0
4206	0
4207	0
4208	0
4209	1
4210	2
4211	0
4212	0
4213	0
4214	1
4215	0
4216	0
4217	0
4218	0
4219	1
4220	0
4221	0
4222	1
4223	0
4224	0
4225	1
4226	0
4227	1
4228	0
4229	0
4230	0
4231	0
4232	0
4233	0
4234	0
4235	2
4236	1
4237	1
4238	0
4239	0
4240	0
4241	0
4242	0
4243	0
4244	0
4245	0
4246	0
4247	0
4248	0
4249	0
4250	0
4251	0
4252	0
4253	0
4254	0
4255	0
4256	0
4257	0
4258	0
4259	0
4260	1
4261	0
4262	1
4263	0
4264	0
4265	0
4266	0
4267	0
4268	0
4269	0
4270	0
4271	0
4272	0
4273	0
4274	0
4275	0
4276	0
4277	0
4278	0
4279	0
4280	0
4281	0
4282	0
4283	0
4284	0
4285	0
4286	0
4287	0
4288	1
4289	0
4290	0
4291	0
4292	0
4293	0
4294	1
4295	1
4296	0
4297	0
4298	0
4299	1
4300	0
4301	0
4302	0
4303	0
4304	0
4305	0
4306	0
4307	0
4308	0
4309	0
4310	0
4311	0
4312	0
4313	1
4314	1
4315	1
4316	0
4317	0
4318	0
4319	0
4320	0
4321	0
4322	0
4323	0
4324	0
4325	0
4326	1
4327	1
4328	0
4329	0
4330	0
4331	0
4332	0
4333	0
4334	0
4335	0
4336	0
4337	0
4338	1
4339	0
4340	0
4341	0
4342	0
4343	2
4344	1
4345	0
4346	0
4347	1
4348	0
4349	0
4350	0
4351	0
4352	0
4353	0
4354	1
4355	0
4356	0
4357	0
4358	0
4359	0
4360	0
4361	0
4362	0
4363	0
4364	0
4365	0
4366	0
4367	0
4368	0
4369	0
4370	0
4371	0
4372	1
4373	1
4374	0
4375	0
4376	0
4377	1
4378	0
4379	0
4380	0
4381	0
4382	0
4383	0
4384	0
4385	0
4386	0
4387	0
4388	0
4389	1
4390	0
4391	0
4392	1
4393	0
4394	0
4395	0
4396	0
4397	0
4398	0
4399	0
4400	0
4401	0
4402	0
4403	0
4404	1
4405	0
4406	0
4407	0
4408	0
4409	0
4410	0
4411	0
4412	0
4413	0
4414	0
4415	0
4416	0
4417	0
4418	0
4419	0
4420	0
4421	2
4422	0
4423	0
4424	0
4425	0
4426	0
4427	0
4428	0
4429	0
4430	0
4431	1
4432	0
4433	0
4434	0
4435	0
4436	0
4437	0
4438	0
4439	0
4440	1
4441	0
4442	0
4443	0
4444	0
4445	0
4446	0
4447	1
4448	0
4449	0
4450	0
4451	0
4452	0
4453	0
4454	0
4455	0
4456	1
4457	0
4458	0
4459	0
4460	1
4461	1
4462	0
4463	0
4464	1
4465	0
4466	0
4467	0
4468	0
4469	1
4470	0
4471	0
4472	0
4473	0
4474	0
4475	0
4476	0
4477	0
4478	0
4479	1
4480	1
4481	0
4482	0
4483	0
4484	0
4485	0
4486	0
4487	0
4488	1
4489	1
4490	0
4491	0
4492	0
4493	0
4494	0
4495	0
4496	1
4497	0
4498	0
4499	0
4500	0
4501	0
4502	0
4503	1
4504	0
4505	0
4506	0
4507	0
4508	0
4509	0
4510	1
4511	0
4512	0
4513	0
4514	0
4515	1
4516	0
4517	0
4518	0
4519	0
4520	0
4521	0
4522	0
4523	0
4524	0
4525	0
4526	0
4527	0
4528	0
4529	0
4530	0
4531	1
4532	0
4533	1
4534	0
4535	1
4536	0
4537	0
4538	0
4539	1
4540	0
4541	1
4542	1
4543	2
4544	0
4545	0
4546	0
4547	0
4548	0
4549	0
4550	0
4551	0
4552	1
4553	0
4554	0
4555	0
4556	0
4557	0
4558	0
4559	0
4560	0
4561	1
4562	0
4563	0
4564	0
4565	0
4566	0
4567	0
4568	0
4569	1
4570	0
4571	0
4572	0
4573	0
4574	0
4575	0
4576	0
4577	0
4578	0
4579	0
4580	2
4581	0
4582	1
4583	0
4584	0
4585	0
4586	1
4587	0
4588	0
4589	0
4590	0
4591	0
4592	0
4593	0
4594	0
4595	0
4596	0
4597	1
4598	2
4599	0
4600	0
4601	0
4602	0
4603	0
4604	0
4605	0
4606	0
4607	0
4608	0
4609	0
4610	0
4611	0
4612	0
4613	0
4614	0
4615	0
4616	0
4617	0
4618	0
4619	0
4620	0
4621	0
4622	0
4623	0
4624	0
4625	0
4626	0
4627	0
4628	0
4629	0
4630	0
4631	0
4632	0
4633	0
4634	0
4635	0
4636	0
4637	0
4638	0
4639	0
4640	0
4641	0
4642	1
4643	0
4644	0
4645	0
4646	0
4647	0
4648	0
4649	0
4650	0
4651	0
4652	0
4653	0
4654	0
4655	1
4656	0
4657	1
4658	0
4659	0
4660	0
4661	0
4662	0
4663	0
4664	0
4665	0
4666	0
4667	0
4668	0
4669	0
4670	0
4671	0
4672	0
4673	0
4674	0
4675	0
4676	0
4677	0
4678	0
4679	0
4680	0
4681	0
4682	0
4683	0
4684	1
4685	0
4686	0
4687	0
4688	0
4689	0
4690	0
4691	0
4692	0
4693	0
4694	0
4695	0
4696	1
4697	0
4698	0
4699	0
4700	0
4701	0
4702	0
4703	0
4704	0
4705	0
4706	0
4707	1
4708	1
4709	1
4710	1
4711	0
4712	0
4713	0
4714	1
4715	1
4716	0
4717	1
4718	0
4719	0
4720	0
4721	0
4722	0
4723	1
4724	1
4725	0
4726	0
4727	0
4728	0
4729	0
4730	0
4731	0
4732	0
4733	0
4734	0
4735	0
4736	0
4737	0
4738	0
4739	0
4740	0
4741	0
4742	0
4743	0
4744	0
4745	0
4746	1
4747	0
4748	0
4749	0
4750	0
4751	0
4752	1
4753	0
4754	1
4755	0
4756	0
4757	0
4758	0
4759	0
4760	2
4761	0
4762	0
4763	0
4764	0
4765	0
4766	0
4767	1
4768	0
4769	1
4770	0
4771	0
4772	0
4773	1
4774	1
4775	0
4776	0
4777	0
4778	0
4779	0
4780	0
4781	0
4782	0
4783	0
4784	0
4785	0
4786	1
4787	0
4788	0
4789	0
4790	0
4791	0
4792	0
4793	0
4794	0
4795	0
4796	0
4797	0
4798	0
4799	0
4800	0
4801	0
4802	0
4803	1
4804	0
4805	0
4806	0
4807	0
4808	1
4809	1
4810	0
4811	0
4812	0
4813	0
4814	1
4815	0
4816	0
4817	0
4818	0
4819	1
4820	1
4821	0
4822	0
4823	0
4824	1
4825	1
4826	0
4827	0
4828	0
4829	0
4830	0
4831	0
4832	0
4833	0
4834	1
4835	1
4836	0
4837	0
4838	0
4839	0
4840	0
4841	0
4842	0
4843	0
4844	0
4845	0
4846	0
4847	0
4848	1
4849	0
4850	0
4851	0
4852	1
4853	0
4854	0
4855	0
4856	1
4857	0
4858	0
4859	0
4860	0
4861	0
4862	0
4863	0
4864	0
4865	0
4866	0
4867	0
4868	0
4869	1
4870	0
4871	1
4872	0
4873	0
4874	0
4875	0
4876	0
4877	0
4878	0
4879	0
4880	1
4881	0
4882	0
4883	0
4884	0
4885	0
4886	0
4887	0
4888	0
4889	0
4890	0
4891	1
4892	0
4893	0
4894	1
4895	0
4896	0
4897	0
4898	0
4899	0
4900	0
4901	1
4902	0
4903	0
4904	0
4905	1
4906	0
4907	0
4908	0
4909	0
4910	0
4911	0
4912	0
4913	0
4914	0
4915	0
4916	0
4917	0
4918	0
4919	0
4920	0
4921	1
4922	0
4923	0
4924	0
4925	0
4926	1
4927	0
4928	0
4929	0
4930	0
4931	0
4932	0
4933	0
4934	0
4935	0
4936	0
4937	0
4938	0
4939	0
4940	0
4941	0
4942	0
4943	1
4944	0
4945	0
4946	0
4947	0
4948	0
4949	1
4950	0
4951	0
4952	0
4953	0
4954	0
4955	0
4956	0
4957	0
4958	1
4959	0
4960	0
4961	0
4962	0
4963	0
4964	0
4965	1
4966	0
4967	0
4968	0
4969	0
4970	0
4971	0
4972	0
4973	1
4974	0
4975	0
4976	0
4977	0
4978	1
4979	1
4980	0
4981	0
4982	0
4983	0
4984	0
4985	0
4986	0
4987	0
4988	0
4989	0
4990	0
4991	0
4992	0
4993	0
4994	0
4995	0
4996	0
4997	0
4998	0
4999	0
5000	0
5001	0
5002	0
5003	0
5004	0
5005	0
5006	0
5007	0
5008	1
5009	0
5010	0
5011	1
5012	0
5013	1
5014	0
5015	0
5016	0
5017	0
5018	0
5019	1
5020	0
5021	1
5022	0
5023	0
5024	0
5025	0
5026	0
5027	1
5028	0
5029	0
5030	0
5031	0
5032	0
5033	0
5034	1
5035	0
5036	0
5037	0
5038	0
5039	0
5040	1
5041	0
5042	0
5043	1
5044	0
5045	0
5046	0
5047	0
5048	0
5049	0
5050	0
5051	0
5052	0
5053	1
5054	0
5055	0
5056	0
5057	2
5058	0
5059	0
5060	0
5061	0
5062	0
5063	0
5064	0
5065	1
5066	0
5067	0
5068	0
5069	0
5070	0
5071	0
5072	0
5073	0
5074	0
5075	0
5076	0
5077	0
5078	0
5079	0
5080	0
5081	0
5082	0
5083	0
5084	1
5085	0
5086	0
5087	0
5088	0
5089	0
5090	0
5091	0
5092	0
5093	0
5094	0
5095	0
5096	0
5097	0
5098	0
5099	0
5100	1
5101	0
5102	1
5103	0
5104	0
5105	0
5106	0
5107	0
5108	0
5109	0
5110	0
5111	0
5112	0
5113	0
5114	0
5115	0
5116	1
5117	0
5118	0
5119	0
5120	0
5121	1
5122	0
5123	0
5124	1
5125	1
5126	0
5127	0
5128	0
5129	0
5130	0
5131	0
5132	0
5133	0
5134	0
5135	1
5136	0
5137	1
5138	0
5139	1
5140	0
5141	1
5142	0
5143	0
5144	0
5145	0
5146	0
5147	1
5148	0
5149	0
5150	0
5151	0
5152	0
5153	0
5154	0
5155	0
5156	0
5157	0
5158	0
5159	0
5160	0
5161	0
5162	0
5163	0
5164	0
5165	0
5166	0
5167	0
5168	0
5169	0
5170	0
5171	0
5172	0
5173	0
5174	0
5175	0
5176	0
5177	0
5178	0
5179	0
5180	0
5181	0
5182	0
5183	0
5184	1
5185	0
5186	0
5187	0
5188	0
5189	0
5190	0
5191	0
5192	0
5193	0
5194	1
5195	0
5196	0
5197	0
5198	0
5199	0
5200	0
5201	0
5202	0
5203	0
5204	0
5205	0
5206	1
5207	0
5208	0
5209	0
5210	0
5211	1
5212	0
5213	0
5214	0
5215	0
5216	0
5217	1
5218	0
5219	0
5220	0
5221	0
5222	0
5223	0
5224	0
5225	1
5226	0
5227	0
5228	0
5229	1
5230	0
5231	0
5232	0
5233	0
5234	1
5235	0
5236	1
5237	0
5238	0
5239	0
5240	1
5241	0
5242	0
5243	0
5244	1
5245	0
5246	0
5247	1
5248	0
5249	0
5250	0
5251	0
5252	0
5253	0
5254	0
5255	0
5256	0
5257	0
5258	1
5259	0
5260	2
5261	0
5262	0
5263	0
5264	0
5265	0
5266	0
5267	0
5268	0
5269	0
5270	0
5271	0
5272	1
5273	0
5274	0
5275	0
5276	0
5277	0
5278	0
5279	0
5280	1
5281	0
5282	0
5283	0
5284	0
5285	1
5286	0
5287	0
5288	0
5289	0
5290	0
5291	0
5292	0
5293	0
5294	0
5295	0
5296	0
5297	0
5298	0
5299	0
5300	0
5301	0
5302	1
5303	0
5304	0
5305	0
5306	0
5307	1
5308	0
5309	0
5310	0
5311	0
5312	0
5313	0
5314	0
5315	0
5316	0
5317	0
5318	0
5319	0
5320	0
5321	0
5322	0
5323	0
5324	0
5325	0
5326	0
5327	0
5328	0
5329	0
5330	0
5331	0
5332	0
5333	0
5334	0
5335	0
5336	0
5337	1
5338	0
5339	0
5340	0
5341	0
5342	0
5343	1
5344	1
5345	0
5346	0
5347	1
5348	0
5349	0
5350	0
5351	0
5352	0
5353	0
5354	1
5355	0
5356	0
5357	0
5358	0
5359	0
5360	1
5361	0
5362	1
5363	0
5364	0
5365	0
5366	0
5367	0
5368	0
5369	0
5370	1
5371	1
5372	1
5373	0
5374	0
5375	0
5376	0
5377	0
5378	0
5379	0
5380	0
5381	0
5382	0
5383	0
5384	0
5385	0
5386	0
5387	1
5388	0
5389	0
5390	0
5391	0
5392	0
5393	0
5394	0
5395	0
5396	0
5397	0
5398	0
5399	0
5400	0
5401	0
5402	0
5403	0
5404	0
5405	0
5406	0
5407	0
5408	0
5409	0
5410	0
5411	0
5412	0
5413	0
5414	1
5415	0
5416	0
5417	0
5418	0
5419	0
5420	0
5421	0
5422	1
5423	0
5424	0
5425	0
5426	1
5427	0
5428	0
5429	0
5430	0
5431	0
5432	0
5433	0
5434	0
5435	0
5436	0
5437	0
5438	0
5439	0
5440	0
5441	0
5442	0
5443	0
5444	0
5445	0
5446	0
5447	0
5448	0
5449	0
5450	0
5451	0
5452	1
5453	0
5454	0
5455	0
5456	0
5457	0
5458	0
5459	0
5460	0
5461	0
5462	0
5463	0
5464	0
5465	0
5466	0
5467	0
5468	0
5469	0
5470	0
5471	0
5472	0
5473	1
5474	1
5475	1
5476	0
5477	0
5478	0
5479	0
5480	0
5481	0
5482	0
5483	0
5484	0
5485	0
5486	0
5487	0
5488	1
5489	0
5490	0
5491	0
5492	0
5493	1
5494	1
5495	0
5496	0
5497	0
5498	0
5499	0
5500	0
5501	0
5502	0
5503	0
5504	1
5505	1
5506	0
5507	0
5508	1
5509	0
5510	0
5511	0
5512	0
5513	0
5514	0
5515	0
5516	0
5517	2
5518	0
5519	0
5520	0
5521	0
5522	1
5523	0
5524	0
5525	0
5526	1
5527	1
5528	1
5529	0
5530	0
5531	0
5532	0
5533	1
5534	0
5535	1
5536	0
5537	0
5538	0
5539	0
5540	0
5541	1
5542	0
5543	1
5544	0
5545	0
5546	0
5547	0
5548	0
5549	0
5550	0
5551	0
5552	0
5553	0
5554	0
5555	0
5556	0
5557	0
5558	0
5559	0
5560	0
5561	0
5562	0
5563	0
5564	0
5565	0
5566	1
5567	0
5568	0
5569	0
5570	0
5571	0
5572	0
5573	0
5574	0
5575	2
5576	0
5577	0
5578	1
5579	0
5580	0
5581	0
5582	0
5583	0
5584	0
5585	0
5586	0
5587	0
5588	0
5589	0
5590	0
5591	0
5592	0
5593	0
5594	1
5595	0
5596	1
5597	1
5598	0
5599	0
5600	0
5601	1
5602	0
5603	0
5604	0
5605	0
5606	0
5607	0
5608	0
5609	0
5610	1
5611	0
5612	0
5613	0
5614	0
5615	0
5616	0
5617	0
5618	0
5619	0
5620	1
5621	0
5622	0
5623	1
5624	0
5625	0
5626	0
5627	0
5628	0
5629	0
5630	0
5631	0
5632	0
5633	0
5634	0
5635	0
5636	0
5637	0
5638	0
5639	0
5640	0
5641	0
5642	0
5643	0
5644	1
5645	1
5646	0
5647	0
5648	0
5649	0
5650	0
5651	1
5652	1
5653	0
5654	0
5655	1
5656	0
5657	0
5658	0
5659	0
5660	0
5661	0
5662	0
5663	0
5664	0
5665	1
5666	0
5667	0
5668	0
5669	1
5670	0
5671	2
5672	0
5673	0
5674	0
5675	0
5676	0
5677	1
5678	2
5679	0
5680	0
5681	0
5682	0
5683	0
5684	0
5685	0
5686	0
5687	1
5688	0
5689	0
5690	0
5691	0
5692	0
5693	0
5694	0
5695	1
5696	0
5697	0
5698	0
5699	1
5700	1
5701	0
5702	0
5703	0
5704	0
5705	0
5706	0
5707	0
5708	0
5709	0
5710	0
5711	1
5712	0
5713	0
5714	0
5715	0
5716	0
5717	0
5718	2
5719	0
5720	0
5721	0
5722	1
5723	0
5724	0
5725	0
5726	0
5727	0
5728	0
5729	0
5730	0
5731	0
5732	1
5733	0
5734	1
5735	1
5736	0
5737	0
5738	0
5739	0
5740	1
5741	0
5742	1
5743	0
5744	0
5745	0
5746	0
5747	0
5748	1
5749	0
5750	0
5751	0
5752	0
5753	0
5754	0
5755	0
5756	0
5757	1
5758	0
5759	1
5760	0
5761	0
5762	0
5763	0
5764	0
5765	0
5766	0
5767	0
5768	0
5769	1
5770	0
5771	0
5772	0
5773	0
5774	0
5775	1
5776	0
5777	0
5778	0
5779	0
5780	0
5781	1
5782	0
5783	0
5784	1
5785	0
5786	0
5787	0
5788	0
5789	0
5790	0
5791	0
5792	0
5793	0
5794	0
5795	0
5796	0
5797	0
5798	1
5799	0
5800	0
5801	0
5802	0
5803	0
5804	0
5805	0
5806	0
5807	0
5808	0
5809	0
5810	0
5811	0
5812	0
5813	0
5814	0
5815	0
5816	1
5817	0
5818	0
5819	0
5820	0
5821	0
5822	0
5823	0
5824	0
5825	1
5826	0
5827	0
5828	0
5829	0
5830	0
5831	0
5832	0
5833	0
5834	0
5835	1
5836	0
5837	0
5838	0
5839	0
5840	0
5841	0
5842	0
5843	0
5844	0
5845	0
5846	0
5847	0
5848	0
5849	0
5850	2
5851	0
5852	0
5853	0
5854	0
5855	0
5856	0
5857	0
5858	0
5859	0
5860	0
5861	0
5862	0
5863	0
5864	0
5865	1
5866	0
5867	0
5868	0
5869	0
5870	0
5871	0
5872	0
5873	0
5874	0
5875	0
5876	1
5877	0
5878	0
5879	0
5880	0
5881	0
5882	0
5883	0
5884	0
5885	0
5886	0
5887	0
5888	0
5889	0
5890	1
5891	0
5892	0
5893	0
5894	0
5895	0
5896	0
5897	0
5898	0
5899	0
5900	0
5901	0
5902	0
5903	0
5904	0
5905	0
5906	0
5907	0
5908	0
5909	0
5910	0
5911	0
5912	1
5913	0
5914	0
5915	0
5916	0
5917	0
5918	0
5919	0
5920	1
5921	0
5922	1
5923	0
5924	0
5925	0
5926	0
5927	0
5928	0
5929	0
5930	0
5931	0
5932	0
5933	0
5934	0
5935	1
5936	0
5937	0
5938	0
5939	0
5940	0
5941	0
5942	0
5943	0
5944	0
5945	0
5946	0
5947	0
5948	0
5949	0
5950	0
5951	1
5952	0
5953	0
5954	0
5955	0
5956	1
5957	0
5958	0
5959	0
5960	0
5961	0
5962	0
5963	1
5964	0
5965	0
5966	0
5967	0
5968	1
5969	0
5970	0
5971	0
5972	0
5973	1
5974	0
5975	0
5976	0
5977	1
5978	0
5979	0
5980	0
5981	0
5982	0
5983	0
5984	0
5985	0
5986	0
5987	0
5988	0
5989	0
5990	1
5991	0
5992	0
5993	0
5994	0
5995	0
5996	0
5997	0
5998	0
5999	0
6000	0
6001	0
6002	0
6003	0
6004	0
6005	0
6006	0
6007	0
6008	1
6009	0
6010	0
6011	0
6012	0
6013	0
6014	0
6015	0
6016	0
6017	0
6018	1
6019	0
6020	1
6021	0
6022	1
6023	1
6024	0
6025	0
6026	0
6027	0
6028	0
6029	0
6030	0
6031	0
6032	0
6033	1
6034	0
6035	0
6036	0
6037	1
6038	0
6039	0
6040	0
6041	0
6042	0
6043	0
6044	1
6045	1
6046	0
6047	0
6048	0
6049	0
6050	0
6051	0
6052	0
6053	0
6054	1
6055	0
6056	0
6057	0
6058	0
6059	0
6060	0
6061	0
6062	0
6063	0
6064	0
6065	0
6066	0
6067	0
6068	0
6069	0
6070	0
6071	0
6072	0
6073	0
6074	0
6075	0
6076	0
6077	0
6078	0
6079	0
6080	1
6081	0
6082	0
6083	0
6084	0
6085	0
6086	0
6087	0
6088	0
6089	0
6090	0
6091	0
6092	1
6093	0
6094	0
6095	0
6096	1
6097	0
6098	0
6099	0
6100	0
6101	0
6102	0
6103	0
6104	0
6105	0
6106	1
6107	0
6108	0
6109	0
6110	0
6111	0
6112	0
6113	0
6114	0
6115	0
6116	0
6117	0
6118	0
6119	0
6120	0
6121	0
6122	0
6123	0
6124	1
6125	0
6126	0
6127	0
6128	1
6129	0
6130	0
6131	0
6132	0
6133	0
6134	0
6135	0
6136	0
6137	0
6138	1
6139	0
6140	0
6141	0
6142	0
6143	0
6144	0
6145	0
6146	0
6147	0
6148	0
6149	0
6150	1
6151	0
6152	0
6153	0
6154	0
6155	0
6156	0
6157	0
6158	0
6159	1
6160	0
6161	1
6162	0
6163	0
6164	1
6165	0
6166	0
6167	0
6168	0
6169	0
6170	0
6171	0
6172	0
6173	0
6174	0
6175	0
6176	0
6177	0
6178	0
6179	0
6180	0
6181	0
6182	0
6183	0
6184	1
6185	0
6186	0
6187	0
6188	0
6189	0
6190	1
6191	0
6192	0
6193	0
6194	0
6195	0
6196	0
6197	1
6198	0
6199	0
6200	0
6201	0
6202	0
6203	0
6204	0
6205	0
6206	0
6207	0
6208	0
6209	0
6210	0
6211	0
6212	0
6213	0
6214	1
6215	0
6216	0
6217	0
6218	0
6219	0
6220	0
6221	0
6222	1
6223	0
6224	0
6225	0
6226	0
6227	0
6228	0
6229	0
6230	0
6231	0
6232	0
6233	2
6234	0
6235	0
6236	0
6237	0
6238	0
6239	0
6240	1
6241	0
6242	0
6243	0
6244	0
6245	0
6246	0
6247	0
6248	0
6249	0
6250	0
6251	0
6252	0
6253	0
6254	0
6255	0
6256	0
6257	0
6258	0
6259	0
6260	0
6261	0
6262	0
6263	0
6264	0
6265	0
6266	0
6267	0
6268	0
6269	0
6270	0
6271	0
6272	0
6273	0
6274	0
6275	0
6276	0
6277	0
6278	0
6279	1
6280	0
6281	0
6282	0
6283	0
6284	0
6285	0
6286	0
6287	0
6288	0
6289	0
6290	0
6291	0
6292	0
6293	0
6294	0
6295	0
6296	0
6297	0
6298	0
6299	1
6300	0
6301	0
6302	0
6303	0
6304	0
6305	0
6306	0
6307	0
6308	0
6309	0
6310	0
6311	0
6312	0
6313	0
6314	0
6315	0
6316	0
6317	1
6318	1
6319	1
6320	0
6321	0
6322	0
6323	0
6324	0
6325	0
6326	0
6327	0
6328	0
6329	0
6330	0
6331	0
6332	0
6333	0
6334	0
6335	1
6336	0
6337	0
6338	0
6339	0
6340	2
6341	0
6342	0
6343	0
6344	0
6345	0
6346	0
6347	0
6348	0
6349	0
6350	0
6351	0
6352	0
6353	1
6354	0
6355	0
6356	0
6357	0
6358	0
6359	0
6360	0
6361	0
6362	1
6363	0
6364	0
6365	0
6366	0
6367	0
6368	0
6369	0
6370	0
6371	0
6372	0
6373	0
6374	0
6375	0
6376	0
6377	0
6378	0
6379	0
6380	0
6381	0
6382	0
6383	0
6384	0
6385	1
6386	0
6387	0
6388	1
6389	0
6390	0
6391	1
6392	0
6393	0
6394	0
6395	0
6396	0
6397	0
6398	0
6399	0
6400	0
6401	0
6402	0
6403	1
6404	0
6405	0
6406	0
6407	0
6408	0
6409	0
6410	0
6411	0
6412	0
6413	0
6414	0
6415	0
6416	0
6417	0
6418	0
6419	0
6420	0
6421	0
6422	0
6423	0
6424	0
6425	1
6426	0
6427	0
6428	0
6429	0
6430	0
6431	0
6432	0
6433	0
6434	0
6435	0
6436	0
6437	0
6438	1
6439	0
6440	0
6441	0
6442	0
6443	1
6444	0
6445	0
6446	1
6447	0
6448	0
6449	0
6450	2
6451	0
6452	0
6453	1
6454	0
6455	0
6456	0
6457	1
6458	0
6459	0
6460	0
6461	0
6462	0
6463	1
6464	0
6465	0
6466	0
6467	1
6468	0
6469	0
6470	0
6471	1
6472	0
6473	0
6474	0
6475	0
6476	0
6477	0
6478	0
6479	0
6480	1
6481	0
6482	0
6483	0
6484	1
6485	0
6486	0
6487	0
6488	0
6489	0
6490	0
6491	0
6492	0
6493	0
6494	0
6495	0
6496	0
6497	0
6498	1
6499	0
6500	0
6501	0
6502	0
6503	1
6504	1
6505	0
6506	0
6507	0
6508	1
6509	0
6510	0
6511	0
6512	1
6513	0
6514	0
6515	0
6516	0
6517	1
6518	0
6519	0
6520	0
6521	0
6522	0
6523	1
6524	1
6525	1
6526	0
6527	0
6528	0
6529	0
6530	0
6531	0
6532	0
6533	0
6534	0
6535	0
6536	0
6537	0
6538	0
6539	0
6540	0
6541	0
6542	0
6543	0
6544	0
6545	0
6546	0
6547	0
6548	0
6549	0
6550	0
6551	0
6552	0
6553	0
6554	0
6555	0
6556	0
6557	0
6558	0
6559	0
6560	0
6561	0
6562	0
6563	0
6564	0
6565	0
6566	1
6567	0
6568	1
6569	0
6570	0
6571	0
6572	0
6573	0
6574	0
6575	0
6576	0
6577	0
6578	0
6579	0
6580	0
6581	0
6582	0
6583	1
6584	0
6585	0
6586	0
6587	0
6588	0
6589	1
6590	1
6591	0
6592	0
6593	0
6594	0
6595	0
6596	0
6597	0
6598	0
6599	0
6600	1
6601	0
6602	0
6603	0
6604	0
6605	0
6606	0
6607	0
6608	0
6609	0
6610	0
6611	0
6612	1
6613	0
6614	0
6615	0
6616	0
6617	0
6618	0
6619	0
6620	0
6621	0
6622	0
6623	0
6624	0
6625	0
6626	0
6627	0
6628	0
6629	0
6630	1
6631	0
6632	0
6633	0
6634	0
6635	0
6636	0
6637	0
6638	0
6639	0
6640	0
6641	0
6642	0
6643	0
6644	0
6645	1
6646	0
6647	0
6648	0
6649	1
6650	0
6651	0
6652	0
6653	0
6654	0
6655	0
6656	0
6657	0
6658	0
6659	0
6660	0
6661	0
6662	0
6663	0
6664	0
6665	0
6666	0
6667	0
6668	0
6669	0
6670	1
6671	1
6672	0
6673	0
6674	0
6675	0
6676	0
6677	0
6678	0
6679	0
6680	0
6681	0
6682	0
6683	0
6684	0
6685	0
6686	0
6687	0
6688	0
6689	0
6690	0
6691	0
6692	0
6693	1
6694	0
6695	0
6696	0
6697	0
6698	0
6699	0
6700	0
6701	0
6702	0
6703	0
6704	1
6705	0
6706	0
6707	0
6708	0
6709	0
6710	0
6711	0
6712	0
6713	0
6714	1
6715	0
6716	0
6717	0
6718	0
6719	0
6720	0
6721	0
6722	0
6723	0
6724	0
6725	0
6726	0
6727	0
6728	0
6729	0
6730	0
6731	0
6732	0
6733	0
6734	0
6735	1
6736	0
6737	0
6738	0
6739	1
6740	0
6741	0
6742	0
6743	0
6744	1
6745	0
6746	0
6747	1
6748	0
6749	0
6750	0
6751	0
6752	0
6753	0
6754	0
6755	0
6756	0
6757	0
6758	0
6759	0
6760	0
6761	0
6762	0
6763	0
6764	0
6765	0
6766	0
6767	0
6768	0
6769	0
6770	0
6771	0
6772	1
6773	1
6774	0
6775	0
6776	0
6777	0
6778	0
6779	0
6780	0
6781	1
6782	1
6783	0
6784	0
6785	0
6786	0
6787	1
6788	1
6789	0
6790	0
6791	0
6792	0
6793	0
6794	0
6795	0
6796	0
6797	0
6798	1
6799	0
6800	0
6801	0
6802	0
6803	1
6804	0
6805	0
6806	0
6807	0
6808	0
6809	0
6810	0
6811	0
6812	1
6813	0
6814	0
6815	0
6816	0
6817	0
6818	0
6819	1
6820	0
6821	0
6822	0
6823	0
6824	0
6825	0
6826	0
6827	0
6828	0
6829	0
6830	0
6831	1
6832	0
6833	0
6834	1
6835	1
6836	0
6837	0
6838	1
6839	0
6840	0
6841	0
6842	0
6843	0
6844	1
6845	0
6846	0
6847	0
6848	0
6849	0
6850	0
6851	0
6852	0
6853	0
6854	0
6855	0
6856	0
6857	1
6858	1
6859	0
6860	0
6861	0
6862	0
6863	0
6864	0
6865	0
6866	0
6867	0
6868	0
6869	0
6870	0
6871	0
6872	1
6873	0
6874	0
6875	0
6876	1
6877	0
6878	0
6879	1
6880	0
6881	0
6882	0
6883	0
6884	0
6885	0
6886	0
6887	0
6888	0
6889	0
6890	0
6891	0
6892	0
6893	0
6894	0
6895	0
6896	0
6897	1
6898	0
6899	0
6900	0
6901	0
6902	0
6903	0
6904	0
6905	0
6906	0
6907	0
6908	0
6909	0
6910	0
6911	1
6912	0
6913	0
6914	1
6915	0
6916	0
6917	0
6918	0
6919	0
6920	1
6921	0
6922	0
6923	0
6924	0
6925	0
6926	0
6927	0
6928	0
6929	0
6930	0
6931	0
6932	0
6933	0
6934	0
6935	0
6936	0
6937	0
6938	0
6939	0
6940	1
6941	0
6942	0
6943	0
6944	0
6945	0
6946	0
6947	0
6948	0
6949	1
6950	0
6951	0
6952	0
6953	0
6954	0
6955	0
6956	0
6957	0
6958	0
6959	0
6960	0
6961	0
6962	0
6963	0
6964	1
6965	0
6966	0
6967	0
6968	0
6969	0
6970	0
6971	0
6972	0
6973	0
6974	0
6975	0
6976	0
6977	0
6978	0
6979	0
6980	1
6981	0
6982	0
6983	0
6984	0
6985	0
6986	0
6987	0
6988	0
6989	0
6990	0
6991	0
6992	0
6993	0
6994	0
6995	0
6996	0
6997	0
6998	0
6999	0
7000	0
7001	0
7002	0
7003	0
7004	1
7005	0
7006	0
7007	0
7008	0
7009	0
7010	0
7011	0
7012	0
7013	1
7014	0
7015	0
7016	0
7017	0
7018	0
7019	0
7020	0
7021	1
7022	1
7023	0
7024	1
7025	0
7026	0
7027	0
7028	0
7029	0
7030	0
7031	0
7032	0
7033	0
7034	0
7035	0
7036	0
7037	1
7038	1
7039	0
7040	0
7041	0
7042	0
7043	0
7044	0
7045	0
7046	0
7047	0
7048	0
7049	0
7050	1
7051	0
7052	2
7053	0
7054	0
7055	0
7056	0
7057	0
7058	0
7059	0
7060	0
7061	0
7062	0
7063	0
7064	0
7065	0
7066	0
7067	0
7068	0
7069	0
7070	0
7071	0
7072	0
7073	1
7074	0
7075	0
7076	0
7077	0
7078	0
7079	0
7080	0
7081	0
7082	0
7083	0
7084	1
7085	0
7086	0
7087	1
7088	0
7089	0
7090	1
7091	0
7092	0
7093	0
7094	0
7095	0
7096	0
7097	0
7098	0
7099	0
7100	1
7101	0
7102	0
7103	0
7104	0
7105	0
7106	0
7107	0
7108	0
7109	0
7110	0
7111	0
7112	0
7113	0
7114	0
7115	0
7116	0
7117	0
7118	0
7119	0
7120	0
7121	0
7122	0
7123	0
7124	1
7125	0
7126	0
7127	0
7128	0
7129	1
7130	0
7131	0
7132	0
7133	0
7134	0
7135	0
7136	0
7137	0
7138	0
7139	0
7140	0
7141	0
7142	0
7143	0
7144	0
7145	0
7146	0
7147	0
7148	0
7149	0
7150	0
7151	0
7152	1
7153	0
7154	0
7155	1
7156	0
7157	1
7158	0
7159	0
7160	0
7161	0
7162	1
7163	0
7164	0
7165	0
7166	0
7167	0
7168	0
7169	0
7170	0
7171	0
7172	0
7173	0
7174	0
7175	0
7176	0
7177	0
7178	0
7179	0
7180	0
7181	0
7182	0
7183	0
7184	0
7185	0
7186	0
7187	0
7188	0
7189	0
7190	0
7191	0
7192	0
7193	0
7194	0
7195	1
7196	0
7197	0
7198	0
7199	0
7200	0
7201	0
7202	0
7203	0
7204	0
7205	0
7206	1
7207	0
7208	0
7209	0
7210	0
7211	0
7212	0
7213	0
7214	0
7215	0
7216	0
7217	0
7218	0
7219	0
7220	0
7221	0
7222	0
7223	1
7224	1
7225	0
7226	0
7227	0
7228	0
7229	0
7230	0
7231	0
7232	0
7233	0
7234	0
7235	0
7236	0
7237	0
7238	0
7239	0
7240	0
7241	0
7242	0
7243	0
7244	0
7245	0
7246	0
7247	1
7248	0
7249	0
7250	0
7251	0
7252	0
7253	0
7254	0
7255	0
7256	0
7257	0
7258	0
7259	0
7260	1
7261	1
7262	0
7263	0
7264	0
7265	1
7266	0
7267	0
7268	0
7269	0
7270	1
7271	0
7272	0
7273	0
7274	0
7275	1
7276	0
7277	0
7278	0
7279	0
7280	0
7281	0
7282	1
7283	0
7284	0
7285	0
7286	0
7287	0
7288	1
7289	0
7290	0
7291	0
7292	0
7293	0
7294	0
7295	0
7296	0
7297	0
7298	0
7299	0
7300	1
7301	0
7302	0
7303	0
7304	0
7305	0
7306	0
7307	0
7308	0
7309	0
7310	0
7311	0
7312	1
7313	0
7314	0
7315	0
7316	0
7317	0
7318	0
7319	0
7320	1
7321	0
7322	0
7323	0
7324	0
7325	0
7326	0
7327	0
7328	0
7329	0
7330	0
7331	0
7332	0
7333	0
7334	0
7335	0
7336	0
7337	0
7338	0
7339	0
7340	0
7341	0
7342	0
7343	0
7344	0
7345	0
7346	0
7347	0
7348	0
7349	0
7350	0
7351	0
7352	0
7353	0
7354	0
7355	0
7356	1
7357	0
7358	0
7359	0
7360	0
7361	0
7362	0
7363	1
7364	0
7365	0
7366	0
7367	1
7368	0
7369	0
7370	0
7371	1
7372	0
7373	0
7374	0
7375	0
7376	0
7377	0
7378	0
7379	0
7380	0
7381	0
7382	0
7383	0
7384	0
7385	0
7386	0
7387	1
7388	0
7389	0
7390	0
7391	0
7392	0
7393	0
7394	0
7395	0
7396	0
7397	0
7398	0
7399	0
7400	0
7401	0
7402	0
7403	1
7404	1
7405	0
7406	0
7407	0
7408	0
7409	0
7410	0
7411	1
7412	1
7413	0
7414	0
7415	0
7416	0
7417	0
7418	0
7419	0
7420	0
7421	0
7422	0
7423	0
7424	0
7425	0
7426	0
7427	0
7428	0
7429	0
7430	1
7431	0
7432	0
7433	0
7434	0
7435	0
7436	0
7437	0
7438	0
7439	1
7440	0
7441	1
7442	0
7443	0
7444	0
7445	0
7446	0
7447	1
7448	0
7449	0
7450	0
7451	0
7452	0
7453	0
7454	0
7455	0
7456	0
7457	0
7458	0
7459	0
7460	0
7461	0
7462	0
7463	0
7464	0
7465	0
7466	0
7467	0
7468	0
7469	0
7470	0
7471	0
7472	1
7473	0
7474	0
7475	0
7476	0
7477	0
7478	0
7479	0
7480	0
7481	0
7482	0
7483	0
7484	0
7485	0
7486	0
7487	0
7488	0
7489	0
7490	0
7491	0
7492	0
7493	0
7494	0
7495	0
7496	0
7497	0
7498	0
7499	0
7500	0
7501	0
7502	0
7503	0
7504	0
7505	0
7506	0
7507	0
7508	0
7509	0
7510	0
7511	0
7512	0
7513	0
7514	0
7515	0
7516	0
7517	0
7518	1
7519	1
7520	0
7521	0
7522	1
7523	0
7524	0
7525	0
7526	0
7527	0
7528	0
7529	0
7530	0
7531	0
7532	0
7533	0
7534	0
7535	0
7536	0
7537	0
7538	0
7539	0
7540	0
7541	0
7542	0
7543	0
7544	0
7545	0
7546	0
7547	0
7548	0
7549	0
7550	0
7551	0
7552	0
7553	0
7554	0
7555	0
7556	0
7557	0
7558	0
7559	0
7560	0
7561	0
7562	0
7563	1
7564	0
7565	0
7566	0
7567	1
7568	0
7569	0
7570	0
7571	0
7572	0
7573	1
7574	0
7575	0
7576	0
7577	0
7578	0
7579	0
7580	0
7581	0
7582	0
7583	0
7584	0
7585	0
7586	0
7587	0
7588	0
7589	0
7590	1
7591	0
7592	0
7593	0
7594	0
7595	0
7596	0
7597	0
7598	0
7599	0
7600	0
7601	0
7602	1
7603	0
7604	0
7605	0
7606	0
7607	0
7608	0
7609	0
7610	0
7611	0
7612	0
7613	0
7614	0
7615	0
7616	0
7617	1
7618	1
7619	0
7620	0
7621	0
7622	0
7623	0
7624	0
7625	0
7626	0
7627	1
7628	0
7629	0
7630	0
7631	0
7632	0
7633	0
7634	1
7635	0
7636	0
7637	0
7638	0
7639	0
7640	0
7641	0
7642	0
7643	0
7644	0
7645	0
7646	0
7647	0
7648	0
7649	0
7650	0
7651	0
7652	0
7653	0
7654	0
7655	0
7656	0
7657	0
7658	0
7659	0
7660	0
7661	0
7662	0
7663	0
7664	0
7665	0
7666	0
7667	0
7668	0
7669	0
7670	0
7671	0
7672	0
7673	0
7674	0
7675	0
7676	0
7677	0
7678	0
7679	0
7680	0
7681	0
7682	0
7683	0
7684	0
7685	0
7686	0
7687	0
7688	0
7689	0
7690	0
7691	0
7692	0
7693	0
7694	0
7695	0
7696	0
7697	0
7698	1
7699	0
7700	0
7701	0
7702	0
7703	0
7704	0
7705	0
7706	0
7707	0
7708	0
7709	0
7710	0
7711	0
7712	0
7713	0
7714	0
7715	0
7716	0
7717	0
7718	1
7719	0
7720	0
7721	0
7722	0
7723	0
7724	0
7725	0
7726	0
7727	0
7728	0
7729	0
7730	0
7731	0
7732	0
7733	0
7734	0
7735	0
7736	0
7737	0
7738	0
7739	0
7740	1
7741	0
7742	0
7743	0
7744	0
7745	0
7746	0
7747	0
7748	1
7749	0
7750	0
7751	0
7752	0
7753	0
7754	0
7755	0
7756	0
7757	0
7758	1
7759	0
7760	0
7761	0
7762	0
7763	0
7764	0
7765	1
7766	0
7767	0
7768	1
7769	0
7770	0
7771	0
7772	0
7773	0
7774	0
7775	0
7776	0
7777	0
7778	0
7779	0
7780	0
7781	2
7782	0
7783	0
7784	0
7785	0
7786	0
7787	0
7788	0
7789	0
7790	0
7791	0
7792	1
7793	0
7794	0
7795	0
7796	0
7797	0
7798	0
7799	0
7800	0
7801	0
7802	0
7803	0
7804	0
7805	0
7806	0
7807	0
7808	0
7809	0
7810	0
7811	0
7812	0
7813	0
7814	0
7815	0
7816	0
7817	1
7818	0
7819	0
7820	0
7821	1
7822	0
7823	0
7824	0
7825	0
7826	0
7827	0
7828	0
7829	0
7830	0
7831	0
7832	0
7833	0
7834	1
7835	0
7836	0
7837	0
7838	0
7839	0
7840	1
7841	0
7842	0
7843	0
7844	0
7845	0
7846	0
7847	0
7848	0
7849	0
7850	0
7851	0
7852	0
7853	0
7854	0
7855	0
7856	0
7857	0
7858	0
7859	0
7860	0
7861	0
7862	0
7863	0
7864	0
7865	0
7866	0
7867	0
7868	0
7869	0
7870	0
7871	0
7872	1
7873	0
7874	1
7875	0
7876	0
7877	0
7878	0
7879	0
7880	0
7881	0
7882	0
7883	0
7884	0
7885	0
7886	2
7887	0
7888	0
7889	0
7890	0
7891	0
7892	0
7893	0
7894	0
7895	0
7896	0
7897	0
7898	1
7899	0
7900	0
7901	0
7902	0
7903	0
7904	0
7905	0
7906	0
7907	1
7908	0
7909	0
7910	0
7911	0
7912	1
7913	0
7914	0
7915	0
7916	0
7917	0
7918	0
7919	0
7920	0
7921	0
7922	0
7923	0
7924	1
7925	0
7926	0
7927	0
7928	0
7929	0
7930	0
7931	1
7932	0
7933	0
7934	0
7935	1
7936	0
7937	0
7938	1
7939	0
7940	1
7941	0
7942	0
7943	0
7944	0
7945	0
7946	1
7947	0
7948	0
7949	0
7950	0
7951	0
7952	0
7953	0
7954	0
7955	0
7956	0
7957	0
7958	1
7959	1
7960	0
7961	0
7962	0
7963	0
7964	0
7965	0
7966	0
7967	0
7968	0
7969	0
7970	0
7971	0
7972	0
7973	0
7974	0
7975	0
7976	0
7977	0
7978	0
7979	0
7980	0
7981	0
7982	0
7983	0
7984	0
7985	0
7986	0
7987	1
7988	0
7989	0
7990	0
7991	0
7992	0
7993	0
7994	0
7995	0
7996	0
7997	0
7998	0
7999	1
8000	0
8001	0
8002	1
8003	0
8004	0
8005	0
8006	0
8007	0
8008	1
8009	0
8010	0
8011	0
8012	0
8013	0
8014	0
8015	0
8016	0
8017	0
8018	0
8019	1
8020	0
8021	0
8022	0
8023	0
8024	0
8025	0
8026	0
8027	0
8028	0
8029	0
8030	1
8031	0
8032	0
8033	0
8034	0
8035	0
8036	0
8037	0
8038	0
8039	0
8040	0
8041	0
8042	0
8043	0
8044	0
8045	0
8046	0
8047	0
8048	0
8049	0
8050	0
8051	0
8052	0
8053	0
8054	0
8055	0
8056	0
8057	0
8058	0
8059	0
8060	0
8061	0
8062	0
8063	0
8064	0
8065	0
8066	0
8067	0
8068	0
8069	0
8070	0
8071	0
8072	0
8073	0
8074	0
8075	0
8076	0
8077	0
8078	0
8079	0
8080	0
8081	0
8082	0
8083	0
8084	0
8085	0
8086	0
8087	0
8088	0
8089	0
8090	0
8091	0
8092	0
8093	0
8094	0
8095	0
8096	0
8097	0
8098	0
8099	0
8100	0
8101	0
8102	0
8103	0
8104	0
8105	0
8106	0
8107	0
8108	0
8109	0
8110	0
8111	0
8112	0
8113	0
8114	0
8115	0
8116	0
8117	0
8118	0
8119	0
8120	0
8121	0
8122	0
8123	0
8124	0
8125	0
8126	0
8127	0
8128	0
8129	0
8130	0
8131	0
8132	0
8133	0
8134	0
8135	0
8136	0
8137	0
8138	0
8139	0
8140	0
8141	0
8142	0
8143	0
8144	0
8145	0
8146	0
8147	0
8148	0
8149	0
8150	0
8151	0
8152	0
8153	0
8154	0
8155	0
8156	0
8157	0
8158	0
8159	0
8160	0
8161	0
8162	0
8163	0
8164	0
8165	0
8166	0
8167	0
8168	0
8169	0
8170	0
8171	0
8172	0
8173	0
8174	0
8175	0
8176	0
8177	0
8178	0
8179	0
8180	0
8181	0
8182	0
8183	0
8184	0
8185	0
8186	0
8187	0
8188	0
8189	0
8190	0
8191	0
