-2	86400
-1	86429.94
0	0
1	0
2	0
3	0
4	0
5	0
6	0
7	0
8	0
9	0
10	0
11	0
12	0
13	0
14	0
15	0
16	0
17	0
18	0
19	0
20	0
21	0
22	0
23	0
24	0
25	0
26	0
27	0
28	0
29	0
30	0
31	0
32	0
33	0
34	0
35	0
36	0
37	0
38	0
39	0
40	0
41	0
42	0
43	0
44	0
45	0
46	4
47	3
48	0
49	104
50	396
51	467
52	583
53	613
54	745
55	829
56	803
57	891
58	892
59	827
60	844
61	814
62	756
63	758
64	698
65	778
66	776
67	775
68	790
69	756
70	771
71	828
72	822
73	743
74	831
75	831
76	875
77	789
78	797
79	817
80	913
81	845
82	847
83	812
84	838
85	873
86	835
87	796
88	812
89	810
90	875
91	849
92	807
93	916
94	876
95	898
96	918
97	855
98	903
99	890
100	915
101	901
102	988
103	947
104	929
105	928
106	986
107	1033
108	1016
109	1045
110	963
111	1016
112	1016
113	1072
114	1108
115	1092
116	1107
117	1070
118	1171
119	1197
120	1199
121	1139
122	1161
123	1230
124	1160
125	1208
126	1257
127	1261
128	1295
129	1283
130	1297
131	1247
132	1330
133	1329
134	1377
135	1361
136	1331
137	1418
138	1398
139	1396
140	1428
141	1573
142	1503
143	1451
144	1489
145	1482
146	1536
147	1507
148	1510
149	1506
150	1604
151	1549
152	1578
153	1560
154	1632
155	1686
156	1611
157	1602
158	1556
159	1584
160	1588
161	1654
162	1668
163	1605
164	1671
165	1637
166	1593
167	1642
168	1712
169	1625
170	1630
171	1661
172	1661
173	1679
174	1668
175	1584
176	1637
177	1624
178	1657
179	1662
180	1680
181	1641
182	1659
183	1653
184	1692
185	1603
186	1698
187	1640
188	1625
189	1636
190	1708
191	1678
192	1691
193	1644
194	1589
195	1691
196	1662
197	1611
198	1617
199	1612
200	1617
201	1627
202	1623
203	1672
204	1593
205	1612
206	1596
207	1613
208	1704
209	1651
210	1616
211	1590
212	1658
213	1645
214	1626
215	1566
216	1577
217	1610
218	1561
219	1583
220	1602
221	1590
222	1521
223	1641
224	1592
225	1536
226	1576
227	1569
228	1484
229	1482
230	1519
231	1507
232	1523
233	1493
234	1556
235	1508
236	1525
237	1544
238	1523
239	1505
240	1508
241	1489
242	1520
243	1482
244	1466
245	1459
246	1450
247	1481
248	1453
249	1482
250	1431
251	1406
252	1529
253	1487
254	1483
255	1447
256	1379
257	1438
258	1365
259	1403
260	1442
261	1387
262	1403
263	1419
264	1508
265	1406
266	1392
267	1338
268	1303
269	1228
270	1313
271	1318
272	1295
273	1242
274	1240
275	1270
276	1277
277	1245
278	1270
279	1209
280	1244
281	1287
282	1205
283	1239
284	1199
285	1201
286	1224
287	1245
288	1255
289	1252
290	1147
291	1129
292	1134
293	1219
294	1159
295	1136
296	1217
297	1116
298	1095
299	1135
300	1165
301	1163
302	1155
303	1093
304	1138
305	1095
306	1109
307	1076
308	1120
309	1125
310	1036
311	1061
312	1025
313	1070
314	1042
315	1067
316	1075
317	1035
318	1059
319	1008
320	1036
321	997
322	1003
323	995
324	1001
325	1023
326	1080
327	1029
328	1069
329	1010
330	976
331	1019
332	959
333	1034
334	968
335	928
336	1001
337	843
338	914
339	935
340	897
341	980
342	931
343	886
344	959
345	870
346	920
347	917
348	968
349	884
350	883
351	906
352	872
353	925
354	899
355	891
356	892
357	829
358	867
359	894
360	849
361	876
362	860
363	871
364	826
365	878
366	876
367	846
368	837
369	857
370	860
371	843
372	853
373	853
374	818
375	827
376	825
377	832
378	823
379	833
380	849
381	744
382	829
383	860
384	785
385	781
386	787
387	848
388	892
389	923
390	945
391	863
392	748
393	729
394	741
395	738
396	679
397	702
398	722
399	733
400	689
401	736
402	718
403	757
404	712
405	749
406	732
407	669
408	726
409	715
410	715
411	715
412	725
413	675
414	690
415	679
416	714
417	663
418	711
419	671
420	687
421	678
422	664
423	668
424	630
425	657
426	657
427	672
428	654
429	645
430	659
431	616
432	651
433	649
434	662
435	610
436	623
437	594
438	647
439	635
440	639
441	629
442	641
443	576
444	609
445	604
446	611
447	638
448	641
449	627
450	622
451	604
452	607
453	605
454	645
455	578
456	579
457	576
458	596
459	620
460	584
461	560
462	559
463	604
464	563
465	567
466	567
467	570
468	532
469	596
470	597
471	606
472	594
473	553
474	576
475	516
476	570
477	553
478	539
479	574
480	543
481	553
482	506
483	595
484	541
485	575
486	553
487	556
488	539
489	540
490	552
491	532
492	549
493	527
494	520
495	504
496	524
497	543
498	470
499	537
500	501
501	509
502	526
503	508
504	512
505	507
506	497
507	560
508	538
509	505
510	505
511	528
512	535
513	552
514	482
515	486
516	496
517	511
518	535
519	545
520	484
521	476
522	505
523	532
524	494
525	465
526	469
527	489
528	479
529	484
530	496
531	498
532	458
533	482
534	480
535	449
536	484
537	501
538	492
539	485
540	450
541	449
542	420
543	467
544	441
545	482
546	472
547	481
548	416
549	467
550	450
551	428
552	468
553	419
554	449
555	455
556	423
557	440
558	473
559	460
560	514
561	517
562	672
563	864
564	1113
565	1305
566	1223
567	1003
568	764
569	570
570	496
571	413
572	465
573	449
574	420
575	409
576	412
577	417
578	419
579	420
580	439
581	386
582	410
583	406
584	393
585	406
586	384
587	396
588	370
589	383
590	379
591	402
592	381
593	424
594	413
595	415
596	401
597	384
598	363
599	404
600	396
601	399
602	406
603	374
604	378
605	399
606	386
607	361
608	381
609	371
610	378
611	373
612	381
613	376
614	410
615	410
616	406
617	351
618	423
619	370
620	340
621	396
622	323
623	343
624	394
625	371
626	372
627	378
628	337
629	359
630	384
631	387
632	393
633	372
634	359
635	363
636	349
637	388
638	360
639	352
640	362
641	374
642	373
643	472
644	588
645	679
646	575
647	450
648	369
649	313
650	325
651	309
652	377
653	328
654	376
655	356
656	319
657	359
658	321
659	358
660	329
661	346
662	379
663	348
664	384
665	375
666	395
667	350
668	365
669	361
670	365
671	421
672	562
673	658
674	739
675	644
676	436
677	375
678	369
679	305
680	340
681	328
682	333
683	314
684	340
685	317
686	342
687	323
688	309
689	287
690	302
691	303
692	277
693	335
694	309
695	312
696	312
697	332
698	325
699	313
700	305
701	300
702	309
703	291
704	286
705	301
706	291
707	321
708	305
709	277
710	284
711	312
712	273
713	298
714	324
715	343
716	278
717	296
718	301
719	288
720	283
721	279
722	297
723	289
724	261
725	277
726	277
727	258
728	275
729	284
730	282
731	276
732	322
733	280
734	307
735	302
736	291
737	289
738	275
739	299
740	344
741	316
742	321
743	285
744	291
745	292
746	281
747	283
748	282
749	284
750	269
751	278
752	287
753	289
754	272
755	297
756	294
757	280
758	249
759	250
760	310
761	292
762	309
763	299
764	307
765	268
766	278
767	285
768	284
769	268
770	268
771	290
772	289
773	301
774	271
775	264
776	258
777	262
778	282
779	314
780	277
781	267
782	256
783	249
784	284
785	274
786	273
787	270
788	286
789	275
790	234
791	233
792	258
793	246
794	264
795	246
796	244
797	257
798	259
799	262
800	289
801	292
802	288
803	336
804	363
805	312
806	292
807	248
808	278
809	226
810	237
811	264
812	266
813	275
814	257
815	278
816	248
817	259
818	234
819	266
820	269
821	252
822	261
823	222
824	251
825	226
826	227
827	251
828	248
829	254
830	227
831	237
832	217
833	242
834	263
835	232
836	279
837	205
838	232
839	250
840	256
841	212
842	227
843	241
844	240
845	232
846	236
847	243
848	298
849	296
850	289
851	251
852	282
853	251
854	218
855	236
856	240
857	255
858	227
859	248
860	231
861	224
862	221
863	234
864	216
865	213
866	247
867	237
868	240
869	204
870	243
871	229
872	202
873	196
874	214
875	221
876	228
877	242
878	250
879	276
880	250
881	218
882	250
883	217
884	211
885	220
886	199
887	194
888	210
889	216
890	242
891	215
892	227
893	228
894	246
895	202
896	214
897	199
898	236
899	192
900	205
901	199
902	204
903	199
904	221
905	201
906	225
907	214
908	213
909	195
910	194
911	211
912	208
913	204
914	197
915	202
916	200
917	214
918	211
919	190
920	210
921	202
922	186
923	222
924	208
925	244
926	205
927	222
928	204
929	240
930	237
931	222
932	201
933	183
934	240
935	188
936	216
937	224
938	207
939	210
940	190
941	196
942	196
943	201
944	209
945	188
946	189
947	199
948	198
949	224
950	252
951	236
952	234
953	218
954	221
955	169
956	189
957	187
958	186
959	190
960	188
961	190
962	215
963	197
964	217
965	193
966	183
967	184
968	182
969	187
970	185
971	187
972	192
973	201
974	175
975	184
976	195
977	204
978	165
979	188
980	200
981	191
982	184
983	178
984	191
985	202
986	209
987	188
988	199
989	203
990	179
991	231
992	191
993	177
994	209
995	156
996	201
997	185
998	178
999	195
1000	189
1001	186
1002	177
1003	218
1004	248
1005	310
1006	427
1007	513
1008	498
1009	367
1010	229
1011	175
1012	184
1013	172
1014	163
1015	172
1016	196
1017	170
1018	179
1019	183
1020	171
1021	197
1022	167
1023	165
1024	167
1025	187
1026	158
1027	168
1028	151
1029	169
1030	167
1031	190
1032	214
1033	233
1034	180
1035	182
1036	157
1037	183
1038	191
1039	167
1040	161
1041	173
1042	169
1043	173
1044	174
1045	147
1046	194
1047	161
1048	204
1049	189
1050	189
1051	190
1052	159
1053	159
1054	176
1055	164
1056	171
1057	174
1058	170
1059	191
1060	166
1061	181
1062	179
1063	189
1064	209
1065	225
1066	253
1067	241
1068	234
1069	264
1070	364
1071	373
1072	352
1073	262
1074	200
1075	150
1076	166
1077	177
1078	163
1079	176
1080	150
1081	172
1082	142
1083	143
1084	157
1085	183
1086	186
1087	156
1088	170
1089	160
1090	145
1091	149
1092	150
1093	152
1094	177
1095	163
1096	138
1097	170
1098	169
1099	161
1100	161
1101	173
1102	156
1103	150
1104	152
1105	170
1106	177
1107	178
1108	177
1109	147
1110	161
1111	159
1112	155
1113	144
1114	171
1115	156
1116	166
1117	125
1118	149
1119	144
1120	137
1121	163
1122	165
1123	148
1124	152
1125	170
1126	162
1127	152
1128	179
1129	165
1130	175
1131	154
1132	126
1133	130
1134	139
1135	137
1136	158
1137	145
1138	163
1139	166
1140	151
1141	137
1142	170
1143	155
1144	167
1145	177
1146	147
1147	130
1148	141
1149	147
1150	161
1151	180
1152	142
1153	174
1154	173
1155	165
1156	141
1157	151
1158	153
1159	138
1160	136
1161	140
1162	152
1163	151
1164	159
1165	139
1166	132
1167	167
1168	133
1169	176
1170	149
1171	158
1172	166
1173	143
1174	139
1175	160
1176	158
1177	169
1178	152
1179	148
1180	158
1181	154
1182	149
1183	137
1184	137
1185	140
1186	155
1187	158
1188	160
1189	139
1190	136
1191	143
1192	131
1193	165
1194	150
1195	140
1196	152
1197	152
1198	144
1199	148
1200	163
1201	151
1202	133
1203	150
1204	131
1205	148
1206	147
1207	130
1208	149
1209	151
1210	174
1211	156
1212	132
1213	158
1214	149
1215	149
1216	128
1217	163
1218	169
1219	138
1220	148
1221	133
1222	141
1223	156
1224	146
1225	154
1226	153
1227	147
1228	136
1229	143
1230	157
1231	142
1232	166
1233	153
1234	186
1235	180
1236	232
1237	271
1238	337
1239	329
1240	246
1241	200
1242	164
1243	152
1244	137
1245	149
1246	152
1247	151
1248	124
1249	127
1250	152
1251	147
1252	141
1253	128
1254	150
1255	129
1256	148
1257	166
1258	119
1259	145
1260	126
1261	134
1262	151
1263	154
1264	141
1265	108
1266	145
1267	139
1268	124
1269	137
1270	130
1271	170
1272	139
1273	131
1274	162
1275	140
1276	162
1277	172
1278	144
1279	171
1280	135
1281	130
1282	152
1283	129
1284	123
1285	130
1286	130
1287	148
1288	141
1289	126
1290	142
1291	139
1292	147
1293	136
1294	145
1295	154
1296	149
1297	117
1298	144
1299	109
1300	149
1301	135
1302	154
1303	137
1304	161
1305	140
1306	136
1307	139
1308	144
1309	140
1310	129
1311	158
1312	147
1313	135
1314	133
1315	155
1316	138
1317	163
1318	149
1319	142
1320	140
1321	126
1322	152
1323	142
1324	159
1325	132
1326	144
1327	149
1328	136
1329	137
1330	136
1331	131
1332	151
1333	148
1334	163
1335	130
1336	135
1337	136
1338	159
1339	156
1340	134
1341	145
1342	155
1343	156
1344	160
1345	161
1346	106
1347	145
1348	150
1349	131
1350	152
1351	146
1352	151
1353	143
1354	138
1355	133
1356	140
1357	154
1358	154
1359	165
1360	153
1361	125
1362	150
1363	134
1364	142
1365	141
1366	170
1367	199
1368	202
1369	204
1370	205
1371	176
1372	136
1373	139
1374	112
1375	132
1376	133
1377	120
1378	108
1379	132
1380	115
1381	126
1382	129
1383	119
1384	118
1385	116
1386	121
1387	118
1388	110
1389	108
1390	104
1391	102
1392	101
1393	104
1394	98
1395	137
1396	100
1397	105
1398	118
1399	119
1400	114
1401	101
1402	99
1403	104
1404	99
1405	101
1406	106
1407	90
1408	118
1409	103
1410	117
1411	103
1412	128
1413	108
1414	124
1415	108
1416	125
1417	133
1418	126
1419	112
1420	106
1421	85
1422	110
1423	98
1424	105
1425	116
1426	92
1427	113
1428	110
1429	91
1430	89
1431	97
1432	83
1433	91
1434	105
1435	98
1436	110
1437	100
1438	127
1439	98
1440	107
1441	99
1442	101
1443	109
1444	101
1445	103
1446	98
1447	97
1448	94
1449	90
1450	121
1451	95
1452	105
1453	84
1454	102
1455	91
1456	85
1457	96
1458	83
1459	107
1460	99
1461	89
1462	86
1463	97
1464	88
1465	98
1466	107
1467	87
1468	89
1469	88
1470	81
1471	83
1472	95
1473	84
1474	101
1475	88
1476	80
1477	76
1478	76
1479	102
1480	80
1481	95
1482	81
1483	85
1484	66
1485	95
1486	93
1487	73
1488	81
1489	76
1490	91
1491	84
1492	78
1493	72
1494	88
1495	70
1496	80
1497	66
1498	79
1499	56
1500	78
1501	78
1502	84
1503	76
1504	71
1505	74
1506	77
1507	68
1508	82
1509	84
1510	76
1511	73
1512	100
1513	63
1514	76
1515	74
1516	80
1517	67
1518	68
1519	83
1520	96
1521	122
1522	150
1523	118
1524	116
1525	112
1526	63
1527	88
1528	73
1529	88
1530	82
1531	83
1532	82
1533	80
1534	71
1535	69
1536	86
1537	70
1538	75
1539	85
1540	80
1541	81
1542	84
1543	54
1544	82
1545	66
1546	65
1547	90
1548	82
1549	98
1550	85
1551	80
1552	63
1553	76
1554	93
1555	119
1556	82
1557	114
1558	94
1559	94
1560	79
1561	88
1562	75
1563	83
1564	65
1565	72
1566	61
1567	74
1568	68
1569	74
1570	76
1571	66
1572	59
1573	81
1574	74
1575	66
1576	76
1577	78
1578	65
1579	86
1580	76
1581	73
1582	54
1583	69
1584	67
1585	70
1586	82
1587	80
1588	70
1589	71
1590	79
1591	84
1592	62
1593	68
1594	78
1595	79
1596	65
1597	56
1598	63
1599	79
1600	67
1601	64
1602	59
1603	59
1604	58
1605	67
1606	65
1607	62
1608	74
1609	105
1610	263
1611	652
1612	1395
1613	2370
1614	2821
1615	2641
1616	1796
1617	919
1618	318
1619	108
1620	48
1621	42
1622	31
1623	39
1624	45
1625	35
1626	38
1627	44
1628	43
1629	46
1630	43
1631	43
1632	41
1633	43
1634	44
1635	42
1636	38
1637	54
1638	39
1639	38
1640	51
1641	51
1642	45
1643	43
1644	43
1645	34
1646	52
1647	50
1648	36
1649	42
1650	50
1651	56
1652	53
1653	53
1654	79
1655	53
1656	52
1657	39
1658	50
1659	53
1660	44
1661	46
1662	37
1663	43
1664	49
1665	47
1666	69
1667	71
1668	88
1669	74
1670	58
1671	65
1672	59
1673	67
1674	48
1675	37
1676	41
1677	42
1678	27
1679	42
1680	38
1681	32
1682	31
1683	39
1684	38
1685	33
1686	34
1687	35
1688	33
1689	33
1690	32
1691	44
1692	31
1693	32
1694	38
1695	38
1696	41
1697	40
1698	35
1699	53
1700	44
1701	50
1702	61
1703	36
1704	48
1705	45
1706	39
1707	48
1708	50
1709	47
1710	32
1711	32
1712	48
1713	42
1714	37
1715	34
1716	23
1717	39
1718	28
1719	34
1720	45
1721	34
1722	35
1723	38
1724	37
1725	32
1726	43
1727	29
1728	33
1729	34
1730	29
1731	34
1732	34
1733	55
1734	42
1735	41
1736	35
1737	30
1738	39
1739	40
1740	35
1741	43
1742	46
1743	29
1744	39
1745	50
1746	44
1747	44
1748	52
1749	45
1750	40
1751	52
1752	56
1753	76
1754	89
1755	97
1756	84
1757	67
1758	62
1759	61
1760	69
1761	48
1762	33
1763	38
1764	36
1765	32
1766	35
1767	42
1768	38
1769	35
1770	33
1771	41
1772	31
1773	41
1774	29
1775	29
1776	33
1777	41
1778	36
1779	38
1780	46
1781	39
1782	36
1783	49
1784	27
1785	41
1786	44
1787	42
1788	55
1789	44
1790	56
1791	64
1792	54
1793	57
1794	50
1795	37
1796	55
1797	40
1798	50
1799	45
1800	46
1801	58
1802	65
1803	46
1804	49
1805	44
1806	32
1807	32
1808	37
1809	38
1810	55
1811	36
1812	37
1813	37
1814	43
1815	33
1816	27
1817	21
1818	34
1819	37
1820	27
1821	29
1822	35
1823	30
1824	32
1825	29
1826	28
1827	35
1828	31
1829	17
1830	31
1831	31
1832	33
1833	46
1834	22
1835	44
1836	50
1837	43
1838	37
1839	42
1840	42
1841	43
1842	40
1843	32
1844	42
1845	27
1846	34
1847	26
1848	30
1849	35
1850	26
1851	38
1852	28
1853	26
1854	28
1855	35
1856	28
1857	39
1858	38
1859	39
1860	44
1861	29
1862	39
1863	29
1864	34
1865	22
1866	43
1867	35
1868	34
1869	39
1870	26
1871	42
1872	23
1873	32
1874	34
1875	27
1876	40
1877	39
1878	23
1879	17
1880	31
1881	33
1882	40
1883	33
1884	26
1885	34
1886	28
1887	27
1888	28
1889	29
1890	24
1891	32
1892	25
1893	32
1894	32
1895	24
1896	33
1897	21
1898	33
1899	27
1900	33
1901	38
1902	31
1903	27
1904	34
1905	44
1906	35
1907	40
1908	46
1909	55
1910	84
1911	70
1912	75
1913	56
1914	52
1915	36
1916	29
1917	33
1918	31
1919	31
1920	31
1921	27
1922	25
1923	37
1924	28
1925	25
1926	29
1927	23
1928	27
1929	21
1930	26
1931	35
1932	36
1933	41
1934	23
1935	30
1936	39
1937	24
1938	29
1939	28
1940	31
1941	29
1942	28
1943	23
1944	33
1945	48
1946	62
1947	129
1948	211
1949	262
1950	281
1951	214
1952	136
1953	82
1954	47
1955	25
1956	23
1957	21
1958	23
1959	24
1960	19
1961	25
1962	20
1963	35
1964	20
1965	21
1966	31
1967	35
1968	23
1969	22
1970	18
1971	28
1972	22
1973	32
1974	16
1975	27
1976	27
1977	30
1978	27
1979	36
1980	29
1981	35
1982	27
1983	28
1984	32
1985	29
1986	32
1987	27
1988	30
1989	29
1990	23
1991	23
1992	32
1993	33
1994	28
1995	24
1996	34
1997	29
1998	26
1999	35
2000	23
2001	19
2002	31
2003	35
2004	26
2005	31
2006	20
2007	31
2008	29
2009	22
2010	29
2011	24
2012	20
2013	23
2014	26
2015	37
2016	42
2017	29
2018	24
2019	38
2020	30
2021	31
2022	28
2023	29
2024	33
2025	19
2026	27
2027	27
2028	30
2029	31
2030	18
2031	39
2032	46
2033	35
2034	29
2035	31
2036	30
2037	28
2038	37
2039	47
2040	43
2041	46
2042	44
2043	49
2044	38
2045	31
2046	32
2047	27
2048	22
2049	20
2050	19
2051	24
2052	18
2053	26
2054	22
2055	29
2056	39
2057	24
2058	27
2059	29
2060	26
2061	30
2062	31
2063	29
2064	22
2065	18
2066	32
2067	24
2068	25
2069	32
2070	37
2071	27
2072	26
2073	18
2074	24
2075	22
2076	22
2077	32
2078	23
2079	32
2080	19
2081	24
2082	34
2083	31
2084	22
2085	28
2086	28
2087	38
2088	23
2089	29
2090	19
2091	25
2092	31
2093	26
2094	24
2095	27
2096	22
2097	27
2098	27
2099	35
2100	29
2101	31
2102	20
2103	25
2104	25
2105	22
2106	17
2107	28
2108	29
2109	31
2110	16
2111	22
2112	31
2113	26
2114	31
2115	26
2116	29
2117	21
2118	27
2119	22
2120	14
2121	25
2122	23
2123	27
2124	27
2125	23
2126	26
2127	19
2128	19
2129	19
2130	30
2131	27
2132	26
2133	27
2134	35
2135	20
2136	33
2137	16
2138	35
2139	23
2140	29
2141	17
2142	26
2143	31
2144	34
2145	30
2146	28
2147	22
2148	29
2149	24
2150	31
2151	30
2152	30
2153	23
2154	17
2155	31
2156	30
2157	30
2158	28
2159	27
2160	29
2161	21
2162	28
2163	30
2164	26
2165	25
2166	24
2167	25
2168	19
2169	26
2170	29
2171	30
2172	21
2173	23
2174	37
2175	28
2176	25
2177	19
2178	20
2179	17
2180	22
2181	23
2182	22
2183	33
2184	22
2185	17
2186	32
2187	26
2188	24
2189	26
2190	27
2191	27
2192	26
2193	21
2194	32
2195	25
2196	26
2197	24
2198	27
2199	30
2200	28
2201	17
2202	27
2203	26
2204	20
2205	16
2206	30
2207	30
2208	30
2209	22
2210	20
2211	10
2212	19
2213	19
2214	13
2215	34
2216	26
2217	26
2218	22
2219	17
2220	17
2221	30
2222	23
2223	19
2224	22
2225	28
2226	27
2227	26
2228	18
2229	29
2230	26
2231	26
2232	26
2233	13
2234	18
2235	29
2236	25
2237	26
2238	23
2239	23
2240	15
2241	27
2242	17
2243	19
2244	30
2245	34
2246	19
2247	23
2248	37
2249	21
2250	20
2251	21
2252	29
2253	22
2254	14
2255	33
2256	15
2257	16
2258	20
2259	24
2260	22
2261	26
2262	33
2263	16
2264	20
2265	20
2266	25
2267	20
2268	31
2269	23
2270	24
2271	24
2272	30
2273	28
2274	18
2275	23
2276	21
2277	22
2278	25
2279	25
2280	20
2281	22
2282	21
2283	24
2284	15
2285	20
2286	20
2287	16
2288	21
2289	18
2290	22
2291	21
2292	22
2293	26
2294	12
2295	17
2296	18
2297	17
2298	17
2299	30
2300	15
2301	21
2302	24
2303	29
2304	30
2305	21
2306	18
2307	26
2308	16
2309	19
2310	32
2311	19
2312	26
2313	22
2314	15
2315	21
2316	36
2317	20
2318	20
2319	35
2320	46
2321	64
2322	88
2323	84
2324	90
2325	81
2326	54
2327	29
2328	30
2329	28
2330	27
2331	23
2332	25
2333	32
2334	24
2335	37
2336	25
2337	34
2338	32
2339	53
2340	28
2341	39
2342	47
2343	18
2344	27
2345	17
2346	20
2347	18
2348	27
2349	23
2350	20
2351	25
2352	18
2353	30
2354	16
2355	11
2356	14
2357	28
2358	23
2359	28
2360	23
2361	33
2362	19
2363	27
2364	22
2365	24
2366	24
2367	21
2368	20
2369	20
2370	26
2371	17
2372	19
2373	19
2374	27
2375	22
2376	29
2377	30
2378	27
2379	24
2380	21
2381	13
2382	34
2383	21
2384	23
2385	27
2386	24
2387	22
2388	24
2389	17
2390	24
2391	19
2392	21
2393	21
2394	25
2395	27
2396	14
2397	26
2398	20
2399	21
2400	23
2401	20
2402	15
2403	16
2404	27
2405	20
2406	22
2407	30
2408	23
2409	28
2410	18
2411	18
2412	33
2413	19
2414	29
2415	24
2416	17
2417	17
2418	24
2419	23
2420	17
2421	11
2422	28
2423	20
2424	20
2425	22
2426	18
2427	26
2428	28
2429	26
2430	22
2431	37
2432	54
2433	73
2434	94
2435	91
2436	84
2437	61
2438	56
2439	24
2440	25
2441	17
2442	24
2443	26
2444	26
2445	21
2446	20
2447	21
2448	20
2449	20
2450	27
2451	30
2452	20
2453	16
2454	22
2455	20
2456	26
2457	22
2458	31
2459	12
2460	24
2461	21
2462	22
2463	29
2464	24
2465	16
2466	27
2467	23
2468	22
2469	22
2470	26
2471	18
2472	12
2473	25
2474	23
2475	25
2476	23
2477	25
2478	21
2479	24
2480	26
2481	24
2482	22
2483	25
2484	20
2485	18
2486	20
2487	25
2488	26
2489	21
2490	29
2491	17
2492	24
2493	12
2494	18
2495	23
2496	21
2497	16
2498	12
2499	27
2500	22
2501	22
2502	22
2503	17
2504	26
2505	22
2506	32
2507	28
2508	22
2509	27
2510	22
2511	17
2512	21
2513	25
2514	24
2515	29
2516	20
2517	27
2518	24
2519	21
2520	22
2521	22
2522	34
2523	19
2524	30
2525	19
2526	20
2527	25
2528	21
2529	23
2530	17
2531	24
2532	19
2533	30
2534	32
2535	26
2536	26
2537	14
2538	22
2539	15
2540	25
2541	31
2542	26
2543	21
2544	22
2545	27
2546	22
2547	17
2548	18
2549	26
2550	25
2551	11
2552	30
2553	23
2554	16
2555	26
2556	24
2557	20
2558	24
2559	28
2560	19
2561	23
2562	27
2563	18
2564	20
2565	27
2566	28
2567	16
2568	22
2569	23
2570	28
2571	25
2572	23
2573	23
2574	22
2575	28
2576	24
2577	21
2578	23
2579	20
2580	37
2581	19
2582	17
2583	24
2584	30
2585	23
2586	29
2587	23
2588	24
2589	23
2590	26
2591	21
2592	30
2593	28
2594	23
2595	27
2596	29
2597	21
2598	27
2599	29
2600	27
2601	24
2602	34
2603	30
2604	18
2605	25
2606	21
2607	22
2608	26
2609	28
2610	29
2611	17
2612	29
2613	20
2614	28
2615	30
2616	21
2617	27
2618	22
2619	23
2620	27
2621	24
2622	23
2623	30
2624	27
2625	28
2626	32
2627	19
2628	27
2629	21
2630	33
2631	13
2632	18
2633	25
2634	20
2635	28
2636	13
2637	29
2638	16
2639	20
2640	19
2641	15
2642	18
2643	21
2644	15
2645	19
2646	21
2647	22
2648	17
2649	15
2650	21
2651	17
2652	22
2653	18
2654	22
2655	19
2656	21
2657	12
2658	18
2659	16
2660	16
2661	19
2662	16
2663	16
2664	19
2665	23
2666	21
2667	7
2668	20
2669	27
2670	15
2671	19
2672	17
2673	18
2674	21
2675	19
2676	18
2677	18
2678	19
2679	14
2680	18
2681	20
2682	11
2683	17
2684	14
2685	16
2686	22
2687	18
2688	8
2689	16
2690	19
2691	11
2692	14
2693	16
2694	10
2695	13
2696	22
2697	19
2698	20
2699	20
2700	26
2701	20
2702	46
2703	29
2704	51
2705	30
2706	30
2707	27
2708	22
2709	18
2710	13
2711	19
2712	18
2713	12
2714	13
2715	13
2716	9
2717	12
2718	16
2719	14
2720	18
2721	19
2722	13
2723	19
2724	14
2725	13
2726	9
2727	10
2728	10
2729	14
2730	17
2731	13
2732	9
2733	14
2734	15
2735	15
2736	14
2737	19
2738	12
2739	17
2740	12
2741	15
2742	19
2743	7
2744	15
2745	17
2746	12
2747	12
2748	11
2749	9
2750	7
2751	12
2752	10
2753	17
2754	15
2755	7
2756	16
2757	8
2758	13
2759	6
2760	12
2761	5
2762	11
2763	8
2764	21
2765	17
2766	10
2767	16
2768	8
2769	10
2770	14
2771	11
2772	9
2773	6
2774	15
2775	8
2776	16
2777	9
2778	8
2779	9
2780	7
2781	11
2782	11
2783	10
2784	11
2785	9
2786	9
2787	8
2788	9
2789	11
2790	8
2791	8
2792	12
2793	18
2794	10
2795	9
2796	10
2797	11
2798	8
2799	8
2800	7
2801	7
2802	13
2803	13
2804	9
2805	10
2806	5
2807	10
2808	13
2809	11
2810	8
2811	12
2812	11
2813	6
2814	6
2815	11
2816	14
2817	9
2818	9
2819	10
2820	5
2821	6
2822	4
2823	8
2824	9
2825	9
2826	3
2827	9
2828	5
2829	6
2830	11
2831	10
2832	4
2833	10
2834	8
2835	3
2836	8
2837	11
2838	15
2839	11
2840	7
2841	9
2842	4
2843	10
2844	14
2845	9
2846	8
2847	14
2848	11
2849	12
2850	7
2851	13
2852	7
2853	12
2854	12
2855	6
2856	6
2857	5
2858	6
2859	12
2860	8
2861	14
2862	9
2863	3
2864	11
2865	7
2866	14
2867	4
2868	5
2869	8
2870	7
2871	9
2872	5
2873	5
2874	10
2875	13
2876	4
2877	7
2878	9
2879	7
2880	5
2881	11
2882	22
2883	79
2884	154
2885	273
2886	457
2887	611
2888	654
2889	538
2890	455
2891	282
2892	126
2893	59
2894	10
2895	11
2896	7
2897	8
2898	9
2899	5
2900	5
2901	8
2902	4
2903	8
2904	5
2905	1
2906	4
2907	8
2908	9
2909	5
2910	4
2911	1
2912	4
2913	6
2914	7
2915	3
2916	6
2917	3
2918	4
2919	5
2920	6
2921	5
2922	6
2923	5
2924	6
2925	3
2926	9
2927	3
2928	5
2929	7
2930	7
2931	7
2932	4
2933	8
2934	3
2935	6
2936	4
2937	7
2938	5
2939	7
2940	6
2941	9
2942	1
2943	4
2944	4
2945	6
2946	2
2947	3
2948	3
2949	6
2950	5
2951	9
2952	4
2953	6
2954	2
2955	6
2956	3
2957	7
2958	5
2959	7
2960	3
2961	7
2962	2
2963	9
2964	1
2965	6
2966	4
2967	5
2968	5
2969	5
2970	6
2971	6
2972	5
2973	7
2974	1
2975	8
2976	7
2977	6
2978	5
2979	4
2980	2
2981	4
2982	6
2983	4
2984	5
2985	7
2986	10
2987	8
2988	7
2989	8
2990	6
2991	7
2992	5
2993	5
2994	4
2995	3
2996	2
2997	3
2998	3
2999	4
3000	2
3001	3
3002	9
3003	8
3004	7
3005	3
3006	3
3007	8
3008	7
3009	6
3010	1
3011	5
3012	4
3013	5
3014	7
3015	4
3016	9
3017	5
3018	9
3019	7
3020	5
3021	6
3022	2
3023	8
3024	2
3025	10
3026	4
3027	5
3028	2
3029	7
3030	5
3031	2
3032	3
3033	5
3034	6
3035	6
3036	4
3037	3
3038	4
3039	3
3040	4
3041	3
3042	6
3043	5
3044	3
3045	4
3046	7
3047	2
3048	7
3049	2
3050	5
3051	8
3052	3
3053	2
3054	0
3055	7
3056	4
3057	6
3058	2
3059	7
3060	6
3061	4
3062	5
3063	2
3064	5
3065	4
3066	1
3067	1
3068	2
3069	4
3070	3
3071	1
3072	5
3073	5
3074	8
3075	6
3076	4
3077	1
3078	4
3079	5
3080	3
3081	4
3082	6
3083	5
3084	2
3085	6
3086	5
3087	5
3088	6
3089	2
3090	6
3091	2
3092	4
3093	3
3094	6
3095	4
3096	8
3097	3
3098	5
3099	2
3100	5
3101	4
3102	7
3103	8
3104	2
3105	4
3106	6
3107	6
3108	6
3109	4
3110	1
3111	8
3112	5
3113	10
3114	8
3115	3
3116	2
3117	4
3118	2
3119	5
3120	1
3121	6
3122	2
3123	2
3124	5
3125	4
3126	5
3127	4
3128	3
3129	7
3130	6
3131	4
3132	4
3133	6
3134	12
3135	3
3136	5
3137	4
3138	5
3139	4
3140	3
3141	5
3142	8
3143	4
3144	4
3145	6
3146	6
3147	4
3148	4
3149	6
3150	2
3151	2
3152	3
3153	7
3154	4
3155	7
3156	3
3157	7
3158	11
3159	0
3160	7
3161	4
3162	6
3163	8
3164	9
3165	3
3166	3
3167	4
3168	6
3169	6
3170	6
3171	9
3172	2
3173	4
3174	8
3175	6
3176	5
3177	5
3178	3
3179	3
3180	9
3181	5
3182	1
3183	5
3184	3
3185	4
3186	2
3187	7
3188	5
3189	7
3190	6
3191	7
3192	4
3193	9
3194	3
3195	8
3196	8
3197	7
3198	7
3199	3
3200	11
3201	4
3202	2
3203	2
3204	6
3205	10
3206	5
3207	6
3208	2
3209	4
3210	3
3211	0
3212	4
3213	7
3214	2
3215	3
3216	5
3217	3
3218	4
3219	3
3220	1
3221	5
3222	6
3223	3
3224	5
3225	7
3226	7
3227	8
3228	4
3229	5
3230	6
3231	3
3232	7
3233	5
3234	6
3235	4
3236	3
3237	5
3238	9
3239	1
3240	0
3241	5
3242	0
3243	1
3244	5
3245	4
3246	3
3247	2
3248	2
3249	4
3250	6
3251	2
3252	7
3253	5
3254	2
3255	5
3256	6
3257	5
3258	3
3259	3
3260	2
3261	4
3262	3
3263	5
3264	4
3265	4
3266	1
3267	3
3268	8
3269	3
3270	5
3271	8
3272	3
3273	7
3274	10
3275	7
3276	8
3277	6
3278	2
3279	3
3280	5
3281	10
3282	4
3283	9
3284	3
3285	4
3286	7
3287	7
3288	5
3289	5
3290	8
3291	3
3292	5
3293	4
3294	6
3295	5
3296	7
3297	4
3298	5
3299	5
3300	2
3301	4
3302	4
3303	5
3304	4
3305	4
3306	6
3307	3
3308	3
3309	4
3310	2
3311	2
3312	5
3313	8
3314	2
3315	2
3316	6
3317	9
3318	5
3319	6
3320	2
3321	6
3322	5
3323	11
3324	3
3325	9
3326	5
3327	4
3328	6
3329	6
3330	6
3331	4
3332	5
3333	5
3334	7
3335	3
3336	3
3337	4
3338	4
3339	7
3340	5
3341	4
3342	0
3343	7
3344	7
3345	7
3346	4
3347	5
3348	3
3349	9
3350	1
3351	4
3352	7
3353	5
3354	3
3355	4
3356	7
3357	2
3358	4
3359	3
3360	1
3361	5
3362	1
3363	2
3364	2
3365	4
3366	6
3367	2
3368	6
3369	7
3370	7
3371	7
3372	7
3373	8
3374	2
3375	3
3376	3
3377	3
3378	2
3379	5
3380	3
3381	7
3382	6
3383	5
3384	4
3385	2
3386	3
3387	8
3388	4
3389	4
3390	3
3391	3
3392	4
3393	7
3394	2
3395	2
3396	1
3397	2
3398	6
3399	4
3400	3
3401	2
3402	6
3403	3
3404	3
3405	2
3406	4
3407	6
3408	3
3409	2
3410	3
3411	3
3412	5
3413	3
3414	4
3415	8
3416	7
3417	6
3418	6
3419	3
3420	7
3421	5
3422	6
3423	4
3424	4
3425	5
3426	1
3427	8
3428	0
3429	5
3430	1
3431	5
3432	2
3433	2
3434	7
3435	7
3436	3
3437	3
3438	8
3439	6
3440	3
3441	7
3442	3
3443	2
3444	2
3445	2
3446	2
3447	5
3448	6
3449	3
3450	3
3451	1
3452	5
3453	6
3454	1
3455	6
3456	2
3457	4
3458	6
3459	6
3460	5
3461	4
3462	2
3463	0
3464	6
3465	4
3466	4
3467	6
3468	2
3469	9
3470	5
3471	4
3472	6
3473	2
3474	4
3475	1
3476	7
3477	2
3478	3
3479	7
3480	5
3481	3
3482	4
3483	5
3484	7
3485	1
3486	1
3487	2
3488	4
3489	6
3490	4
3491	7
3492	6
3493	5
3494	9
3495	5
3496	9
3497	5
3498	8
3499	3
3500	6
3501	4
3502	10
3503	4
3504	11
3505	6
3506	5
3507	7
3508	2
3509	5
3510	1
3511	3
3512	2
3513	7
3514	4
3515	6
3516	4
3517	4
3518	5
3519	2
3520	1
3521	4
3522	3
3523	1
3524	9
3525	9
3526	5
3527	3
3528	6
3529	2
3530	5
3531	7
3532	2
3533	5
3534	6
3535	2
3536	2
3537	3
3538	5
3539	6
3540	5
3541	8
3542	5
3543	3
3544	5
3545	4
3546	0
3547	5
3548	1
3549	4
3550	5
3551	2
3552	6
3553	6
3554	1
3555	6
3556	4
3557	3
3558	4
3559	3
3560	2
3561	4
3562	5
3563	2
3564	3
3565	3
3566	5
3567	4
3568	5
3569	5
3570	4
3571	1
3572	3
3573	7
3574	2
3575	2
3576	5
3577	3
3578	3
3579	3
3580	4
3581	2
3582	2
3583	1
3584	1
3585	4
3586	5
3587	4
3588	4
3589	5
3590	8
3591	1
3592	4
3593	7
3594	4
3595	6
3596	9
3597	5
3598	4
3599	3
3600	6
3601	3
3602	5
3603	4
3604	3
3605	2
3606	1
3607	1
3608	5
3609	4
3610	6
3611	2
3612	8
3613	4
3614	3
3615	7
3616	5
3617	8
3618	0
3619	1
3620	2
3621	3
3622	3
3623	2
3624	8
3625	7
3626	7
3627	5
3628	1
3629	2
3630	6
3631	2
3632	2
3633	3
3634	8
3635	1
3636	2
3637	3
3638	4
3639	2
3640	3
3641	3
3642	8
3643	3
3644	5
3645	7
3646	4
3647	4
3648	3
3649	4
3650	1
3651	2
3652	4
3653	4
3654	1
3655	5
3656	3
3657	10
3658	3
3659	6
3660	4
3661	1
3662	3
3663	3
3664	2
3665	1
3666	3
3667	2
3668	1
3669	1
3670	3
3671	5
3672	2
3673	4
3674	5
3675	3
3676	0
3677	5
3678	2
3679	4
3680	2
3681	3
3682	4
3683	6
3684	2
3685	3
3686	2
3687	7
3688	6
3689	4
3690	1
3691	2
3692	6
3693	5
3694	7
3695	2
3696	2
3697	4
3698	2
3699	2
3700	2
3701	4
3702	3
3703	2
3704	3
3705	1
3706	1
3707	6
3708	5
3709	3
3710	4
3711	5
3712	6
3713	4
3714	3
3715	5
3716	4
3717	3
3718	2
3719	5
3720	4
3721	2
3722	7
3723	1
3724	3
3725	3
3726	4
3727	5
3728	7
3729	3
3730	9
3731	3
3732	6
3733	3
3734	5
3735	5
3736	2
3737	4
3738	4
3739	4
3740	1
3741	7
3742	3
3743	4
3744	4
3745	1
3746	5
3747	4
3748	2
3749	4
3750	5
3751	2
3752	5
3753	2
3754	2
3755	5
3756	5
3757	6
3758	3
3759	3
3760	2
3761	2
3762	4
3763	1
3764	4
3765	9
3766	4
3767	2
3768	2
3769	2
3770	1
3771	4
3772	3
3773	2
3774	2
3775	2
3776	2
3777	1
3778	8
3779	3
3780	3
3781	2
3782	2
3783	5
3784	5
3785	5
3786	4
3787	4
3788	1
3789	3
3790	4
3791	5
3792	4
3793	2
3794	5
3795	5
3796	5
3797	7
3798	5
3799	4
3800	2
3801	2
3802	2
3803	4
3804	4
3805	5
3806	8
3807	3
3808	3
3809	6
3810	4
3811	5
3812	3
3813	4
3814	2
3815	3
3816	3
3817	3
3818	2
3819	7
3820	1
3821	1
3822	0
3823	7
3824	4
3825	6
3826	2
3827	2
3828	4
3829	6
3830	8
3831	3
3832	4
3833	4
3834	3
3835	6
3836	3
3837	0
3838	2
3839	2
3840	3
3841	3
3842	7
3843	4
3844	6
3845	1
3846	4
3847	2
3848	4
3849	2
3850	5
3851	2
3852	4
3853	2
3854	1
3855	7
3856	4
3857	2
3858	3
3859	4
3860	2
3861	0
3862	3
3863	1
3864	1
3865	2
3866	3
3867	5
3868	7
3869	1
3870	3
3871	4
3872	4
3873	0
3874	3
3875	6
3876	3
3877	3
3878	7
3879	3
3880	5
3881	2
3882	6
3883	4
3884	2
3885	2
3886	5
3887	3
3888	4
3889	1
3890	3
3891	2
3892	2
3893	8
3894	1
3895	6
3896	5
3897	6
3898	3
3899	1
3900	4
3901	3
3902	4
3903	4
3904	1
3905	5
3906	1
3907	5
3908	4
3909	2
3910	2
3911	7
3912	1
3913	5
3914	2
3915	3
3916	4
3917	3
3918	2
3919	3
3920	4
3921	5
3922	2
3923	3
3924	1
3925	5
3926	3
3927	6
3928	3
3929	3
3930	1
3931	2
3932	3
3933	1
3934	5
3935	1
3936	8
3937	4
3938	3
3939	4
3940	4
3941	1
3942	9
3943	2
3944	2
3945	3
3946	3
3947	5
3948	1
3949	2
3950	0
3951	6
3952	8
3953	5
3954	8
3955	6
3956	3
3957	4
3958	1
3959	4
3960	4
3961	6
3962	8
3963	6
3964	6
3965	3
3966	4
3967	6
3968	3
3969	4
3970	3
3971	4
3972	3
3973	9
3974	5
3975	3
3976	2
3977	2
3978	5
3979	3
3980	2
3981	7
3982	3
3983	2
3984	3
3985	5
3986	4
3987	5
3988	2
3989	4
3990	3
3991	3
3992	5
3993	4
3994	9
3995	4
3996	0
3997	4
3998	1
3999	1
4000	2
4001	6
4002	4
4003	1
4004	5
4005	5
4006	2
4007	7
4008	2
4009	6
4010	3
4011	4
4012	2
4013	3
4014	4
4015	3
4016	5
4017	6
4018	7
4019	1
4020	4
4021	5
4022	2
4023	6
4024	2
4025	2
4026	2
4027	4
4028	5
4029	4
4030	3
4031	3
4032	5
4033	2
4034	2
4035	1
4036	2
4037	3
4038	2
4039	4
4040	4
4041	6
4042	7
4043	1
4044	4
4045	1
4046	6
4047	7
4048	4
4049	7
4050	2
4051	6
4052	1
4053	3
4054	6
4055	2
4056	2
4057	3
4058	6
4059	8
4060	5
4061	4
4062	3
4063	4
4064	2
4065	0
4066	5
4067	4
4068	6
4069	4
4070	10
4071	0
4072	4
4073	3
4074	2
4075	2
4076	4
4077	6
4078	2
4079	4
4080	5
4081	1
4082	0
4083	5
4084	1
4085	3
4086	5
4087	4
4088	2
4089	2
4090	5
4091	5
4092	2
4093	4
4094	4
4095	3
4096	3
4097	5
4098	3
4099	2
4100	8
4101	4
4102	4
4103	5
4104	2
4105	4
4106	6
4107	4
4108	4
4109	3
4110	4
4111	3
4112	2
4113	1
4114	4
4115	2
4116	8
4117	4
4118	4
4119	3
4120	0
4121	3
4122	2
4123	3
4124	5
4125	2
4126	4
4127	5
4128	8
4129	6
4130	5
4131	4
4132	2
4133	8
4134	2
4135	2
4136	1
4137	4
4138	3
4139	4
4140	9
4141	3
4142	6
4143	4
4144	3
4145	6
4146	7
4147	0
4148	3
4149	3
4150	5
4151	3
4152	3
4153	1
4154	5
4155	2
4156	2
4157	5
4158	5
4159	4
4160	1
4161	4
4162	2
4163	4
4164	7
4165	1
4166	5
4167	3
4168	2
4169	4
4170	4
4171	3
4172	5
4173	4
4174	1
4175	1
4176	2
4177	2
4178	4
4179	3
4180	4
4181	5
4182	5
4183	9
4184	3
4185	1
4186	3
4187	3
4188	6
4189	4
4190	3
4191	1
4192	5
4193	3
4194	3
4195	1
4196	2
4197	4
4198	4
4199	1
4200	3
4201	5
4202	4
4203	1
4204	8
4205	1
4206	3
4207	4
4208	3
4209	2
4210	5
4211	5
4212	5
4213	6
4214	0
4215	3
4216	4
4217	5
4218	4
4219	1
4220	3
4221	1
4222	1
4223	7
4224	2
4225	2
4226	6
4227	4
4228	7
4229	0
4230	1
4231	3
4232	6
4233	3
4234	0
4235	0
4236	5
4237	7
4238	2
4239	4
4240	0
4241	4
4242	5
4243	3
4244	2
4245	3
4246	3
4247	3
4248	1
4249	2
4250	3
4251	2
4252	4
4253	0
4254	5
4255	3
4256	6
4257	3
4258	4
4259	2
4260	5
4261	3
4262	1
4263	2
4264	0
4265	2
4266	2
4267	2
4268	6
4269	2
4270	6
4271	1
4272	1
4273	2
4274	3
4275	5
4276	4
4277	0
4278	2
4279	4
4280	4
4281	5
4282	3
4283	7
4284	7
4285	4
4286	5
4287	7
4288	5
4289	2
4290	8
4291	2
4292	3
4293	2
4294	1
4295	8
4296	2
4297	1
4298	4
4299	2
4300	2
4301	2
4302	5
4303	2
4304	3
4305	1
4306	1
4307	6
4308	5
4309	3
4310	1
4311	4
4312	1
4313	5
4314	1
4315	5
4316	3
4317	5
4318	3
4319	2
4320	5
4321	0
4322	2
4323	5
4324	2
4325	4
4326	1
4327	8
4328	3
4329	5
4330	4
4331	3
4332	3
4333	1
4334	1
4335	1
4336	4
4337	4
4338	3
4339	3
4340	1
4341	5
4342	2
4343	2
4344	1
4345	2
4346	3
4347	4
4348	3
4349	0
4350	7
4351	4
4352	0
4353	1
4354	5
4355	1
4356	2
4357	6
4358	2
4359	0
4360	5
4361	2
4362	5
4363	5
4364	1
4365	0
4366	4
4367	1
4368	4
4369	4
4370	1
4371	1
4372	2
4373	1
4374	1
4375	1
4376	2
4377	2
4378	5
4379	3
4380	1
4381	4
4382	1
4383	2
4384	4
4385	2
4386	6
4387	7
4388	2
4389	2
4390	4
4391	1
4392	3
4393	1
4394	3
4395	4
4396	2
4397	2
4398	3
4399	2
4400	6
4401	3
4402	2
4403	2
4404	3
4405	4
4406	1
4407	3
4408	4
4409	1
4410	0
4411	2
4412	1
4413	2
4414	2
4415	5
4416	4
4417	3
4418	1
4419	5
4420	1
4421	7
4422	3
4423	6
4424	4
4425	6
4426	2
4427	4
4428	2
4429	3
4430	1
4431	4
4432	8
4433	3
4434	1
4435	7
4436	2
4437	4
4438	2
4439	2
4440	1
4441	3
4442	6
4443	3
4444	2
4445	5
4446	3
4447	2
4448	5
4449	1
4450	2
4451	2
4452	2
4453	0
4454	3
4455	2
4456	4
4457	2
4458	1
4459	1
4460	4
4461	1
4462	3
4463	2
4464	7
4465	3
4466	4
4467	2
4468	1
4469	4
4470	5
4471	5
4472	3
4473	4
4474	1
4475	2
4476	4
4477	3
4478	3
4479	1
4480	3
4481	6
4482	4
4483	4
4484	1
4485	3
4486	5
4487	5
4488	2
4489	2
4490	3
4491	1
4492	2
4493	5
4494	2
4495	6
4496	2
4497	2
4498	0
4499	4
4500	1
4501	3
4502	2
4503	6
4504	2
4505	1
4506	2
4507	3
4508	4
4509	6
4510	4
4511	3
4512	2
4513	1
4514	0
4515	1
4516	5
4517	2
4518	1
4519	2
4520	3
4521	4
4522	1
4523	0
4524	5
4525	4
4526	5
4527	6
4528	1
4529	3
4530	6
4531	2
4532	3
4533	4
4534	3
4535	5
4536	3
4537	1
4538	2
4539	2
4540	3
4541	4
4542	4
4543	4
4544	2
4545	5
4546	3
4547	2
4548	2
4549	4
4550	3
4551	2
4552	2
4553	5
4554	1
4555	2
4556	3
4557	1
4558	2
4559	1
4560	3
4561	2
4562	3
4563	5
4564	0
4565	3
4566	2
4567	4
4568	3
4569	5
4570	1
4571	5
4572	2
4573	2
4574	3
4575	2
4576	4
4577	4
4578	1
4579	3
4580	2
4581	4
4582	2
4583	3
4584	2
4585	2
4586	3
4587	4
4588	6
4589	2
4590	4
4591	0
4592	4
4593	3
4594	3
4595	1
4596	6
4597	2
4598	1
4599	2
4600	2
4601	5
4602	5
4603	3
4604	5
4605	0
4606	1
4607	5
4608	4
4609	7
4610	3
4611	6
4612	1
4613	3
4614	4
4615	2
4616	4
4617	3
4618	5
4619	5
4620	3
4621	1
4622	4
4623	1
4624	2
4625	3
4626	5
4627	1
4628	1
4629	4
4630	3
4631	3
4632	5
4633	2
4634	6
4635	2
4636	3
4637	2
4638	1
4639	3
4640	5
4641	4
4642	3
4643	2
4644	2
4645	2
4646	1
4647	2
4648	2
4649	0
4650	3
4651	3
4652	3
4653	0
4654	4
4655	2
4656	3
4657	4
4658	0
4659	3
4660	3
4661	5
4662	2
4663	2
4664	4
4665	4
4666	3
4667	2
4668	4
4669	2
4670	0
4671	5
4672	1
4673	3
4674	4
4675	6
4676	0
4677	2
4678	3
4679	2
4680	4
4681	2
4682	3
4683	2
4684	5
4685	1
4686	4
4687	3
4688	2
4689	3
4690	4
4691	2
4692	2
4693	3
4694	2
4695	2
4696	0
4697	2
4698	2
4699	1
4700	4
4701	2
4702	4
4703	0
4704	3
4705	6
4706	6
4707	1
4708	4
4709	3
4710	3
4711	0
4712	0
4713	1
4714	3
4715	4
4716	1
4717	3
4718	9
4719	5
4720	2
4721	5
4722	2
4723	1
4724	6
4725	5
4726	3
4727	4
4728	3
4729	1
4730	4
4731	5
4732	2
4733	3
4734	3
4735	1
4736	6
4737	2
4738	0
4739	1
4740	1
4741	3
4742	5
4743	5
4744	2
4745	3
4746	0
4747	3
4748	0
4749	3
4750	5
4751	2
4752	1
4753	1
4754	4
4755	3
4756	2
4757	2
4758	2
4759	3
4760	7
4761	2
4762	4
4763	0
4764	3
4765	4
4766	1
4767	3
4768	4
4769	2
4770	3
4771	3
4772	3
4773	3
4774	5
4775	5
4776	7
4777	1
4778	2
4779	4
4780	5
4781	2
4782	2
4783	1
4784	3
4785	2
4786	0
4787	4
4788	3
4789	5
4790	4
4791	2
4792	3
4793	1
4794	3
4795	3
4796	2
4797	1
4798	3
4799	0
4800	1
4801	2
4802	5
4803	2
4804	2
4805	2
4806	5
4807	2
4808	4
4809	1
4810	4
4811	2
4812	7
4813	4
4814	2
4815	2
4816	5
4817	3
4818	1
4819	0
4820	2
4821	1
4822	2
4823	2
4824	4
4825	2
4826	2
4827	2
4828	0
4829	4
4830	2
4831	1
4832	3
4833	2
4834	2
4835	3
4836	2
4837	2
4838	3
4839	2
4840	2
4841	2
4842	4
4843	4
4844	7
4845	1
4846	3
4847	3
4848	2
4849	2
4850	2
4851	1
4852	1
4853	0
4854	3
4855	3
4856	1
4857	2
4858	4
4859	4
4860	3
4861	3
4862	1
4863	2
4864	1
4865	4
4866	1
4867	4
4868	3
4869	4
4870	1
4871	3
4872	1
4873	4
4874	4
4875	1
4876	3
4877	2
4878	3
4879	3
4880	1
4881	5
4882	0
4883	3
4884	3
4885	3
4886	2
4887	2
4888	1
4889	6
4890	7
4891	5
4892	4
4893	5
4894	2
4895	1
4896	2
4897	1
4898	0
4899	0
4900	0
4901	2
4902	1
4903	6
4904	1
4905	3
4906	4
4907	1
4908	3
4909	2
4910	2
4911	4
4912	2
4913	3
4914	1
4915	4
4916	4
4917	4
4918	2
4919	2
4920	6
4921	6
4922	6
4923	3
4924	2
4925	4
4926	4
4927	4
4928	3
4929	5
4930	4
4931	3
4932	1
4933	1
4934	4
4935	3
4936	5
4937	3
4938	2
4939	6
4940	3
4941	1
4942	1
4943	4
4944	1
4945	4
4946	1
4947	3
4948	2
4949	1
4950	3
4951	0
4952	0
4953	1
4954	7
4955	1
4956	3
4957	6
4958	4
4959	2
4960	3
4961	2
4962	3
4963	1
4964	2
4965	2
4966	2
4967	6
4968	0
4969	3
4970	4
4971	2
4972	3
4973	1
4974	2
4975	2
4976	1
4977	2
4978	3
4979	2
4980	4
4981	1
4982	2
4983	4
4984	3
4985	3
4986	2
4987	3
4988	6
4989	2
4990	3
4991	4
4992	2
4993	2
4994	3
4995	4
4996	3
4997	4
4998	1
4999	2
5000	3
5001	2
5002	1
5003	4
5004	4
5005	6
5006	3
5007	3
5008	5
5009	2
5010	4
5011	2
5012	4
5013	7
5014	0
5015	6
5016	2
5017	4
5018	1
5019	1
5020	2
5021	2
5022	1
5023	3
5024	4
5025	3
5026	2
5027	2
5028	2
5029	4
5030	2
5031	1
5032	1
5033	4
5034	1
5035	0
5036	5
5037	1
5038	4
5039	2
5040	3
5041	1
5042	3
5043	7
5044	3
5045	3
5046	1
5047	2
5048	3
5049	1
5050	2
5051	4
5052	4
5053	4
5054	2
5055	3
5056	3
5057	2
5058	3
5059	5
5060	1
5061	3
5062	4
5063	2
5064	3
5065	2
5066	3
5067	7
5068	4
5069	1
5070	2
5071	2
5072	1
5073	2
5074	3
5075	1
5076	3
5077	1
5078	3
5079	4
5080	0
5081	0
5082	1
5083	1
5084	3
5085	1
5086	4
5087	1
5088	1
5089	2
5090	3
5091	1
5092	0
5093	1
5094	3
5095	2
5096	1
5097	5
5098	0
5099	1
5100	4
5101	1
5102	2
5103	2
5104	0
5105	2
5106	3
5107	4
5108	0
5109	4
5110	2
5111	3
5112	2
5113	2
5114	3
5115	4
5116	6
5117	3
5118	6
5119	5
5120	2
5121	2
5122	2
5123	4
5124	4
5125	7
5126	3
5127	2
5128	2
5129	3
5130	1
5131	6
5132	4
5133	5
5134	3
5135	1
5136	0
5137	3
5138	2
5139	2
5140	4
5141	2
5142	6
5143	2
5144	2
5145	2
5146	5
5147	3
5148	1
5149	2
5150	2
5151	2
5152	2
5153	2
5154	3
5155	0
5156	4
5157	2
5158	2
5159	2
5160	2
5161	5
5162	2
5163	2
5164	2
5165	4
5166	2
5167	3
5168	4
5169	0
5170	2
5171	2
5172	4
5173	4
5174	2
5175	4
5176	4
5177	3
5178	2
5179	1
5180	0
5181	2
5182	2
5183	2
5184	3
5185	2
5186	8
5187	1
5188	2
5189	3
5190	3
5191	1
5192	3
5193	0
5194	3
5195	4
5196	4
5197	3
5198	2
5199	4
5200	2
5201	4
5202	1
5203	4
5204	5
5205	2
5206	3
5207	2
5208	1
5209	2
5210	3
5211	4
5212	1
5213	1
5214	2
5215	2
5216	2
5217	1
5218	5
5219	2
5220	0
5221	3
5222	4
5223	1
5224	1
5225	1
5226	5
5227	3
5228	2
5229	1
5230	1
5231	0
5232	4
5233	2
5234	1
5235	1
5236	2
5237	3
5238	3
5239	2
5240	4
5241	6
5242	3
5243	1
5244	2
5245	2
5246	2
5247	2
5248	5
5249	3
5250	3
5251	2
5252	1
5253	3
5254	5
5255	3
5256	2
5257	4
5258	6
5259	3
5260	2
5261	5
5262	3
5263	5
5264	2
5265	4
5266	2
5267	1
5268	4
5269	4
5270	1
5271	3
5272	1
5273	2
5274	4
5275	1
5276	2
5277	8
5278	1
5279	1
5280	3
5281	0
5282	3
5283	2
5284	3
5285	3
5286	0
5287	4
5288	1
5289	0
5290	2
5291	1
5292	2
5293	3
5294	3
5295	1
5296	3
5297	0
5298	1
5299	0
5300	4
5301	5
5302	3
5303	0
5304	2
5305	2
5306	1
5307	3
5308	1
5309	2
5310	1
5311	2
5312	2
5313	2
5314	2
5315	2
5316	3
5317	4
5318	6
5319	1
5320	2
5321	2
5322	0
5323	4
5324	1
5325	2
5326	2
5327	3
5328	1
5329	2
5330	3
5331	2
5332	1
5333	3
5334	1
5335	1
5336	1
5337	4
5338	0
5339	1
5340	4
5341	2
5342	2
5343	1
5344	5
5345	1
5346	3
5347	2
5348	0
5349	4
5350	4
5351	0
5352	1
5353	2
5354	1
5355	1
5356	1
5357	0
5358	6
5359	4
5360	1
5361	3
5362	2
5363	6
5364	3
5365	2
5366	1
5367	2
5368	1
5369	1
5370	0
5371	3
5372	0
5373	2
5374	1
5375	4
5376	4
5377	2
5378	2
5379	3
5380	2
5381	4
5382	1
5383	1
5384	2
5385	1
5386	3
5387	4
5388	3
5389	2
5390	2
5391	0
5392	3
5393	4
5394	2
5395	3
5396	0
5397	2
5398	2
5399	6
5400	1
5401	2
5402	7
5403	2
5404	1
5405	2
5406	2
5407	4
5408	2
5409	4
5410	5
5411	3
5412	0
5413	1
5414	1
5415	2
5416	2
5417	3
5418	1
5419	3
5420	2
5421	4
5422	3
5423	1
5424	6
5425	6
5426	2
5427	1
5428	2
5429	4
5430	0
5431	5
5432	1
5433	3
5434	3
5435	0
5436	4
5437	5
5438	1
5439	5
5440	4
5441	3
5442	6
5443	2
5444	2
5445	3
5446	3
5447	5
5448	0
5449	0
5450	4
5451	3
5452	2
5453	1
5454	4
5455	1
5456	0
5457	1
5458	2
5459	1
5460	1
5461	2
5462	3
5463	3
5464	3
5465	1
5466	4
5467	1
5468	6
5469	3
5470	2
5471	5
5472	5
5473	0
5474	4
5475	6
5476	4
5477	1
5478	1
5479	3
5480	0
5481	4
5482	3
5483	2
5484	5
5485	8
5486	1
5487	3
5488	2
5489	1
5490	2
5491	3
5492	6
5493	2
5494	3
5495	4
5496	1
5497	4
5498	2
5499	8
5500	1
5501	4
5502	2
5503	2
5504	5
5505	2
5506	3
5507	2
5508	3
5509	0
5510	2
5511	2
5512	2
5513	3
5514	3
5515	2
5516	3
5517	0
5518	4
5519	2
5520	0
5521	0
5522	4
5523	4
5524	1
5525	1
5526	2
5527	1
5528	1
5529	2
5530	4
5531	2
5532	1
5533	3
5534	3
5535	1
5536	1
5537	2
5538	2
5539	2
5540	0
5541	1
5542	1
5543	4
5544	0
5545	1
5546	2
5547	5
5548	3
5549	3
5550	3
5551	2
5552	2
5553	5
5554	1
5555	2
5556	2
5557	1
5558	1
5559	1
5560	1
5561	0
5562	2
5563	4
5564	2
5565	3
5566	5
5567	2
5568	1
5569	1
5570	1
5571	1
5572	2
5573	1
5574	1
5575	3
5576	6
5577	1
5578	2
5579	2
5580	2
5581	2
5582	3
5583	4
5584	1
5585	0
5586	2
5587	3
5588	1
5589	2
5590	2
5591	2
5592	2
5593	2
5594	3
5595	2
5596	3
5597	3
5598	1
5599	0
5600	1
5601	4
5602	2
5603	3
5604	1
5605	1
5606	1
5607	2
5608	0
5609	3
5610	1
5611	4
5612	3
5613	7
5614	3
5615	2
5616	0
5617	2
5618	3
5619	3
5620	2
5621	4
5622	4
5623	0
5624	2
5625	4
5626	1
5627	2
5628	1
5629	3
5630	1
5631	5
5632	3
5633	2
5634	4
5635	1
5636	1
5637	1
5638	2
5639	3
5640	4
5641	3
5642	6
5643	3
5644	3
5645	3
5646	3
5647	2
5648	2
5649	1
5650	1
5651	1
5652	3
5653	2
5654	1
5655	3
5656	2
5657	1
5658	3
5659	2
5660	0
5661	4
5662	0
5663	1
5664	1
5665	2
5666	3
5667	1
5668	1
5669	5
5670	1
5671	4
5672	2
5673	4
5674	4
5675	3
5676	1
5677	2
5678	2
5679	2
5680	0
5681	2
5682	2
5683	3
5684	2
5685	2
5686	1
5687	1
5688	3
5689	3
5690	2
5691	5
5692	0
5693	0
5694	3
5695	0
5696	5
5697	2
5698	1
5699	2
5700	0
5701	2
5702	4
5703	2
5704	2
5705	3
5706	2
5707	2
5708	1
5709	3
5710	1
5711	1
5712	3
5713	5
5714	0
5715	2
5716	3
5717	2
5718	2
5719	2
5720	2
5721	2
5722	3
5723	2
5724	2
5725	2
5726	1
5727	6
5728	2
5729	3
5730	2
5731	3
5732	4
5733	3
5734	3
5735	1
5736	3
5737	4
5738	3
5739	3
5740	3
5741	0
5742	1
5743	3
5744	2
5745	4
5746	2
5747	3
5748	6
5749	1
5750	1
5751	5
5752	0
5753	3
5754	2
5755	1
5756	2
5757	2
5758	2
5759	1
5760	1
5761	3
5762	2
5763	5
5764	2
5765	3
5766	0
5767	2
5768	3
5769	3
5770	0
5771	4
5772	3
5773	4
5774	2
5775	1
5776	6
5777	3
5778	3
5779	0
5780	1
5781	3
5782	5
5783	2
5784	3
5785	2
5786	1
5787	2
5788	1
5789	6
5790	3
5791	3
5792	4
5793	0
5794	1
5795	2
5796	0
5797	2
5798	6
5799	5
5800	2
5801	2
5802	1
5803	2
5804	1
5805	2
5806	0
5807	1
5808	1
5809	0
5810	2
5811	3
5812	1
5813	2
5814	4
5815	3
5816	3
5817	0
5818	2
5819	3
5820	5
5821	2
5822	3
5823	0
5824	0
5825	1
5826	1
5827	0
5828	1
5829	2
5830	1
5831	4
5832	1
5833	2
5834	2
5835	2
5836	3
5837	3
5838	2
5839	0
5840	2
5841	2
5842	4
5843	3
5844	0
5845	6
5846	0
5847	2
5848	4
5849	2
5850	4
5851	0
5852	4
5853	5
5854	4
5855	4
5856	2
5857	4
5858	2
5859	3
5860	6
5861	2
5862	0
5863	4
5864	2
5865	2
5866	0
5867	2
5868	5
5869	2
5870	3
5871	3
5872	2
5873	4
5874	4
5875	2
5876	5
5877	3
5878	0
5879	3
5880	3
5881	1
5882	1
5883	4
5884	3
5885	1
5886	1
5887	0
5888	2
5889	4
5890	3
5891	2
5892	2
5893	3
5894	1
5895	2
5896	4
5897	3
5898	1
5899	6
5900	0
5901	3
5902	2
5903	2
5904	1
5905	2
5906	1
5907	1
5908	2
5909	2
5910	5
5911	2
5912	2
5913	1
5914	5
5915	3
5916	1
5917	3
5918	1
5919	1
5920	0
5921	5
5922	2
5923	4
5924	1
5925	1
5926	1
5927	0
5928	2
5929	4
5930	1
5931	3
5932	1
5933	0
5934	2
5935	2
5936	2
5937	0
5938	4
5939	4
5940	1
5941	2
5942	5
5943	3
5944	2
5945	0
5946	4
5947	3
5948	0
5949	2
5950	1
5951	3
5952	3
5953	4
5954	4
5955	2
5956	1
5957	5
5958	1
5959	1
5960	5
5961	2
5962	3
5963	3
5964	5
5965	0
5966	2
5967	3
5968	0
5969	4
5970	1
5971	1
5972	3
5973	4
5974	1
5975	3
5976	2
5977	0
5978	2
5979	0
5980	2
5981	1
5982	4
5983	1
5984	3
5985	4
5986	2
5987	1
5988	1
5989	3
5990	0
5991	0
5992	3
5993	5
5994	3
5995	2
5996	1
5997	1
5998	2
5999	1
6000	3
6001	4
6002	4
6003	3
6004	3
6005	2
6006	4
6007	3
6008	2
6009	0
6010	2
6011	3
6012	6
6013	1
6014	3
6015	1
6016	4
6017	1
6018	5
6019	2
6020	0
6021	3
6022	1
6023	3
6024	4
6025	5
6026	1
6027	1
6028	2
6029	3
6030	3
6031	1
6032	3
6033	6
6034	0
6035	3
6036	2
6037	0
6038	1
6039	2
6040	2
6041	3
6042	0
6043	1
6044	2
6045	1
6046	2
6047	0
6048	0
6049	3
6050	0
6051	2
6052	1
6053	5
6054	3
6055	3
6056	1
6057	3
6058	4
6059	2
6060	0
6061	1
6062	4
6063	2
6064	5
6065	1
6066	1
6067	1
6068	0
6069	2
6070	0
6071	3
6072	1
6073	0
6074	2
6075	4
6076	1
6077	1
6078	0
6079	0
6080	3
6081	2
6082	6
6083	2
6084	2
6085	1
6086	4
6087	2
6088	3
6089	4
6090	3
6091	3
6092	2
6093	2
6094	2
6095	3
6096	3
6097	3
6098	1
6099	2
6100	0
6101	4
6102	4
6103	4
6104	3
6105	5
6106	1
6107	4
6108	1
6109	0
6110	2
6111	0
6112	1
6113	1
6114	1
6115	3
6116	2
6117	3
6118	0
6119	0
6120	3
6121	2
6122	4
6123	1
6124	3
6125	4
6126	2
6127	0
6128	1
6129	1
6130	1
6131	2
6132	2
6133	1
6134	2
6135	2
6136	2
6137	3
6138	2
6139	1
6140	2
6141	2
6142	0
6143	3
6144	3
6145	2
6146	4
6147	3
6148	0
6149	5
6150	2
6151	4
6152	0
6153	3
6154	1
6155	2
6156	5
6157	1
6158	1
6159	1
6160	1
6161	1
6162	4
6163	3
6164	3
6165	3
6166	1
6167	2
6168	7
6169	2
6170	2
6171	2
6172	3
6173	2
6174	4
6175	2
6176	2
6177	5
6178	1
6179	1
6180	3
6181	2
6182	2
6183	5
6184	3
6185	2
6186	1
6187	1
6188	1
6189	1
6190	3
6191	1
6192	2
6193	2
6194	0
6195	3
6196	2
6197	4
6198	1
6199	5
6200	1
6201	4
6202	5
6203	2
6204	5
6205	0
6206	1
6207	4
6208	1
6209	4
6210	1
6211	3
6212	0
6213	2
6214	0
6215	2
6216	3
6217	5
6218	2
6219	4
6220	2
6221	0
6222	1
6223	2
6224	3
6225	0
6226	0
6227	1
6228	3
6229	2
6230	2
6231	2
6232	3
6233	0
6234	5
6235	2
6236	1
6237	1
6238	2
6239	3
6240	1
6241	2
6242	2
6243	1
6244	2
6245	5
6246	2
6247	1
6248	3
6249	3
6250	4
6251	1
6252	4
6253	4
6254	0
6255	0
6256	1
6257	1
6258	2
6259	2
6260	2
6261	2
6262	4
6263	1
6264	1
6265	2
6266	2
6267	4
6268	4
6269	1
6270	1
6271	4
6272	1
6273	2
6274	2
6275	1
6276	2
6277	0
6278	1
6279	1
6280	5
6281	3
6282	3
6283	6
6284	1
6285	0
6286	0
6287	3
6288	1
6289	3
6290	5
6291	0
6292	2
6293	3
6294	1
6295	1
6296	1
6297	0
6298	0
6299	3
6300	3
6301	0
6302	2
6303	2
6304	0
6305	4
6306	5
6307	3
6308	2
6309	2
6310	0
6311	3
6312	2
6313	2
6314	2
6315	1
6316	1
6317	0
6318	1
6319	0
6320	2
6321	1
6322	1
6323	2
6324	4
6325	3
6326	0
6327	3
6328	2
6329	1
6330	3
6331	2
6332	3
6333	1
6334	2
6335	1
6336	2
6337	2
6338	0
6339	3
6340	2
6341	2
6342	2
6343	2
6344	0
6345	1
6346	3
6347	2
6348	1
6349	1
6350	4
6351	1
6352	0
6353	1
6354	2
6355	0
6356	4
6357	2
6358	3
6359	1
6360	3
6361	1
6362	3
6363	2
6364	0
6365	0
6366	4
6367	1
6368	1
6369	2
6370	1
6371	4
6372	4
6373	6
6374	1
6375	4
6376	0
6377	1
6378	4
6379	2
6380	0
6381	2
6382	2
6383	3
6384	1
6385	2
6386	1
6387	1
6388	2
6389	2
6390	1
6391	3
6392	2
6393	2
6394	0
6395	3
6396	4
6397	3
6398	0
6399	2
6400	2
6401	1
6402	7
6403	3
6404	3
6405	4
6406	4
6407	2
6408	3
6409	2
6410	1
6411	2
6412	1
6413	3
6414	2
6415	0
6416	2
6417	3
6418	1
6419	4
6420	0
6421	4
6422	4
6423	1
6424	3
6425	2
6426	3
6427	6
6428	1
6429	2
6430	2
6431	1
6432	2
6433	2
6434	3
6435	2
6436	3
6437	3
6438	0
6439	1
6440	1
6441	1
6442	2
6443	2
6444	1
6445	3
6446	1
6447	2
6448	4
6449	1
6450	2
6451	3
6452	5
6453	4
6454	5
6455	0
6456	3
6457	2
6458	1
6459	2
6460	1
6461	2
6462	1
6463	1
6464	2
6465	1
6466	4
6467	1
6468	2
6469	1
6470	0
6471	2
6472	3
6473	0
6474	2
6475	3
6476	4
6477	2
6478	2
6479	2
6480	4
6481	0
6482	2
6483	0
6484	0
6485	3
6486	2
6487	1
6488	7
6489	4
6490	3
6491	3
6492	5
6493	3
6494	3
6495	2
6496	1
6497	4
6498	1
6499	1
6500	0
6501	2
6502	3
6503	3
6504	2
6505	2
6506	3
6507	3
6508	5
6509	3
6510	7
6511	1
6512	4
6513	0
6514	1
6515	1
6516	3
6517	1
6518	5
6519	3
6520	5
6521	2
6522	3
6523	3
6524	1
6525	1
6526	2
6527	2
6528	2
6529	3
6530	3
6531	0
6532	1
6533	3
6534	1
6535	2
6536	3
6537	2
6538	0
6539	4
6540	4
6541	3
6542	4
6543	0
6544	2
6545	3
6546	2
6547	4
6548	4
6549	0
6550	1
6551	3
6552	2
6553	2
6554	4
6555	1
6556	5
6557	0
6558	3
6559	2
6560	0
6561	1
6562	0
6563	0
6564	0
6565	3
6566	1
6567	5
6568	3
6569	3
6570	1
6571	3
6572	1
6573	1
6574	2
6575	3
6576	4
6577	2
6578	2
6579	1
6580	2
6581	3
6582	2
6583	2
6584	5
6585	1
6586	2
6587	6
6588	2
6589	2
6590	1
6591	0
6592	2
6593	0
6594	5
6595	2
6596	1
6597	1
6598	1
6599	0
6600	1
6601	0
6602	0
6603	2
6604	1
6605	1
6606	2
6607	3
6608	4
6609	3
6610	0
6611	3
6612	0
6613	3
6614	2
6615	1
6616	3
6617	5
6618	2
6619	2
6620	3
6621	2
6622	2
6623	2
6624	1
6625	0
6626	1
6627	2
6628	2
6629	1
6630	2
6631	1
6632	1
6633	0
6634	2
6635	1
6636	1
6637	0
6638	2
6639	3
6640	1
6641	0
6642	3
6643	3
6644	1
6645	2
6646	1
6647	4
6648	1
6649	0
6650	1
6651	2
6652	5
6653	0
6654	1
6655	1
6656	0
6657	2
6658	1
6659	1
6660	5
6661	3
6662	0
6663	1
6664	1
6665	4
6666	1
6667	1
6668	2
6669	2
6670	6
6671	1
6672	4
6673	0
6674	0
6675	2
6676	5
6677	5
6678	2
6679	0
6680	0
6681	4
6682	1
6683	0
6684	1
6685	2
6686	1
6687	2
6688	4
6689	4
6690	9
6691	4
6692	3
6693	1
6694	2
6695	1
6696	1
6697	3
6698	1
6699	2
6700	4
6701	3
6702	2
6703	3
6704	0
6705	2
6706	1
6707	3
6708	2
6709	3
6710	4
6711	1
6712	1
6713	2
6714	4
6715	2
6716	1
6717	0
6718	1
6719	2
6720	0
6721	2
6722	1
6723	1
6724	2
6725	1
6726	2
6727	2
6728	3
6729	1
6730	2
6731	0
6732	3
6733	4
6734	2
6735	2
6736	2
6737	2
6738	5
6739	1
6740	2
6741	1
6742	1
6743	0
6744	5
6745	2
6746	2
6747	0
6748	2
6749	1
6750	2
6751	2
6752	2
6753	1
6754	1
6755	1
6756	3
6757	2
6758	0
6759	2
6760	1
6761	1
6762	1
6763	1
6764	1
6765	3
6766	2
6767	1
6768	2
6769	1
6770	3
6771	1
6772	1
6773	4
6774	4
6775	0
6776	0
6777	3
6778	3
6779	2
6780	1
6781	2
6782	1
6783	3
6784	0
6785	6
6786	3
6787	2
6788	0
6789	0
6790	0
6791	1
6792	1
6793	3
6794	0
6795	0
6796	0
6797	4
6798	3
6799	2
6800	3
6801	3
6802	1
6803	2
6804	1
6805	5
6806	3
6807	1
6808	1
6809	1
6810	0
6811	3
6812	1
6813	4
6814	3
6815	5
6816	4
6817	0
6818	2
6819	2
6820	0
6821	0
6822	3
6823	2
6824	0
6825	1
6826	1
6827	0
6828	3
6829	1
6830	3
6831	1
6832	0
6833	4
6834	2
6835	2
6836	2
6837	3
6838	0
6839	3
6840	1
6841	0
6842	5
6843	2
6844	1
6845	4
6846	2
6847	5
6848	3
6849	2
6850	2
6851	7
6852	3
6853	0
6854	2
6855	2
6856	4
6857	1
6858	2
6859	2
6860	5
6861	1
6862	2
6863	1
6864	1
6865	3
6866	1
6867	2
6868	3
6869	4
6870	1
6871	2
6872	3
6873	0
6874	2
6875	1
6876	1
6877	2
6878	1
6879	1
6880	4
6881	3
6882	3
6883	3
6884	2
6885	1
6886	2
6887	1
6888	1
6889	1
6890	3
6891	1
6892	2
6893	4
6894	0
6895	2
6896	0
6897	1
6898	4
6899	4
6900	3
6901	0
6902	1
6903	1
6904	3
6905	1
6906	6
6907	3
6908	5
6909	1
6910	3
6911	3
6912	3
6913	0
6914	0
6915	2
6916	4
6917	1
6918	2
6919	2
6920	2
6921	5
6922	2
6923	4
6924	3
6925	4
6926	1
6927	1
6928	3
6929	2
6930	1
6931	1
6932	2
6933	2
6934	3
6935	2
6936	0
6937	0
6938	0
6939	2
6940	2
6941	2
6942	3
6943	3
6944	4
6945	2
6946	0
6947	4
6948	2
6949	2
6950	0
6951	2
6952	1
6953	2
6954	3
6955	0
6956	2
6957	1
6958	3
6959	2
6960	3
6961	3
6962	1
6963	3
6964	2
6965	2
6966	1
6967	3
6968	2
6969	0
6970	3
6971	0
6972	2
6973	1
6974	1
6975	1
6976	2
6977	5
6978	3
6979	2
6980	1
6981	1
6982	1
6983	1
6984	3
6985	3
6986	2
6987	2
6988	2
6989	1
6990	0
6991	1
6992	2
6993	0
6994	1
6995	1
6996	2
6997	2
6998	3
6999	1
7000	1
7001	2
7002	1
7003	1
7004	1
7005	1
7006	2
7007	2
7008	0
7009	1
7010	1
7011	0
7012	2
7013	3
7014	4
7015	0
7016	1
7017	2
7018	3
7019	6
7020	2
7021	0
7022	2
7023	1
7024	2
7025	1
7026	1
7027	3
7028	2
7029	1
7030	2
7031	3
7032	2
7033	0
7034	3
7035	2
7036	2
7037	2
7038	2
7039	2
7040	1
7041	3
7042	2
7043	0
7044	2
7045	4
7046	0
7047	1
7048	1
7049	1
7050	0
7051	1
7052	2
7053	2
7054	0
7055	2
7056	2
7057	2
7058	4
7059	2
7060	1
7061	1
7062	1
7063	3
7064	3
7065	2
7066	2
7067	0
7068	0
7069	3
7070	1
7071	0
7072	2
7073	0
7074	0
7075	0
7076	3
7077	2
7078	0
7079	1
7080	2
7081	2
7082	0
7083	2
7084	0
7085	2
7086	1
7087	3
7088	4
7089	4
7090	1
7091	3
7092	3
7093	0
7094	3
7095	1
7096	2
7097	2
7098	1
7099	1
7100	1
7101	4
7102	0
7103	2
7104	0
7105	4
7106	3
7107	4
7108	1
7109	1
7110	1
7111	4
7112	4
7113	2
7114	2
7115	1
7116	0
7117	4
7118	2
7119	1
7120	0
7121	2
7122	0
7123	3
7124	2
7125	2
7126	4
7127	0
7128	3
7129	0
7130	1
7131	0
7132	1
7133	3
7134	0
7135	0
7136	6
7137	0
7138	0
7139	2
7140	4
7141	5
7142	1
7143	0
7144	2
7145	0
7146	1
7147	4
7148	2
7149	2
7150	4
7151	2
7152	2
7153	0
7154	3
7155	5
7156	3
7157	1
7158	1
7159	2
7160	1
7161	2
7162	2
7163	5
7164	2
7165	1
7166	1
7167	2
7168	2
7169	2
7170	3
7171	3
7172	2
7173	5
7174	1
7175	3
7176	2
7177	1
7178	2
7179	0
7180	2
7181	0
7182	4
7183	2
7184	1
7185	2
7186	3
7187	3
7188	3
7189	2
7190	1
7191	3
7192	2
7193	1
7194	2
7195	1
7196	3
7197	3
7198	2
7199	1
7200	2
7201	1
7202	4
7203	1
7204	4
7205	2
7206	2
7207	3
7208	2
7209	1
7210	3
7211	1
7212	3
7213	1
7214	6
7215	2
7216	4
7217	0
7218	1
7219	2
7220	1
7221	1
7222	2
7223	1
7224	0
7225	3
7226	2
7227	1
7228	1
7229	1
7230	1
7231	2
7232	0
7233	2
7234	5
7235	2
7236	3
7237	3
7238	3
7239	2
7240	2
7241	1
7242	3
7243	1
7244	1
7245	1
7246	0
7247	2
7248	2
7249	6
7250	3
7251	1
7252	3
7253	0
7254	3
7255	1
7256	2
7257	3
7258	3
7259	0
7260	1
7261	4
7262	0
7263	3
7264	3
7265	2
7266	3
7267	3
7268	1
7269	4
7270	4
7271	1
7272	1
7273	2
7274	2
7275	0
7276	3
7277	2
7278	4
7279	0
7280	4
7281	3
7282	3
7283	2
7284	2
7285	2
7286	0
7287	5
7288	1
7289	0
7290	2
7291	2
7292	2
7293	0
7294	0
7295	0
7296	1
7297	0
7298	1
7299	2
7300	2
7301	0
7302	1
7303	1
7304	2
7305	4
7306	3
7307	5
7308	1
7309	4
7310	1
7311	0
7312	2
7313	3
7314	2
7315	2
7316	3
7317	6
7318	2
7319	0
7320	4
7321	2
7322	0
7323	2
7324	1
7325	2
7326	1
7327	2
7328	2
7329	2
7330	2
7331	1
7332	2
7333	1
7334	0
7335	3
7336	1
7337	1
7338	2
7339	1
7340	1
7341	1
7342	4
7343	1
7344	2
7345	1
7346	2
7347	5
7348	1
7349	1
7350	1
7351	3
7352	3
7353	1
7354	1
7355	6
7356	1
7357	2
7358	1
7359	2
7360	1
7361	0
7362	4
7363	2
7364	2
7365	1
7366	4
7367	2
7368	2
7369	3
7370	1
7371	0
7372	1
7373	4
7374	1
7375	0
7376	2
7377	1
7378	3
7379	3
7380	1
7381	1
7382	3
7383	1
7384	1
7385	2
7386	2
7387	0
7388	2
7389	4
7390	1
7391	2
7392	3
7393	0
7394	0
7395	0
7396	0
7397	5
7398	0
7399	2
7400	1
7401	1
7402	3
7403	1
7404	1
7405	0
7406	0
7407	1
7408	1
7409	2
7410	0
7411	1
7412	2
7413	2
7414	0
7415	4
7416	2
7417	3
7418	0
7419	2
7420	0
7421	1
7422	3
7423	2
7424	1
7425	1
7426	0
7427	3
7428	1
7429	5
7430	1
7431	0
7432	2
7433	1
7434	0
7435	0
7436	1
7437	4
7438	0
7439	2
7440	2
7441	1
7442	3
7443	0
7444	2
7445	2
7446	3
7447	1
7448	2
7449	0
7450	1
7451	2
7452	0
7453	1
7454	1
7455	1
7456	0
7457	1
7458	1
7459	0
7460	0
7461	4
7462	1
7463	2
7464	4
7465	1
7466	4
7467	3
7468	3
7469	0
7470	2
7471	4
7472	4
7473	1
7474	2
7475	2
7476	1
7477	2
7478	1
7479	1
7480	2
7481	2
7482	3
7483	1
7484	4
7485	0
7486	1
7487	2
7488	0
7489	0
7490	3
7491	2
7492	0
7493	1
7494	1
7495	0
7496	4
7497	3
7498	2
7499	6
7500	0
7501	1
7502	0
7503	3
7504	2
7505	2
7506	2
7507	4
7508	2
7509	3
7510	0
7511	2
7512	3
7513	1
7514	1
7515	2
7516	1
7517	1
7518	1
7519	5
7520	1
7521	4
7522	1
7523	1
7524	4
7525	3
7526	2
7527	2
7528	2
7529	3
7530	0
7531	2
7532	1
7533	3
7534	0
7535	1
7536	2
7537	2
7538	1
7539	3
7540	2
7541	1
7542	2
7543	2
7544	1
7545	1
7546	3
7547	1
7548	3
7549	0
7550	1
7551	5
7552	4
7553	0
7554	0
7555	2
7556	1
7557	3
7558	0
7559	1
7560	1
7561	3
7562	3
7563	2
7564	2
7565	3
7566	3
7567	1
7568	1
7569	2
7570	3
7571	1
7572	0
7573	3
7574	2
7575	1
7576	1
7577	3
7578	0
7579	1
7580	1
7581	4
7582	3
7583	2
7584	0
7585	3
7586	5
7587	4
7588	2
7589	1
7590	2
7591	2
7592	1
7593	3
7594	0
7595	0
7596	2
7597	1
7598	2
7599	3
7600	2
7601	0
7602	4
7603	3
7604	2
7605	2
7606	6
7607	3
7608	0
7609	2
7610	1
7611	0
7612	2
7613	6
7614	3
7615	1
7616	2
7617	1
7618	1
7619	2
7620	1
7621	3
7622	3
7623	1
7624	1
7625	0
7626	5
7627	2
7628	1
7629	1
7630	2
7631	2
7632	1
7633	2
7634	3
7635	2
7636	3
7637	3
7638	2
7639	6
7640	0
7641	2
7642	4
7643	0
7644	2
7645	0
7646	6
7647	2
7648	2
7649	4
7650	2
7651	1
7652	3
7653	4
7654	2
7655	0
7656	0
7657	2
7658	2
7659	0
7660	3
7661	1
7662	1
7663	3
7664	2
7665	4
7666	0
7667	2
7668	0
7669	1
7670	4
7671	0
7672	1
7673	1
7674	2
7675	3
7676	0
7677	4
7678	1
7679	0
7680	1
7681	4
7682	2
7683	3
7684	4
7685	1
7686	1
7687	1
7688	0
7689	0
7690	2
7691	3
7692	4
7693	2
7694	2
7695	4
7696	3
7697	0
7698	2
7699	1
7700	1
7701	2
7702	2
7703	0
7704	1
7705	2
7706	0
7707	1
7708	5
7709	4
7710	1
7711	5
7712	3
7713	0
7714	0
7715	0
7716	1
7717	1
7718	4
7719	0
7720	3
7721	2
7722	2
7723	2
7724	5
7725	0
7726	3
7727	0
7728	1
7729	2
7730	1
7731	1
7732	5
7733	0
7734	1
7735	2
7736	1
7737	0
7738	3
7739	3
7740	1
7741	2
7742	2
7743	1
7744	2
7745	3
7746	2
7747	2
7748	3
7749	2
7750	1
7751	2
7752	1
7753	2
7754	2
7755	2
7756	1
7757	1
7758	3
7759	1
7760	1
7761	1
7762	2
7763	1
7764	0
7765	1
7766	2
7767	3
7768	2
7769	2
7770	1
7771	1
7772	3
7773	1
7774	2
7775	2
7776	0
7777	1
7778	3
7779	2
7780	2
7781	1
7782	0
7783	1
7784	2
7785	2
7786	1
7787	1
7788	2
7789	0
7790	4
7791	0
7792	2
7793	3
7794	4
7795	1
7796	4
7797	1
7798	2
7799	3
7800	1
7801	1
7802	1
7803	1
7804	5
7805	1
7806	2
7807	3
7808	1
7809	1
7810	0
7811	0
7812	2
7813	1
7814	3
7815	0
7816	1
7817	3
7818	1
7819	2
7820	1
7821	4
7822	0
7823	4
7824	1
7825	5
7826	1
7827	1
7828	2
7829	2
7830	4
7831	2
7832	3
7833	0
7834	1
7835	3
7836	1
7837	1
7838	3
7839	4
7840	3
7841	0
7842	3
7843	2
7844	1
7845	2
7846	2
7847	1
7848	1
7849	2
7850	4
7851	2
7852	2
7853	0
7854	3
7855	2
7856	4
7857	2
7858	6
7859	1
7860	1
7861	1
7862	1
7863	3
7864	2
7865	2
7866	3
7867	2
7868	3
7869	0
7870	1
7871	1
7872	0
7873	1
7874	1
7875	1
7876	0
7877	2
7878	0
7879	3
7880	1
7881	3
7882	1
7883	2
7884	3
7885	0
7886	2
7887	5
7888	4
7889	2
7890	4
7891	1
7892	2
7893	5
7894	2
7895	1
7896	2
7897	4
7898	1
7899	2
7900	1
7901	1
7902	2
7903	1
7904	2
7905	0
7906	1
7907	3
7908	2
7909	3
7910	2
7911	2
7912	1
7913	1
7914	1
7915	0
7916	0
7917	1
7918	1
7919	2
7920	1
7921	1
7922	1
7923	1
7924	1
7925	2
7926	1
7927	4
7928	1
7929	1
7930	4
7931	2
7932	3
7933	3
7934	0
7935	4
7936	0
7937	4
7938	0
7939	2
7940	0
7941	2
7942	1
7943	0
7944	2
7945	3
7946	2
7947	3
7948	4
7949	1
7950	3
7951	1
7952	1
7953	1
7954	0
7955	0
7956	2
7957	3
7958	0
7959	1
7960	1
7961	1
7962	3
7963	2
7964	3
7965	2
7966	0
7967	1
7968	3
7969	1
7970	1
7971	3
7972	1
7973	1
7974	2
7975	1
7976	3
7977	2
7978	2
7979	1
7980	1
7981	1
7982	1
7983	0
7984	0
7985	1
7986	0
7987	1
7988	0
7989	1
7990	3
7991	4
7992	2
7993	0
7994	3
7995	2
7996	2
7997	2
7998	1
7999	1
8000	1
8001	2
8002	1
8003	0
8004	3
8005	1
8006	3
8007	3
8008	1
8009	4
8010	3
8011	1
8012	1
8013	0
8014	2
8015	2
8016	1
8017	1
8018	1
8019	1
8020	0
8021	1
8022	3
8023	0
8024	0
8025	3
8026	0
8027	0
8028	2
8029	0
8030	2
8031	2
8032	1
8033	1
8034	2
8035	1
8036	3
8037	1
8038	0
8039	1
8040	3
8041	0
8042	0
8043	3
8044	2
8045	2
8046	0
8047	2
8048	2
8049	1
8050	1
8051	0
8052	4
8053	3
8054	2
8055	3
8056	2
8057	0
8058	3
8059	0
8060	1
8061	3
8062	1
8063	3
8064	0
8065	0
8066	0
8067	0
8068	0
8069	0
8070	0
8071	0
8072	0
8073	0
8074	0
8075	0
8076	0
8077	0
8078	0
8079	0
8080	0
8081	0
8082	0
8083	0
8084	0
8085	0
8086	0
8087	0
8088	0
8089	0
8090	0
8091	0
8092	0
8093	0
8094	0
8095	0
8096	0
8097	0
8098	0
8099	0
8100	0
8101	0
8102	0
8103	0
8104	0
8105	0
8106	0
8107	0
8108	0
8109	0
8110	0
8111	0
8112	0
8113	0
8114	0
8115	0
8116	0
8117	0
8118	0
8119	0
8120	0
8121	0
8122	0
8123	0
8124	0
8125	0
8126	0
8127	0
8128	0
8129	0
8130	0
8131	0
8132	0
8133	0
8134	0
8135	0
8136	0
8137	0
8138	0
8139	0
8140	0
8141	0
8142	0
8143	0
8144	0
8145	0
8146	0
8147	0
8148	0
8149	0
8150	0
8151	0
8152	0
8153	0
8154	0
8155	0
8156	0
8157	0
8158	0
8159	0
8160	0
8161	0
8162	0
8163	0
8164	0
8165	0
8166	0
8167	0
8168	0
8169	0
8170	0
8171	0
8172	0
8173	0
8174	0
8175	0
8176	0
8177	0
8178	0
8179	0
8180	0
8181	0
8182	0
8183	0
8184	0
8185	0
8186	0
8187	0
8188	0
8189	0
8190	0
8191	0
