-2	86400
-1	86429.88
0	0
1	0
2	0
3	0
4	0
5	0
6	0
7	0
8	0
9	0
10	0
11	0
12	0
13	0
14	0
15	0
16	0
17	0
18	0
19	0
20	0
21	0
22	0
23	0
24	0
25	0
26	0
27	0
28	0
29	0
30	0
31	0
32	0
33	0
34	0
35	0
36	0
37	0
38	0
39	0
40	0
41	0
42	0
43	0
44	0
45	0
46	1
47	0
48	0
49	94
50	374
51	511
52	550
53	677
54	723
55	761
56	820
57	869
58	815
59	809
60	804
61	783
62	743
63	739
64	729
65	728
66	728
67	767
68	786
69	815
70	773
71	757
72	778
73	833
74	819
75	771
76	794
77	816
78	827
79	853
80	816
81	801
82	801
83	798
84	778
85	847
86	779
87	799
88	885
89	863
90	835
91	847
92	784
93	865
94	892
95	816
96	898
97	867
98	885
99	871
100	913
101	911
102	937
103	908
104	937
105	995
106	974
107	969
108	995
109	1023
110	1013
111	994
112	1106
113	1046
114	1005
115	1093
116	1063
117	1240
118	1178
119	1131
120	1220
121	1179
122	1131
123	1258
124	1217
125	1204
126	1268
127	1297
128	1305
129	1298
130	1247
131	1322
132	1457
133	1307
134	1352
135	1378
136	1419
137	1478
138	1390
139	1431
140	1404
141	1431
142	1418
143	1537
144	1457
145	1567
146	1552
147	1492
148	1576
149	1456
150	1511
151	1509
152	1542
153	1574
154	1582
155	1616
156	1597
157	1627
158	1601
159	1627
160	1624
161	1619
162	1648
163	1574
164	1614
165	1606
166	1591
167	1664
168	1648
169	1679
170	1640
171	1619
172	1646
173	1605
174	1678
175	1744
176	1639
177	1569
178	1690
179	1589
180	1722
181	1677
182	1608
183	1645
184	1581
185	1614
186	1681
187	1632
188	1594
189	1672
190	1624
191	1725
192	1663
193	1639
194	1642
195	1652
196	1685
197	1683
198	1656
199	1698
200	1581
201	1658
202	1608
203	1678
204	1657
205	1660
206	1644
207	1687
208	1631
209	1570
210	1644
211	1650
212	1558
213	1580
214	1653
215	1524
216	1665
217	1580
218	1579
219	1571
220	1621
221	1565
222	1602
223	1545
224	1536
225	1506
226	1612
227	1536
228	1515
229	1506
230	1514
231	1653
232	1558
233	1547
234	1488
235	1479
236	1493
237	1527
238	1437
239	1485
240	1446
241	1520
242	1484
243	1447
244	1439
245	1470
246	1483
247	1390
248	1460
249	1486
250	1476
251	1483
252	1440
253	1378
254	1447
255	1410
256	1349
257	1367
258	1414
259	1375
260	1431
261	1341
262	1384
263	1412
264	1444
265	1434
266	1346
267	1309
268	1300
269	1306
270	1323
271	1352
272	1210
273	1227
274	1279
275	1196
276	1279
277	1173
278	1222
279	1237
280	1247
281	1251
282	1212
283	1215
284	1223
285	1185
286	1167
287	1245
288	1128
289	1170
290	1204
291	1164
292	1178
293	1080
294	1103
295	1184
296	1090
297	1146
298	1139
299	1112
300	1161
301	1088
302	1096
303	1128
304	1126
305	1107
306	1090
307	1127
308	1022
309	1105
310	1076
311	1005
312	1105
313	1037
314	1134
315	1026
316	1029
317	1088
318	1004
319	1047
320	1103
321	1003
322	1049
323	1066
324	1024
325	1056
326	992
327	1053
328	1030
329	994
330	972
331	979
332	1017
333	951
334	968
335	917
336	1012
337	978
338	956
339	954
340	938
341	957
342	879
343	939
344	910
345	966
346	919
347	950
348	878
349	880
350	930
351	877
352	921
353	876
354	871
355	882
356	916
357	902
358	867
359	832
360	822
361	893
362	868
363	885
364	861
365	884
366	816
367	790
368	862
369	818
370	848
371	832
372	926
373	842
374	859
375	854
376	875
377	806
378	811
379	779
380	798
381	807
382	804
383	783
384	802
385	796
386	844
387	762
388	945
389	924
390	939
391	877
392	778
393	731
394	723
395	726
396	755
397	716
398	744
399	691
400	739
401	727
402	703
403	699
404	685
405	724
406	700
407	708
408	700
409	705
410	660
411	671
412	686
413	701
414	731
415	692
416	657
417	695
418	647
419	672
420	694
421	653
422	670
423	721
424	652
425	656
426	638
427	686
428	674
429	660
430	619
431	644
432	654
433	635
434	636
435	635
436	652
437	634
438	634
439	692
440	596
441	621
442	608
443	644
444	664
445	667
446	605
447	639
448	620
449	610
450	637
451	617
452	562
453	625
454	587
455	599
456	577
457	579
458	604
459	578
460	618
461	585
462	571
463	585
464	579
465	554
466	616
467	527
468	585
469	583
470	598
471	601
472	569
473	568
474	572
475	556
476	566
477	539
478	562
479	529
480	515
481	580
482	518
483	541
484	573
485	594
486	556
487	561
488	547
489	581
490	534
491	558
492	584
493	552
494	556
495	548
496	513
497	514
498	549
499	524
500	508
501	537
502	501
503	534
504	497
505	503
506	528
507	507
508	490
509	483
510	488
511	538
512	556
513	550
514	519
515	489
516	512
517	478
518	491
519	528
520	483
521	473
522	484
523	484
524	477
525	498
526	425
527	498
528	468
529	517
530	525
531	500
532	455
533	487
534	452
535	510
536	462
537	474
538	482
539	426
540	493
541	508
542	459
543	460
544	443
545	501
546	436
547	475
548	467
549	443
550	465
551	464
552	432
553	444
554	466
555	481
556	422
557	412
558	463
559	473
560	513
561	510
562	690
563	912
564	1167
565	1327
566	1196
567	967
568	687
569	610
570	510
571	465
572	394
573	434
574	441
575	437
576	395
577	390
578	428
579	386
580	414
581	405
582	428
583	359
584	412
585	388
586	386
587	397
588	447
589	423
590	394
591	399
592	391
593	439
594	412
595	415
596	338
597	407
598	398
599	428
600	394
601	371
602	388
603	366
604	410
605	374
606	385
607	394
608	392
609	362
610	369
611	405
612	340
613	354
614	401
615	363
616	347
617	376
618	379
619	365
620	406
621	372
622	381
623	366
624	404
625	358
626	387
627	382
628	384
629	401
630	377
631	335
632	384
633	343
634	393
635	363
636	340
637	378
638	352
639	355
640	353
641	364
642	400
643	494
644	575
645	608
646	597
647	450
648	395
649	361
650	314
651	346
652	343
653	301
654	341
655	321
656	352
657	337
658	333
659	343
660	371
661	376
662	341
663	343
664	376
665	340
666	333
667	334
668	355
669	371
670	371
671	427
672	559
673	670
674	768
675	640
676	507
677	379
678	340
679	333
680	327
681	341
682	305
683	347
684	279
685	315
686	306
687	307
688	351
689	297
690	324
691	316
692	300
693	316
694	336
695	318
696	314
697	315
698	293
699	301
700	318
701	294
702	314
703	294
704	310
705	335
706	301
707	277
708	304
709	282
710	303
711	279
712	285
713	323
714	305
715	278
716	303
717	278
718	296
719	276
720	303
721	294
722	327
723	266
724	303
725	275
726	309
727	278
728	285
729	271
730	336
731	301
732	306
733	257
734	301
735	320
736	308
737	287
738	289
739	297
740	296
741	303
742	283
743	297
744	308
745	293
746	302
747	275
748	267
749	289
750	266
751	279
752	279
753	273
754	270
755	284
756	274
757	274
758	291
759	307
760	277
761	296
762	250
763	283
764	238
765	272
766	273
767	288
768	275
769	284
770	273
771	300
772	279
773	280
774	300
775	272
776	266
777	282
778	320
779	272
780	281
781	285
782	285
783	252
784	257
785	272
786	313
787	257
788	256
789	300
790	248
791	246
792	278
793	245
794	247
795	247
796	248
797	269
798	261
799	265
800	254
801	285
802	306
803	312
804	310
805	346
806	290
807	251
808	246
809	239
810	218
811	237
812	258
813	265
814	285
815	245
816	265
817	239
818	214
819	260
820	255
821	237
822	252
823	251
824	268
825	228
826	261
827	257
828	211
829	243
830	226
831	244
832	244
833	233
834	243
835	264
836	219
837	224
838	236
839	252
840	216
841	235
842	283
843	259
844	245
845	242
846	233
847	260
848	306
849	272
850	295
851	230
852	240
853	249
854	267
855	233
856	214
857	230
858	231
859	239
860	210
861	216
862	213
863	195
864	215
865	232
866	231
867	225
868	229
869	250
870	245
871	222
872	250
873	231
874	235
875	237
876	251
877	236
878	250
879	281
880	249
881	236
882	238
883	212
884	225
885	204
886	191
887	236
888	198
889	215
890	216
891	194
892	235
893	224
894	241
895	200
896	207
897	223
898	221
899	215
900	205
901	226
902	223
903	234
904	200
905	210
906	232
907	196
908	215
909	201
910	197
911	215
912	200
913	203
914	191
915	186
916	217
917	207
918	227
919	222
920	204
921	222
922	222
923	229
924	221
925	212
926	215
927	232
928	228
929	226
930	207
931	205
932	210
933	199
934	220
935	185
936	189
937	186
938	189
939	215
940	186
941	220
942	175
943	205
944	201
945	206
946	209
947	209
948	192
949	193
950	251
951	289
952	227
953	238
954	223
955	200
956	204
957	173
958	196
959	229
960	203
961	178
962	197
963	189
964	200
965	208
966	183
967	187
968	189
969	193
970	206
971	200
972	174
973	177
974	206
975	205
976	184
977	175
978	173
979	186
980	181
981	193
982	179
983	206
984	204
985	191
986	202
987	198
988	172
989	205
990	177
991	194
992	180
993	176
994	199
995	170
996	197
997	186
998	189
999	199
1000	181
1001	195
1002	176
1003	190
1004	195
1005	300
1006	423
1007	553
1008	471
1009	379
1010	270
1011	180
1012	174
1013	159
1014	149
1015	176
1016	168
1017	183
1018	192
1019	179
1020	181
1021	160
1022	178
1023	165
1024	170
1025	176
1026	169
1027	195
1028	163
1029	200
1030	210
1031	199
1032	197
1033	203
1034	206
1035	193
1036	161
1037	167
1038	163
1039	173
1040	178
1041	180
1042	145
1043	166
1044	166
1045	177
1046	165
1047	187
1048	189
1049	171
1050	186
1051	201
1052	188
1053	175
1054	179
1055	150
1056	153
1057	149
1058	176
1059	171
1060	173
1061	176
1062	191
1063	189
1064	206
1065	237
1066	254
1067	262
1068	261
1069	302
1070	359
1071	374
1072	339
1073	274
1074	190
1075	158
1076	167
1077	141
1078	170
1079	151
1080	161
1081	149
1082	148
1083	166
1084	158
1085	168
1086	174
1087	128
1088	151
1089	154
1090	163
1091	158
1092	155
1093	137
1094	142
1095	161
1096	160
1097	140
1098	149
1099	169
1100	157
1101	139
1102	148
1103	151
1104	127
1105	155
1106	159
1107	168
1108	176
1109	163
1110	161
1111	153
1112	168
1113	164
1114	142
1115	157
1116	148
1117	144
1118	144
1119	150
1120	139
1121	147
1122	152
1123	204
1124	157
1125	170
1126	156
1127	159
1128	182
1129	137
1130	153
1131	174
1132	153
1133	140
1134	152
1135	171
1136	155
1137	139
1138	173
1139	140
1140	159
1141	140
1142	147
1143	137
1144	138
1145	165
1146	149
1147	158
1148	147
1149	156
1150	148
1151	141
1152	156
1153	142
1154	140
1155	150
1156	133
1157	155
1158	156
1159	155
1160	145
1161	156
1162	134
1163	169
1164	144
1165	152
1166	168
1167	154
1168	142
1169	143
1170	129
1171	139
1172	143
1173	154
1174	139
1175	151
1176	144
1177	145
1178	138
1179	163
1180	140
1181	156
1182	143
1183	146
1184	166
1185	151
1186	151
1187	149
1188	152
1189	130
1190	134
1191	154
1192	160
1193	155
1194	127
1195	136
1196	188
1197	158
1198	136
1199	138
1200	138
1201	131
1202	153
1203	150
1204	130
1205	154
1206	144
1207	154
1208	152
1209	165
1210	133
1211	143
1212	136
1213	155
1214	149
1215	155
1216	146
1217	154
1218	141
1219	155
1220	155
1221	143
1222	143
1223	152
1224	140
1225	155
1226	164
1227	161
1228	155
1229	149
1230	166
1231	155
1232	155
1233	151
1234	149
1235	177
1236	258
1237	292
1238	319
1239	321
1240	219
1241	191
1242	131
1243	146
1244	135
1245	141
1246	149
1247	147
1248	144
1249	141
1250	146
1251	144
1252	167
1253	139
1254	136
1255	149
1256	126
1257	119
1258	159
1259	143
1260	125
1261	139
1262	148
1263	114
1264	132
1265	114
1266	132
1267	130
1268	147
1269	126
1270	151
1271	146
1272	140
1273	140
1274	161
1275	174
1276	164
1277	162
1278	181
1279	165
1280	152
1281	151
1282	165
1283	152
1284	146
1285	121
1286	140
1287	140
1288	147
1289	139
1290	140
1291	146
1292	156
1293	132
1294	138
1295	138
1296	141
1297	154
1298	141
1299	152
1300	156
1301	152
1302	144
1303	162
1304	170
1305	158
1306	132
1307	146
1308	144
1309	157
1310	159
1311	137
1312	130
1313	150
1314	138
1315	157
1316	154
1317	146
1318	147
1319	137
1320	132
1321	132
1322	136
1323	130
1324	147
1325	136
1326	161
1327	123
1328	139
1329	139
1330	144
1331	139
1332	128
1333	142
1334	125
1335	157
1336	135
1337	149
1338	149
1339	119
1340	150
1341	144
1342	158
1343	136
1344	135
1345	141
1346	130
1347	159
1348	144
1349	142
1350	137
1351	150
1352	133
1353	131
1354	154
1355	134
1356	146
1357	149
1358	142
1359	140
1360	150
1361	136
1362	136
1363	135
1364	140
1365	136
1366	182
1367	207
1368	227
1369	214
1370	184
1371	164
1372	147
1373	148
1374	125
1375	116
1376	152
1377	128
1378	132
1379	126
1380	118
1381	117
1382	133
1383	104
1384	124
1385	137
1386	117
1387	105
1388	112
1389	106
1390	111
1391	119
1392	117
1393	108
1394	113
1395	108
1396	122
1397	117
1398	111
1399	94
1400	105
1401	106
1402	105
1403	117
1404	122
1405	102
1406	113
1407	113
1408	90
1409	119
1410	95
1411	112
1412	115
1413	107
1414	128
1415	134
1416	132
1417	132
1418	112
1419	109
1420	120
1421	114
1422	105
1423	128
1424	102
1425	117
1426	92
1427	103
1428	94
1429	87
1430	105
1431	99
1432	109
1433	114
1434	79
1435	85
1436	109
1437	100
1438	87
1439	92
1440	116
1441	105
1442	113
1443	95
1444	90
1445	84
1446	100
1447	97
1448	94
1449	94
1450	95
1451	102
1452	80
1453	94
1454	78
1455	90
1456	77
1457	71
1458	86
1459	109
1460	98
1461	93
1462	97
1463	97
1464	100
1465	83
1466	117
1467	106
1468	110
1469	85
1470	83
1471	90
1472	60
1473	100
1474	98
1475	83
1476	62
1477	89
1478	68
1479	96
1480	89
1481	82
1482	73
1483	83
1484	84
1485	86
1486	78
1487	94
1488	101
1489	77
1490	63
1491	86
1492	88
1493	76
1494	76
1495	72
1496	87
1497	82
1498	72
1499	73
1500	72
1501	83
1502	83
1503	97
1504	84
1505	97
1506	76
1507	79
1508	93
1509	85
1510	89
1511	90
1512	94
1513	78
1514	73
1515	66
1516	93
1517	90
1518	88
1519	91
1520	109
1521	121
1522	148
1523	134
1524	108
1525	83
1526	63
1527	83
1528	68
1529	85
1530	78
1531	69
1532	73
1533	88
1534	79
1535	61
1536	75
1537	87
1538	80
1539	69
1540	76
1541	71
1542	79
1543	90
1544	72
1545	78
1546	79
1547	87
1548	99
1549	75
1550	85
1551	86
1552	89
1553	74
1554	94
1555	88
1556	97
1557	122
1558	85
1559	76
1560	68
1561	76
1562	90
1563	73
1564	74
1565	49
1566	72
1567	69
1568	69
1569	80
1570	80
1571	80
1572	82
1573	79
1574	57
1575	74
1576	72
1577	75
1578	61
1579	86
1580	67
1581	88
1582	65
1583	58
1584	85
1585	73
1586	68
1587	66
1588	55
1589	68
1590	78
1591	61
1592	69
1593	69
1594	77
1595	78
1596	86
1597	78
1598	58
1599	71
1600	66
1601	79
1602	76
1603	64
1604	61
1605	76
1606	67
1607	76
1608	73
1609	119
1610	278
1611	675
1612	1521
1613	2551
1614	2966
1615	2510
1616	1656
1617	763
1618	258
1619	91
1620	28
1621	54
1622	51
1623	44
1624	29
1625	50
1626	51
1627	41
1628	50
1629	33
1630	39
1631	44
1632	48
1633	37
1634	38
1635	41
1636	39
1637	51
1638	37
1639	46
1640	30
1641	41
1642	36
1643	42
1644	33
1645	46
1646	43
1647	43
1648	41
1649	38
1650	44
1651	57
1652	41
1653	49
1654	54
1655	60
1656	47
1657	58
1658	52
1659	66
1660	50
1661	48
1662	48
1663	36
1664	41
1665	54
1666	57
1667	74
1668	89
1669	47
1670	59
1671	69
1672	48
1673	42
1674	47
1675	53
1676	36
1677	39
1678	45
1679	44
1680	44
1681	51
1682	39
1683	50
1684	43
1685	43
1686	45
1687	36
1688	35
1689	41
1690	45
1691	45
1692	38
1693	40
1694	34
1695	36
1696	43
1697	50
1698	58
1699	47
1700	48
1701	52
1702	44
1703	39
1704	40
1705	41
1706	44
1707	45
1708	39
1709	32
1710	23
1711	45
1712	36
1713	46
1714	51
1715	42
1716	30
1717	43
1718	26
1719	42
1720	30
1721	45
1722	45
1723	40
1724	45
1725	42
1726	41
1727	35
1728	29
1729	31
1730	36
1731	30
1732	38
1733	47
1734	27
1735	27
1736	37
1737	41
1738	22
1739	34
1740	34
1741	40
1742	32
1743	33
1744	31
1745	43
1746	63
1747	49
1748	52
1749	52
1750	65
1751	53
1752	58
1753	65
1754	96
1755	99
1756	98
1757	76
1758	64
1759	66
1760	51
1761	44
1762	47
1763	46
1764	43
1765	36
1766	36
1767	43
1768	40
1769	34
1770	40
1771	44
1772	40
1773	38
1774	29
1775	35
1776	38
1777	34
1778	41
1779	39
1780	43
1781	37
1782	25
1783	26
1784	37
1785	28
1786	27
1787	39
1788	48
1789	41
1790	54
1791	66
1792	50
1793	46
1794	39
1795	49
1796	33
1797	36
1798	57
1799	43
1800	48
1801	66
1802	69
1803	62
1804	48
1805	38
1806	39
1807	38
1808	33
1809	50
1810	41
1811	36
1812	37
1813	37
1814	27
1815	38
1816	26
1817	38
1818	30
1819	24
1820	24
1821	29
1822	33
1823	34
1824	32
1825	30
1826	39
1827	23
1828	36
1829	33
1830	39
1831	21
1832	30
1833	41
1834	39
1835	48
1836	49
1837	36
1838	34
1839	39
1840	37
1841	40
1842	34
1843	32
1844	33
1845	22
1846	31
1847	29
1848	33
1849	22
1850	29
1851	36
1852	32
1853	41
1854	19
1855	31
1856	26
1857	45
1858	29
1859	36
1860	43
1861	38
1862	41
1863	35
1864	32
1865	32
1866	25
1867	33
1868	41
1869	27
1870	29
1871	40
1872	36
1873	26
1874	31
1875	27
1876	22
1877	40
1878	31
1879	28
1880	28
1881	32
1882	39
1883	23
1884	37
1885	46
1886	29
1887	28
1888	29
1889	27
1890	26
1891	36
1892	25
1893	38
1894	29
1895	34
1896	31
1897	32
1898	24
1899	22
1900	36
1901	36
1902	28
1903	34
1904	34
1905	37
1906	33
1907	34
1908	54
1909	55
1910	67
1911	65
1912	58
1913	53
1914	32
1915	34
1916	31
1917	27
1918	25
1919	24
1920	36
1921	31
1922	30
1923	30
1924	33
1925	24
1926	27
1927	17
1928	34
1929	25
1930	25
1931	30
1932	31
1933	24
1934	33
1935	28
1936	30
1937	23
1938	26
1939	31
1940	29
1941	28
1942	30
1943	26
1944	29
1945	44
1946	71
1947	134
1948	208
1949	243
1950	259
1951	173
1952	112
1953	72
1954	30
1955	18
1956	33
1957	31
1958	32
1959	24
1960	27
1961	31
1962	35
1963	27
1964	29
1965	31
1966	30
1967	31
1968	30
1969	32
1970	21
1971	35
1972	20
1973	31
1974	23
1975	28
1976	21
1977	18
1978	28
1979	30
1980	18
1981	25
1982	26
1983	20
1984	30
1985	21
1986	18
1987	31
1988	24
1989	35
1990	30
1991	30
1992	28
1993	33
1994	23
1995	33
1996	23
1997	38
1998	27
1999	21
2000	25
2001	29
2002	28
2003	27
2004	24
2005	27
2006	32
2007	18
2008	18
2009	14
2010	27
2011	29
2012	28
2013	30
2014	19
2015	25
2016	18
2017	17
2018	18
2019	34
2020	28
2021	21
2022	27
2023	26
2024	22
2025	28
2026	31
2027	23
2028	26
2029	35
2030	16
2031	36
2032	26
2033	29
2034	24
2035	27
2036	28
2037	40
2038	52
2039	27
2040	46
2041	60
2042	55
2043	42
2044	39
2045	28
2046	20
2047	35
2048	26
2049	30
2050	22
2051	25
2052	27
2053	25
2054	34
2055	28
2056	33
2057	32
2058	38
2059	33
2060	25
2061	28
2062	25
2063	33
2064	29
2065	38
2066	15
2067	27
2068	24
2069	18
2070	26
2071	27
2072	22
2073	31
2074	26
2075	20
2076	37
2077	35
2078	37
2079	24
2080	28
2081	24
2082	20
2083	24
2084	25
2085	33
2086	28
2087	20
2088	18
2089	26
2090	28
2091	29
2092	20
2093	22
2094	21
2095	32
2096	34
2097	26
2098	30
2099	25
2100	20
2101	27
2102	20
2103	22
2104	21
2105	22
2106	27
2107	36
2108	26
2109	28
2110	30
2111	31
2112	32
2113	26
2114	29
2115	27
2116	17
2117	18
2118	25
2119	35
2120	18
2121	22
2122	29
2123	27
2124	23
2125	25
2126	26
2127	25
2128	26
2129	17
2130	28
2131	34
2132	27
2133	14
2134	26
2135	32
2136	32
2137	28
2138	22
2139	28
2140	33
2141	23
2142	27
2143	37
2144	27
2145	28
2146	28
2147	23
2148	27
2149	19
2150	26
2151	21
2152	27
2153	24
2154	22
2155	24
2156	25
2157	31
2158	24
2159	25
2160	26
2161	18
2162	23
2163	18
2164	30
2165	27
2166	33
2167	9
2168	29
2169	31
2170	37
2171	29
2172	29
2173	24
2174	24
2175	23
2176	24
2177	23
2178	18
2179	22
2180	19
2181	34
2182	21
2183	21
2184	27
2185	16
2186	21
2187	25
2188	28
2189	35
2190	19
2191	22
2192	27
2193	22
2194	27
2195	25
2196	34
2197	24
2198	11
2199	22
2200	24
2201	23
2202	24
2203	26
2204	23
2205	18
2206	28
2207	21
2208	24
2209	26
2210	19
2211	23
2212	22
2213	24
2214	33
2215	28
2216	22
2217	21
2218	25
2219	18
2220	23
2221	30
2222	21
2223	28
2224	26
2225	24
2226	23
2227	25
2228	20
2229	27
2230	32
2231	20
2232	24
2233	28
2234	26
2235	17
2236	27
2237	18
2238	19
2239	32
2240	24
2241	29
2242	16
2243	33
2244	28
2245	23
2246	37
2247	22
2248	25
2249	29
2250	21
2251	27
2252	22
2253	19
2254	18
2255	17
2256	16
2257	25
2258	27
2259	28
2260	19
2261	17
2262	37
2263	24
2264	32
2265	27
2266	13
2267	29
2268	28
2269	22
2270	22
2271	21
2272	20
2273	24
2274	17
2275	26
2276	29
2277	25
2278	29
2279	24
2280	23
2281	19
2282	23
2283	23
2284	25
2285	23
2286	21
2287	21
2288	24
2289	22
2290	24
2291	18
2292	37
2293	25
2294	26
2295	23
2296	28
2297	19
2298	26
2299	24
2300	20
2301	27
2302	16
2303	20
2304	20
2305	25
2306	15
2307	25
2308	28
2309	27
2310	24
2311	22
2312	19
2313	17
2314	18
2315	23
2316	15
2317	20
2318	26
2319	32
2320	50
2321	63
2322	75
2323	81
2324	91
2325	67
2326	61
2327	50
2328	18
2329	27
2330	17
2331	26
2332	37
2333	19
2334	32
2335	25
2336	23
2337	37
2338	26
2339	38
2340	34
2341	30
2342	34
2343	35
2344	21
2345	20
2346	26
2347	17
2348	26
2349	28
2350	22
2351	31
2352	28
2353	23
2354	16
2355	24
2356	21
2357	33
2358	20
2359	30
2360	17
2361	21
2362	27
2363	24
2364	23
2365	19
2366	19
2367	19
2368	22
2369	24
2370	22
2371	23
2372	21
2373	23
2374	19
2375	21
2376	24
2377	22
2378	28
2379	14
2380	27
2381	26
2382	29
2383	20
2384	18
2385	17
2386	21
2387	31
2388	20
2389	22
2390	29
2391	28
2392	20
2393	30
2394	23
2395	26
2396	14
2397	21
2398	22
2399	28
2400	24
2401	26
2402	15
2403	22
2404	24
2405	21
2406	25
2407	29
2408	20
2409	21
2410	21
2411	20
2412	20
2413	24
2414	27
2415	21
2416	34
2417	22
2418	30
2419	27
2420	22
2421	25
2422	20
2423	19
2424	26
2425	22
2426	25
2427	15
2428	27
2429	18
2430	21
2431	35
2432	48
2433	69
2434	110
2435	90
2436	70
2437	69
2438	50
2439	33
2440	30
2441	27
2442	21
2443	18
2444	19
2445	16
2446	23
2447	15
2448	17
2449	20
2450	21
2451	18
2452	20
2453	15
2454	18
2455	27
2456	22
2457	23
2458	19
2459	21
2460	19
2461	22
2462	29
2463	20
2464	21
2465	23
2466	24
2467	30
2468	29
2469	21
2470	17
2471	21
2472	30
2473	26
2474	25
2475	16
2476	18
2477	20
2478	15
2479	14
2480	23
2481	20
2482	23
2483	23
2484	15
2485	20
2486	26
2487	23
2488	23
2489	20
2490	20
2491	19
2492	29
2493	24
2494	25
2495	21
2496	23
2497	14
2498	26
2499	23
2500	21
2501	21
2502	22
2503	26
2504	17
2505	27
2506	16
2507	31
2508	24
2509	26
2510	19
2511	23
2512	27
2513	28
2514	25
2515	31
2516	23
2517	20
2518	17
2519	29
2520	30
2521	21
2522	22
2523	26
2524	15
2525	19
2526	25
2527	21
2528	25
2529	23
2530	18
2531	20
2532	34
2533	16
2534	23
2535	27
2536	22
2537	29
2538	22
2539	27
2540	26
2541	26
2542	24
2543	22
2544	27
2545	21
2546	25
2547	19
2548	25
2549	29
2550	22
2551	18
2552	10
2553	27
2554	26
2555	22
2556	25
2557	14
2558	20
2559	28
2560	29
2561	38
2562	26
2563	20
2564	32
2565	23
2566	23
2567	27
2568	20
2569	25
2570	32
2571	21
2572	22
2573	23
2574	22
2575	36
2576	19
2577	26
2578	20
2579	30
2580	33
2581	20
2582	31
2583	24
2584	22
2585	14
2586	24
2587	20
2588	24
2589	23
2590	41
2591	21
2592	18
2593	27
2594	21
2595	26
2596	29
2597	28
2598	28
2599	19
2600	28
2601	26
2602	31
2603	27
2604	24
2605	27
2606	24
2607	26
2608	32
2609	22
2610	16
2611	21
2612	26
2613	26
2614	31
2615	15
2616	25
2617	24
2618	21
2619	26
2620	28
2621	27
2622	29
2623	24
2624	23
2625	28
2626	19
2627	41
2628	20
2629	23
2630	20
2631	31
2632	25
2633	18
2634	16
2635	27
2636	21
2637	27
2638	25
2639	19
2640	24
2641	27
2642	14
2643	30
2644	12
2645	14
2646	14
2647	11
2648	16
2649	28
2650	11
2651	14
2652	26
2653	9
2654	18
2655	11
2656	24
2657	22
2658	28
2659	22
2660	21
2661	19
2662	17
2663	18
2664	13
2665	23
2666	23
2667	21
2668	19
2669	20
2670	12
2671	23
2672	13
2673	14
2674	10
2675	23
2676	27
2677	14
2678	11
2679	23
2680	21
2681	14
2682	19
2683	19
2684	16
2685	15
2686	17
2687	17
2688	11
2689	13
2690	15
2691	15
2692	11
2693	24
2694	18
2695	13
2696	12
2697	18
2698	17
2699	30
2700	24
2701	23
2702	45
2703	31
2704	33
2705	37
2706	27
2707	21
2708	19
2709	10
2710	23
2711	15
2712	8
2713	15
2714	19
2715	13
2716	12
2717	9
2718	11
2719	19
2720	12
2721	13
2722	6
2723	19
2724	19
2725	18
2726	14
2727	18
2728	17
2729	17
2730	10
2731	12
2732	13
2733	14
2734	12
2735	11
2736	23
2737	12
2738	14
2739	11
2740	12
2741	18
2742	16
2743	7
2744	9
2745	23
2746	11
2747	12
2748	11
2749	7
2750	9
2751	11
2752	13
2753	15
2754	14
2755	10
2756	11
2757	9
2758	12
2759	13
2760	9
2761	9
2762	5
2763	8
2764	8
2765	6
2766	13
2767	13
2768	7
2769	9
2770	15
2771	9
2772	18
2773	12
2774	13
2775	14
2776	10
2777	6
2778	11
2779	9
2780	13
2781	11
2782	11
2783	12
2784	6
2785	8
2786	12
2787	10
2788	6
2789	11
2790	6
2791	18
2792	14
2793	7
2794	4
2795	5
2796	8
2797	10
2798	11
2799	4
2800	10
2801	8
2802	4
2803	13
2804	9
2805	7
2806	5
2807	9
2808	4
2809	10
2810	8
2811	10
2812	8
2813	4
2814	11
2815	8
2816	11
2817	7
2818	13
2819	3
2820	6
2821	1
2822	3
2823	10
2824	12
2825	6
2826	11
2827	11
2828	11
2829	10
2830	5
2831	9
2832	6
2833	9
2834	9
2835	14
2836	9
2837	12
2838	7
2839	8
2840	10
2841	11
2842	7
2843	15
2844	11
2845	8
2846	14
2847	4
2848	9
2849	9
2850	10
2851	9
2852	11
2853	11
2854	12
2855	9
2856	5
2857	8
2858	8
2859	9
2860	2
2861	11
2862	6
2863	6
2864	8
2865	3
2866	6
2867	7
2868	7
2869	2
2870	6
2871	11
2872	3
2873	9
2874	7
2875	9
2876	13
2877	4
2878	8
2879	6
2880	8
2881	21
2882	44
2883	97
2884	189
2885	337
2886	505
2887	619
2888	624
2889	560
2890	388
2891	190
2892	119
2893	41
2894	8
2895	9
2896	8
2897	5
2898	4
2899	3
2900	5
2901	6
2902	8
2903	4
2904	3
2905	9
2906	5
2907	1
2908	6
2909	7
2910	7
2911	5
2912	12
2913	8
2914	4
2915	4
2916	5
2917	9
2918	9
2919	7
2920	10
2921	6
2922	4
2923	6
2924	5
2925	3
2926	10
2927	5
2928	6
2929	2
2930	5
2931	6
2932	7
2933	5
2934	3
2935	10
2936	6
2937	4
2938	6
2939	3
2940	3
2941	4
2942	6
2943	7
2944	2
2945	7
2946	7
2947	4
2948	5
2949	3
2950	5
2951	6
2952	4
2953	3
2954	6
2955	7
2956	5
2957	6
2958	8
2959	2
2960	7
2961	2
2962	3
2963	9
2964	4
2965	7
2966	9
2967	6
2968	7
2969	5
2970	7
2971	9
2972	6
2973	4
2974	8
2975	5
2976	6
2977	4
2978	6
2979	3
2980	7
2981	7
2982	7
2983	10
2984	6
2985	1
2986	7
2987	4
2988	6
2989	8
2990	5
2991	3
2992	8
2993	9
2994	9
2995	3
2996	5
2997	4
2998	3
2999	10
3000	8
3001	7
3002	5
3003	7
3004	1
3005	4
3006	2
3007	6
3008	3
3009	4
3010	5
3011	2
3012	8
3013	5
3014	5
3015	7
3016	7
3017	5
3018	4
3019	8
3020	2
3021	3
3022	3
3023	6
3024	5
3025	5
3026	1
3027	6
3028	9
3029	8
3030	4
3031	1
3032	2
3033	7
3034	7
3035	7
3036	4
3037	6
3038	7
3039	5
3040	3
3041	4
3042	5
3043	4
3044	5
3045	4
3046	5
3047	3
3048	5
3049	4
3050	7
3051	1
3052	5
3053	7
3054	4
3055	7
3056	5
3057	4
3058	2
3059	2
3060	5
3061	2
3062	8
3063	7
3064	7
3065	5
3066	7
3067	7
3068	9
3069	3
3070	6
3071	4
3072	4
3073	3
3074	4
3075	4
3076	5
3077	6
3078	6
3079	4
3080	4
3081	4
3082	5
3083	8
3084	9
3085	3
3086	7
3087	4
3088	5
3089	5
3090	2
3091	7
3092	11
3093	2
3094	4
3095	5
3096	7
3097	6
3098	7
3099	4
3100	6
3101	5
3102	4
3103	3
3104	7
3105	4
3106	3
3107	10
3108	4
3109	7
3110	7
3111	6
3112	8
3113	0
3114	4
3115	10
3116	4
3117	6
3118	2
3119	5
3120	1
3121	4
3122	5
3123	1
3124	5
3125	1
3126	6
3127	7
3128	6
3129	6
3130	6
3131	5
3132	2
3133	8
3134	5
3135	3
3136	2
3137	5
3138	8
3139	6
3140	4
3141	7
3142	3
3143	3
3144	5
3145	5
3146	3
3147	8
3148	4
3149	2
3150	2
3151	7
3152	7
3153	1
3154	3
3155	5
3156	3
3157	3
3158	7
3159	6
3160	3
3161	7
3162	5
3163	5
3164	5
3165	3
3166	14
3167	5
3168	6
3169	4
3170	7
3171	4
3172	5
3173	2
3174	3
3175	3
3176	5
3177	7
3178	1
3179	2
3180	3
3181	3
3182	5
3183	2
3184	3
3185	2
3186	6
3187	7
3188	7
3189	3
3190	3
3191	10
3192	7
3193	4
3194	3
3195	3
3196	3
3197	5
3198	6
3199	5
3200	3
3201	7
3202	4
3203	4
3204	6
3205	4
3206	4
3207	4
3208	2
3209	5
3210	3
3211	3
3212	1
3213	3
3214	5
3215	7
3216	1
3217	2
3218	3
3219	6
3220	4
3221	6
3222	9
3223	4
3224	5
3225	2
3226	4
3227	1
3228	3
3229	4
3230	1
3231	4
3232	6
3233	4
3234	9
3235	4
3236	5
3237	6
3238	5
3239	4
3240	2
3241	6
3242	6
3243	5
3244	5
3245	4
3246	6
3247	3
3248	7
3249	5
3250	5
3251	2
3252	4
3253	6
3254	5
3255	6
3256	3
3257	7
3258	6
3259	3
3260	1
3261	11
3262	6
3263	2
3264	3
3265	5
3266	3
3267	2
3268	2
3269	4
3270	5
3271	7
3272	6
3273	6
3274	6
3275	3
3276	2
3277	3
3278	5
3279	3
3280	4
3281	3
3282	1
3283	7
3284	4
3285	2
3286	4
3287	4
3288	3
3289	8
3290	4
3291	8
3292	2
3293	6
3294	4
3295	6
3296	2
3297	4
3298	2
3299	5
3300	7
3301	3
3302	5
3303	6
3304	3
3305	5
3306	6
3307	3
3308	5
3309	2
3310	7
3311	6
3312	9
3313	9
3314	6
3315	3
3316	4
3317	5
3318	4
3319	8
3320	6
3321	6
3322	5
3323	3
3324	5
3325	8
3326	5
3327	5
3328	8
3329	3
3330	6
3331	1
3332	4
3333	3
3334	3
3335	3
3336	5
3337	5
3338	8
3339	8
3340	3
3341	5
3342	4
3343	7
3344	4
3345	3
3346	6
3347	3
3348	4
3349	6
3350	7
3351	5
3352	10
3353	6
3354	3
3355	5
3356	4
3357	1
3358	1
3359	5
3360	6
3361	4
3362	5
3363	2
3364	3
3365	5
3366	7
3367	3
3368	12
3369	4
3370	3
3371	6
3372	2
3373	5
3374	6
3375	2
3376	4
3377	9
3378	5
3379	3
3380	2
3381	6
3382	4
3383	5
3384	7
3385	7
3386	3
3387	3
3388	4
3389	3
3390	5
3391	3
3392	6
3393	2
3394	6
3395	4
3396	8
3397	3
3398	3
3399	7
3400	8
3401	2
3402	5
3403	5
3404	3
3405	7
3406	7
3407	5
3408	2
3409	6
3410	8
3411	2
3412	5
3413	1
3414	7
3415	7
3416	4
3417	5
3418	1
3419	7
3420	3
3421	6
3422	3
3423	5
3424	3
3425	5
3426	1
3427	7
3428	3
3429	5
3430	6
3431	4
3432	2
3433	4
3434	3
3435	1
3436	4
3437	5
3438	2
3439	7
3440	7
3441	3
3442	6
3443	1
3444	2
3445	4
3446	2
3447	8
3448	7
3449	2
3450	2
3451	4
3452	3
3453	5
3454	1
3455	4
3456	4
3457	5
3458	3
3459	4
3460	4
3461	6
3462	7
3463	4
3464	2
3465	4
3466	4
3467	6
3468	1
3469	2
3470	8
3471	2
3472	3
3473	2
3474	2
3475	5
3476	6
3477	3
3478	4
3479	3
3480	3
3481	1
3482	6
3483	5
3484	6
3485	3
3486	4
3487	5
3488	7
3489	4
3490	1
3491	5
3492	5
3493	5
3494	10
3495	5
3496	6
3497	3
3498	3
3499	2
3500	7
3501	4
3502	5
3503	6
3504	6
3505	2
3506	4
3507	5
3508	5
3509	4
3510	3
3511	2
3512	7
3513	0
3514	6
3515	5
3516	3
3517	6
3518	5
3519	5
3520	8
3521	1
3522	7
3523	5
3524	6
3525	5
3526	5
3527	3
3528	4
3529	4
3530	5
3531	5
3532	5
3533	5
3534	3
3535	2
3536	4
3537	5
3538	2
3539	3
3540	4
3541	7
3542	7
3543	4
3544	2
3545	2
3546	4
3547	4
3548	7
3549	2
3550	6
3551	2
3552	5
3553	9
3554	6
3555	5
3556	6
3557	2
3558	4
3559	4
3560	6
3561	3
3562	5
3563	5
3564	2
3565	4
3566	5
3567	5
3568	4
3569	3
3570	7
3571	3
3572	5
3573	4
3574	6
3575	2
3576	8
3577	2
3578	1
3579	4
3580	4
3581	5
3582	3
3583	5
3584	2
3585	4
3586	4
3587	5
3588	4
3589	6
3590	7
3591	4
3592	4
3593	6
3594	7
3595	1
3596	4
3597	3
3598	4
3599	6
3600	3
3601	2
3602	2
3603	0
3604	1
3605	4
3606	1
3607	6
3608	2
3609	4
3610	1
3611	3
3612	4
3613	8
3614	3
3615	3
3616	4
3617	5
3618	3
3619	2
3620	4
3621	8
3622	0
3623	6
3624	4
3625	4
3626	3
3627	4
3628	2
3629	4
3630	2
3631	7
3632	8
3633	4
3634	0
3635	7
3636	3
3637	2
3638	2
3639	3
3640	3
3641	6
3642	6
3643	8
3644	2
3645	2
3646	3
3647	3
3648	5
3649	5
3650	6
3651	0
3652	7
3653	3
3654	5
3655	4
3656	5
3657	4
3658	3
3659	3
3660	2
3661	4
3662	6
3663	5
3664	1
3665	6
3666	4
3667	4
3668	3
3669	2
3670	3
3671	8
3672	5
3673	4
3674	3
3675	6
3676	3
3677	3
3678	5
3679	7
3680	3
3681	3
3682	5
3683	6
3684	2
3685	1
3686	5
3687	2
3688	2
3689	3
3690	2
3691	5
3692	6
3693	7
3694	3
3695	1
3696	3
3697	5
3698	5
3699	4
3700	2
3701	2
3702	4
3703	3
3704	1
3705	0
3706	0
3707	8
3708	5
3709	8
3710	2
3711	1
3712	3
3713	3
3714	4
3715	4
3716	2
3717	2
3718	7
3719	7
3720	5
3721	1
3722	4
3723	4
3724	6
3725	8
3726	3
3727	3
3728	2
3729	2
3730	4
3731	9
3732	4
3733	6
3734	5
3735	6
3736	2
3737	6
3738	4
3739	1
3740	5
3741	1
3742	6
3743	4
3744	7
3745	7
3746	9
3747	2
3748	3
3749	1
3750	4
3751	5
3752	4
3753	6
3754	2
3755	4
3756	4
3757	3
3758	3
3759	3
3760	4
3761	3
3762	3
3763	4
3764	6
3765	4
3766	2
3767	6
3768	2
3769	6
3770	3
3771	5
3772	3
3773	7
3774	6
3775	3
3776	2
3777	7
3778	6
3779	6
3780	4
3781	3
3782	4
3783	4
3784	0
3785	2
3786	3
3787	4
3788	2
3789	8
3790	1
3791	1
3792	4
3793	4
3794	5
3795	2
3796	5
3797	2
3798	8
3799	9
3800	1
3801	5
3802	4
3803	4
3804	4
3805	6
3806	6
3807	7
3808	5
3809	3
3810	9
3811	4
3812	1
3813	2
3814	6
3815	4
3816	4
3817	4
3818	5
3819	2
3820	5
3821	1
3822	1
3823	2
3824	7
3825	2
3826	3
3827	6
3828	5
3829	2
3830	3
3831	1
3832	1
3833	6
3834	3
3835	4
3836	1
3837	3
3838	6
3839	7
3840	6
3841	4
3842	6
3843	2
3844	3
3845	5
3846	3
3847	8
3848	3
3849	3
3850	2
3851	2
3852	3
3853	3
3854	3
3855	4
3856	2
3857	0
3858	6
3859	3
3860	5
3861	5
3862	3
3863	1
3864	3
3865	8
3866	9
3867	3
3868	5
3869	5
3870	6
3871	1
3872	3
3873	3
3874	3
3875	3
3876	4
3877	4
3878	1
3879	3
3880	1
3881	2
3882	5
3883	3
3884	1
3885	2
3886	4
3887	3
3888	4
3889	1
3890	3
3891	5
3892	5
3893	5
3894	0
3895	4
3896	5
3897	2
3898	3
3899	3
3900	5
3901	6
3902	5
3903	3
3904	3
3905	3
3906	4
3907	4
3908	3
3909	5
3910	6
3911	1
3912	6
3913	6
3914	4
3915	4
3916	2
3917	3
3918	1
3919	2
3920	5
3921	0
3922	2
3923	5
3924	3
3925	6
3926	3
3927	0
3928	4
3929	5
3930	2
3931	2
3932	2
3933	4
3934	8
3935	1
3936	3
3937	2
3938	5
3939	2
3940	0
3941	2
3942	10
3943	7
3944	2
3945	2
3946	1
3947	5
3948	4
3949	4
3950	2
3951	4
3952	3
3953	2
3954	3
3955	4
3956	2
3957	2
3958	3
3959	3
3960	4
3961	4
3962	3
3963	6
3964	4
3965	4
3966	0
3967	5
3968	5
3969	2
3970	3
3971	1
3972	3
3973	3
3974	8
3975	7
3976	2
3977	5
3978	5
3979	7
3980	1
3981	4
3982	7
3983	2
3984	1
3985	0
3986	2
3987	8
3988	3
3989	4
3990	2
3991	3
3992	2
3993	3
3994	6
3995	2
3996	1
3997	3
3998	8
3999	3
4000	6
4001	4
4002	2
4003	1
4004	3
4005	2
4006	3
4007	11
4008	2
4009	2
4010	6
4011	8
4012	2
4013	4
4014	2
4015	8
4016	7
4017	7
4018	1
4019	2
4020	2
4021	4
4022	2
4023	2
4024	2
4025	1
4026	4
4027	3
4028	1
4029	1
4030	4
4031	1
4032	1
4033	2
4034	1
4035	1
4036	4
4037	3
4038	2
4039	1
4040	6
4041	6
4042	3
4043	2
4044	1
4045	6
4046	2
4047	3
4048	3
4049	3
4050	7
4051	2
4052	4
4053	0
4054	5
4055	3
4056	4
4057	3
4058	1
4059	2
4060	1
4061	2
4062	4
4063	4
4064	3
4065	3
4066	5
4067	2
4068	1
4069	3
4070	4
4071	7
4072	4
4073	5
4074	5
4075	2
4076	2
4077	1
4078	0
4079	4
4080	1
4081	5
4082	2
4083	2
4084	2
4085	10
4086	7
4087	4
4088	3
4089	1
4090	2
4091	1
4092	5
4093	4
4094	4
4095	2
4096	6
4097	5
4098	3
4099	4
4100	4
4101	2
4102	2
4103	4
4104	3
4105	3
4106	4
4107	1
4108	2
4109	3
4110	8
4111	3
4112	3
4113	3
4114	6
4115	4
4116	4
4117	5
4118	5
4119	3
4120	5
4121	1
4122	4
4123	5
4124	1
4125	5
4126	1
4127	3
4128	2
4129	2
4130	3
4131	1
4132	1
4133	3
4134	5
4135	4
4136	2
4137	7
4138	4
4139	4
4140	7
4141	4
4142	3
4143	3
4144	3
4145	6
4146	3
4147	3
4148	0
4149	5
4150	8
4151	1
4152	2
4153	1
4154	4
4155	7
4156	7
4157	4
4158	7
4159	6
4160	2
4161	0
4162	6
4163	1
4164	1
4165	5
4166	5
4167	3
4168	3
4169	3
4170	3
4171	6
4172	4
4173	2
4174	1
4175	4
4176	2
4177	1
4178	4
4179	2
4180	6
4181	10
4182	1
4183	6
4184	2
4185	4
4186	1
4187	4
4188	6
4189	5
4190	1
4191	4
4192	1
4193	4
4194	1
4195	6
4196	4
4197	2
4198	1
4199	7
4200	2
4201	4
4202	4
4203	2
4204	4
4205	4
4206	5
4207	4
4208	3
4209	4
4210	2
4211	4
4212	0
4213	2
4214	7
4215	3
4216	2
4217	2
4218	1
4219	3
4220	1
4221	2
4222	2
4223	4
4224	3
4225	3
4226	1
4227	3
4228	3
4229	3
4230	3
4231	2
4232	5
4233	2
4234	3
4235	3
4236	3
4237	4
4238	3
4239	4
4240	3
4241	2
4242	5
4243	5
4244	2
4245	3
4246	0
4247	3
4248	6
4249	6
4250	3
4251	2
4252	2
4253	3
4254	2
4255	6
4256	2
4257	8
4258	2
4259	3
4260	5
4261	6
4262	4
4263	6
4264	3
4265	2
4266	4
4267	2
4268	2
4269	2
4270	4
4271	4
4272	0
4273	7
4274	5
4275	6
4276	1
4277	7
4278	2
4279	2
4280	3
4281	2
4282	4
4283	0
4284	3
4285	3
4286	1
4287	3
4288	2
4289	1
4290	3
4291	4
4292	2
4293	6
4294	1
4295	3
4296	3
4297	2
4298	1
4299	3
4300	5
4301	3
4302	7
4303	0
4304	4
4305	6
4306	2
4307	3
4308	7
4309	6
4310	2
4311	0
4312	3
4313	3
4314	5
4315	3
4316	1
4317	3
4318	2
4319	3
4320	1
4321	5
4322	1
4323	2
4324	2
4325	6
4326	1
4327	2
4328	5
4329	2
4330	4
4331	4
4332	2
4333	4
4334	4
4335	5
4336	3
4337	3
4338	3
4339	4
4340	5
4341	1
4342	2
4343	4
4344	6
4345	5
4346	2
4347	1
4348	6
4349	5
4350	2
4351	4
4352	3
4353	2
4354	2
4355	3
4356	2
4357	4
4358	5
4359	1
4360	2
4361	1
4362	3
4363	4
4364	2
4365	0
4366	1
4367	6
4368	4
4369	3
4370	1
4371	3
4372	6
4373	4
4374	5
4375	5
4376	2
4377	3
4378	1
4379	7
4380	0
4381	2
4382	2
4383	3
4384	1
4385	6
4386	4
4387	5
4388	6
4389	1
4390	4
4391	1
4392	6
4393	4
4394	2
4395	4
4396	3
4397	4
4398	0
4399	1
4400	4
4401	5
4402	2
4403	5
4404	2
4405	1
4406	6
4407	3
4408	5
4409	1
4410	6
4411	2
4412	3
4413	4
4414	3
4415	1
4416	1
4417	6
4418	5
4419	3
4420	4
4421	3
4422	4
4423	3
4424	4
4425	2
4426	4
4427	6
4428	2
4429	2
4430	5
4431	4
4432	1
4433	3
4434	2
4435	5
4436	0
4437	4
4438	3
4439	3
4440	2
4441	2
4442	7
4443	4
4444	3
4445	6
4446	4
4447	4
4448	2
4449	5
4450	2
4451	3
4452	8
4453	3
4454	4
4455	6
4456	5
4457	3
4458	2
4459	2
4460	4
4461	1
4462	2
4463	3
4464	5
4465	1
4466	2
4467	4
4468	0
4469	3
4470	2
4471	4
4472	7
4473	5
4474	1
4475	3
4476	2
4477	1
4478	2
4479	7
4480	3
4481	2
4482	6
4483	5
4484	1
4485	1
4486	2
4487	5
4488	2
4489	4
4490	4
4491	3
4492	1
4493	2
4494	2
4495	3
4496	3
4497	2
4498	2
4499	2
4500	4
4501	3
4502	3
4503	3
4504	3
4505	1
4506	6
4507	3
4508	2
4509	3
4510	3
4511	2
4512	2
4513	3
4514	1
4515	4
4516	4
4517	6
4518	4
4519	2
4520	2
4521	3
4522	6
4523	2
4524	4
4525	3
4526	2
4527	2
4528	4
4529	2
4530	3
4531	4
4532	7
4533	2
4534	3
4535	0
4536	3
4537	1
4538	4
4539	5
4540	4
4541	1
4542	1
4543	4
4544	5
4545	5
4546	5
4547	3
4548	3
4549	2
4550	1
4551	0
4552	1
4553	2
4554	5
4555	4
4556	7
4557	2
4558	4
4559	2
4560	1
4561	2
4562	3
4563	4
4564	6
4565	1
4566	5
4567	4
4568	2
4569	5
4570	1
4571	1
4572	2
4573	4
4574	1
4575	1
4576	3
4577	2
4578	4
4579	4
4580	3
4581	2
4582	2
4583	2
4584	3
4585	1
4586	1
4587	5
4588	5
4589	4
4590	5
4591	7
4592	4
4593	2
4594	1
4595	0
4596	2
4597	0
4598	4
4599	3
4600	8
4601	2
4602	5
4603	2
4604	3
4605	2
4606	2
4607	4
4608	6
4609	3
4610	3
4611	3
4612	3
4613	1
4614	3
4615	3
4616	4
4617	4
4618	6
4619	1
4620	4
4621	4
4622	1
4623	2
4624	2
4625	2
4626	3
4627	2
4628	4
4629	3
4630	2
4631	6
4632	2
4633	3
4634	5
4635	3
4636	4
4637	1
4638	5
4639	4
4640	4
4641	2
4642	3
4643	4
4644	1
4645	4
4646	2
4647	4
4648	7
4649	3
4650	2
4651	3
4652	4
4653	5
4654	3
4655	4
4656	2
4657	2
4658	1
4659	4
4660	3
4661	7
4662	2
4663	3
4664	2
4665	3
4666	2
4667	7
4668	1
4669	1
4670	5
4671	1
4672	4
4673	3
4674	3
4675	3
4676	4
4677	3
4678	5
4679	0
4680	2
4681	2
4682	1
4683	4
4684	3
4685	3
4686	4
4687	2
4688	5
4689	6
4690	1
4691	4
4692	3
4693	3
4694	4
4695	3
4696	1
4697	2
4698	1
4699	3
4700	2
4701	4
4702	4
4703	3
4704	1
4705	4
4706	6
4707	1
4708	2
4709	5
4710	2
4711	4
4712	3
4713	1
4714	4
4715	3
4716	3
4717	5
4718	2
4719	1
4720	4
4721	2
4722	2
4723	2
4724	0
4725	9
4726	1
4727	3
4728	0
4729	3
4730	4
4731	3
4732	1
4733	1
4734	1
4735	8
4736	4
4737	5
4738	1
4739	5
4740	3
4741	3
4742	5
4743	1
4744	4
4745	2
4746	1
4747	4
4748	4
4749	1
4750	5
4751	1
4752	2
4753	2
4754	2
4755	1
4756	2
4757	2
4758	1
4759	9
4760	5
4761	3
4762	3
4763	2
4764	4
4765	3
4766	2
4767	4
4768	5
4769	1
4770	2
4771	4
4772	2
4773	1
4774	3
4775	2
4776	2
4777	2
4778	5
4779	4
4780	2
4781	2
4782	3
4783	2
4784	2
4785	2
4786	1
4787	2
4788	2
4789	6
4790	1
4791	1
4792	4
4793	0
4794	3
4795	0
4796	2
4797	5
4798	3
4799	2
4800	2
4801	1
4802	3
4803	6
4804	2
4805	1
4806	3
4807	2
4808	1
4809	7
4810	6
4811	1
4812	3
4813	6
4814	1
4815	5
4816	4
4817	3
4818	3
4819	0
4820	3
4821	1
4822	4
4823	2
4824	2
4825	0
4826	1
4827	4
4828	4
4829	7
4830	5
4831	4
4832	2
4833	5
4834	4
4835	5
4836	3
4837	2
4838	3
4839	1
4840	4
4841	2
4842	5
4843	3
4844	3
4845	5
4846	1
4847	2
4848	2
4849	4
4850	2
4851	5
4852	2
4853	4
4854	3
4855	4
4856	2
4857	3
4858	1
4859	3
4860	2
4861	2
4862	2
4863	2
4864	1
4865	3
4866	2
4867	3
4868	3
4869	3
4870	2
4871	2
4872	7
4873	8
4874	3
4875	0
4876	4
4877	3
4878	3
4879	5
4880	4
4881	1
4882	4
4883	2
4884	2
4885	1
4886	4
4887	5
4888	2
4889	7
4890	1
4891	4
4892	5
4893	3
4894	2
4895	2
4896	3
4897	3
4898	3
4899	3
4900	4
4901	2
4902	1
4903	5
4904	5
4905	3
4906	1
4907	1
4908	1
4909	0
4910	2
4911	4
4912	2
4913	4
4914	3
4915	2
4916	4
4917	4
4918	3
4919	1
4920	3
4921	2
4922	3
4923	3
4924	1
4925	2
4926	4
4927	3
4928	4
4929	3
4930	4
4931	1
4932	5
4933	3
4934	4
4935	3
4936	4
4937	4
4938	5
4939	7
4940	2
4941	5
4942	1
4943	3
4944	3
4945	4
4946	3
4947	1
4948	1
4949	4
4950	1
4951	4
4952	0
4953	2
4954	2
4955	1
4956	4
4957	1
4958	1
4959	3
4960	4
4961	4
4962	4
4963	0
4964	3
4965	1
4966	2
4967	0
4968	1
4969	5
4970	4
4971	0
4972	3
4973	2
4974	1
4975	5
4976	1
4977	2
4978	2
4979	0
4980	0
4981	6
4982	0
4983	5
4984	3
4985	4
4986	1
4987	3
4988	3
4989	1
4990	2
4991	4
4992	2
4993	6
4994	3
4995	2
4996	7
4997	1
4998	3
4999	3
5000	4
5001	2
5002	4
5003	3
5004	3
5005	3
5006	5
5007	4
5008	4
5009	2
5010	3
5011	1
5012	0
5013	6
5014	1
5015	2
5016	1
5017	4
5018	3
5019	2
5020	0
5021	2
5022	1
5023	3
5024	4
5025	3
5026	1
5027	3
5028	1
5029	2
5030	4
5031	2
5032	2
5033	1
5034	0
5035	3
5036	5
5037	3
5038	1
5039	3
5040	2
5041	3
5042	2
5043	5
5044	3
5045	4
5046	1
5047	2
5048	3
5049	2
5050	3
5051	2
5052	1
5053	2
5054	4
5055	1
5056	2
5057	1
5058	2
5059	3
5060	5
5061	1
5062	5
5063	1
5064	1
5065	2
5066	2
5067	2
5068	5
5069	3
5070	1
5071	2
5072	0
5073	5
5074	2
5075	1
5076	3
5077	3
5078	4
5079	3
5080	1
5081	3
5082	2
5083	4
5084	2
5085	3
5086	2
5087	4
5088	2
5089	0
5090	3
5091	2
5092	3
5093	4
5094	1
5095	3
5096	3
5097	2
5098	2
5099	0
5100	3
5101	2
5102	3
5103	3
5104	2
5105	4
5106	2
5107	3
5108	4
5109	2
5110	4
5111	2
5112	0
5113	2
5114	1
5115	5
5116	4
5117	2
5118	1
5119	2
5120	0
5121	1
5122	1
5123	0
5124	7
5125	0
5126	2
5127	4
5128	5
5129	1
5130	1
5131	2
5132	3
5133	1
5134	4
5135	3
5136	1
5137	2
5138	1
5139	1
5140	3
5141	2
5142	1
5143	3
5144	4
5145	2
5146	3
5147	3
5148	6
5149	2
5150	2
5151	4
5152	3
5153	1
5154	2
5155	0
5156	0
5157	0
5158	1
5159	1
5160	2
5161	4
5162	2
5163	5
5164	4
5165	2
5166	3
5167	2
5168	1
5169	1
5170	2
5171	2
5172	6
5173	3
5174	5
5175	1
5176	0
5177	5
5178	3
5179	5
5180	5
5181	3
5182	2
5183	3
5184	3
5185	2
5186	4
5187	2
5188	3
5189	7
5190	1
5191	5
5192	3
5193	1
5194	2
5195	3
5196	1
5197	2
5198	1
5199	2
5200	2
5201	3
5202	3
5203	0
5204	2
5205	2
5206	1
5207	3
5208	1
5209	2
5210	2
5211	5
5212	2
5213	4
5214	3
5215	3
5216	3
5217	2
5218	0
5219	3
5220	1
5221	6
5222	1
5223	3
5224	4
5225	0
5226	1
5227	4
5228	1
5229	1
5230	2
5231	2
5232	2
5233	4
5234	5
5235	1
5236	2
5237	2
5238	2
5239	1
5240	1
5241	2
5242	3
5243	2
5244	2
5245	2
5246	2
5247	3
5248	3
5249	1
5250	2
5251	3
5252	1
5253	5
5254	5
5255	1
5256	2
5257	1
5258	2
5259	3
5260	0
5261	2
5262	5
5263	4
5264	4
5265	4
5266	6
5267	3
5268	2
5269	1
5270	4
5271	3
5272	4
5273	4
5274	2
5275	6
5276	0
5277	3
5278	3
5279	5
5280	4
5281	1
5282	1
5283	4
5284	2
5285	3
5286	2
5287	2
5288	3
5289	1
5290	3
5291	5
5292	2
5293	1
5294	2
5295	1
5296	1
5297	1
5298	2
5299	3
5300	1
5301	2
5302	5
5303	1
5304	1
5305	2
5306	3
5307	1
5308	1
5309	3
5310	3
5311	5
5312	1
5313	3
5314	2
5315	4
5316	4
5317	2
5318	4
5319	0
5320	2
5321	3
5322	1
5323	2
5324	2
5325	3
5326	2
5327	1
5328	2
5329	5
5330	2
5331	4
5332	3
5333	1
5334	3
5335	4
5336	2
5337	2
5338	6
5339	4
5340	1
5341	2
5342	6
5343	2
5344	1
5345	3
5346	5
5347	1
5348	3
5349	3
5350	4
5351	4
5352	2
5353	3
5354	3
5355	2
5356	3
5357	3
5358	3
5359	2
5360	0
5361	3
5362	4
5363	3
5364	2
5365	2
5366	1
5367	1
5368	2
5369	1
5370	4
5371	2
5372	2
5373	2
5374	2
5375	4
5376	3
5377	1
5378	2
5379	3
5380	2
5381	2
5382	4
5383	3
5384	4
5385	4
5386	1
5387	1
5388	4
5389	3
5390	1
5391	3
5392	3
5393	2
5394	3
5395	2
5396	0
5397	1
5398	2
5399	1
5400	4
5401	0
5402	1
5403	2
5404	3
5405	4
5406	3
5407	1
5408	6
5409	2
5410	2
5411	3
5412	3
5413	2
5414	1
5415	1
5416	3
5417	5
5418	3
5419	2
5420	2
5421	3
5422	3
5423	2
5424	3
5425	1
5426	0
5427	4
5428	3
5429	1
5430	2
5431	2
5432	1
5433	3
5434	1
5435	2
5436	3
5437	2
5438	2
5439	2
5440	2
5441	4
5442	2
5443	3
5444	3
5445	1
5446	0
5447	0
5448	2
5449	6
5450	3
5451	0
5452	1
5453	1
5454	1
5455	0
5456	5
5457	1
5458	2
5459	2
5460	3
5461	8
5462	3
5463	1
5464	1
5465	0
5466	3
5467	3
5468	3
5469	0
5470	5
5471	3
5472	5
5473	2
5474	2
5475	2
5476	3
5477	0
5478	1
5479	2
5480	1
5481	2
5482	0
5483	6
5484	4
5485	6
5486	3
5487	2
5488	3
5489	3
5490	1
5491	5
5492	2
5493	2
5494	1
5495	2
5496	3
5497	1
5498	5
5499	5
5500	0
5501	5
5502	1
5503	3
5504	1
5505	0
5506	2
5507	0
5508	1
5509	2
5510	1
5511	7
5512	5
5513	1
5514	0
5515	1
5516	3
5517	3
5518	1
5519	3
5520	4
5521	2
5522	1
5523	1
5524	3
5525	2
5526	1
5527	3
5528	2
5529	2
5530	1
5531	1
5532	2
5533	2
5534	1
5535	1
5536	0
5537	2
5538	3
5539	3
5540	1
5541	4
5542	0
5543	2
5544	3
5545	1
5546	3
5547	2
5548	4
5549	2
5550	2
5551	1
5552	3
5553	1
5554	2
5555	3
5556	7
5557	2
5558	0
5559	0
5560	4
5561	1
5562	5
5563	2
5564	0
5565	0
5566	3
5567	1
5568	3
5569	3
5570	1
5571	3
5572	5
5573	3
5574	6
5575	1
5576	2
5577	0
5578	3
5579	3
5580	4
5581	4
5582	1
5583	2
5584	0
5585	3
5586	3
5587	2
5588	3
5589	3
5590	2
5591	2
5592	2
5593	2
5594	2
5595	2
5596	3
5597	3
5598	5
5599	3
5600	3
5601	6
5602	4
5603	0
5604	6
5605	1
5606	3
5607	3
5608	2
5609	3
5610	1
5611	3
5612	2
5613	1
5614	2
5615	3
5616	1
5617	2
5618	1
5619	2
5620	4
5621	0
5622	2
5623	1
5624	3
5625	2
5626	2
5627	4
5628	4
5629	2
5630	4
5631	3
5632	1
5633	0
5634	2
5635	3
5636	2
5637	1
5638	2
5639	2
5640	1
5641	5
5642	1
5643	2
5644	2
5645	3
5646	4
5647	4
5648	2
5649	1
5650	2
5651	1
5652	3
5653	2
5654	3
5655	3
5656	2
5657	1
5658	2
5659	1
5660	1
5661	5
5662	4
5663	1
5664	2
5665	1
5666	2
5667	3
5668	2
5669	1
5670	1
5671	2
5672	1
5673	1
5674	3
5675	3
5676	2
5677	4
5678	1
5679	3
5680	2
5681	2
5682	0
5683	2
5684	1
5685	3
5686	2
5687	2
5688	1
5689	2
5690	2
5691	1
5692	6
5693	4
5694	1
5695	5
5696	0
5697	1
5698	2
5699	6
5700	1
5701	4
5702	5
5703	3
5704	3
5705	1
5706	0
5707	4
5708	3
5709	3
5710	1
5711	4
5712	1
5713	2
5714	0
5715	2
5716	2
5717	2
5718	2
5719	1
5720	1
5721	0
5722	2
5723	3
5724	3
5725	3
5726	2
5727	2
5728	1
5729	3
5730	1
5731	3
5732	1
5733	2
5734	1
5735	1
5736	3
5737	0
5738	1
5739	4
5740	3
5741	2
5742	2
5743	4
5744	4
5745	1
5746	2
5747	5
5748	3
5749	3
5750	0
5751	3
5752	2
5753	2
5754	3
5755	1
5756	1
5757	2
5758	3
5759	1
5760	4
5761	2
5762	2
5763	4
5764	4
5765	2
5766	4
5767	2
5768	3
5769	2
5770	1
5771	3
5772	1
5773	5
5774	6
5775	4
5776	2
5777	1
5778	4
5779	3
5780	1
5781	2
5782	1
5783	2
5784	2
5785	1
5786	1
5787	3
5788	1
5789	2
5790	1
5791	4
5792	0
5793	2
5794	3
5795	1
5796	3
5797	3
5798	1
5799	1
5800	0
5801	0
5802	0
5803	1
5804	5
5805	3
5806	5
5807	0
5808	4
5809	1
5810	2
5811	1
5812	3
5813	4
5814	0
5815	2
5816	2
5817	4
5818	2
5819	4
5820	2
5821	3
5822	0
5823	0
5824	0
5825	2
5826	0
5827	1
5828	1
5829	2
5830	2
5831	5
5832	3
5833	4
5834	2
5835	2
5836	2
5837	3
5838	3
5839	1
5840	6
5841	3
5842	2
5843	3
5844	6
5845	0
5846	3
5847	4
5848	3
5849	4
5850	1
5851	1
5852	3
5853	3
5854	2
5855	2
5856	4
5857	1
5858	2
5859	1
5860	5
5861	3
5862	2
5863	1
5864	3
5865	2
5866	2
5867	3
5868	5
5869	3
5870	3
5871	2
5872	1
5873	2
5874	0
5875	4
5876	1
5877	3
5878	5
5879	3
5880	1
5881	2
5882	1
5883	1
5884	1
5885	4
5886	1
5887	2
5888	4
5889	0
5890	1
5891	2
5892	3
5893	4
5894	2
5895	8
5896	0
5897	3
5898	3
5899	0
5900	6
5901	1
5902	2
5903	5
5904	1
5905	3
5906	0
5907	2
5908	0
5909	0
5910	2
5911	2
5912	4
5913	2
5914	3
5915	5
5916	6
5917	0
5918	1
5919	1
5920	2
5921	2
5922	3
5923	2
5924	4
5925	2
5926	2
5927	3
5928	3
5929	1
5930	1
5931	2
5932	3
5933	5
5934	1
5935	3
5936	3
5937	4
5938	2
5939	4
5940	1
5941	0
5942	1
5943	2
5944	0
5945	1
5946	0
5947	1
5948	1
5949	5
5950	1
5951	3
5952	3
5953	2
5954	3
5955	2
5956	3
5957	4
5958	2
5959	4
5960	3
5961	4
5962	2
5963	2
5964	4
5965	4
5966	3
5967	2
5968	4
5969	2
5970	0
5971	3
5972	2
5973	2
5974	4
5975	3
5976	4
5977	1
5978	3
5979	1
5980	0
5981	1
5982	1
5983	4
5984	0
5985	5
5986	1
5987	4
5988	1
5989	1
5990	4
5991	2
5992	3
5993	3
5994	4
5995	0
5996	2
5997	0
5998	4
5999	1
6000	4
6001	0
6002	2
6003	1
6004	1
6005	1
6006	3
6007	3
6008	5
6009	1
6010	3
6011	0
6012	0
6013	1
6014	2
6015	3
6016	1
6017	2
6018	2
6019	1
6020	0
6021	0
6022	2
6023	0
6024	5
6025	3
6026	3
6027	2
6028	1
6029	2
6030	4
6031	2
6032	5
6033	2
6034	2
6035	4
6036	2
6037	1
6038	3
6039	3
6040	3
6041	2
6042	2
6043	4
6044	2
6045	4
6046	3
6047	4
6048	1
6049	1
6050	1
6051	5
6052	4
6053	4
6054	1
6055	2
6056	2
6057	3
6058	4
6059	2
6060	1
6061	3
6062	0
6063	1
6064	7
6065	4
6066	2
6067	0
6068	3
6069	3
6070	2
6071	3
6072	4
6073	1
6074	1
6075	3
6076	1
6077	3
6078	3
6079	2
6080	1
6081	4
6082	2
6083	5
6084	4
6085	1
6086	3
6087	3
6088	4
6089	4
6090	3
6091	0
6092	4
6093	1
6094	0
6095	2
6096	3
6097	3
6098	5
6099	2
6100	2
6101	2
6102	3
6103	3
6104	4
6105	0
6106	1
6107	6
6108	0
6109	2
6110	4
6111	0
6112	3
6113	1
6114	3
6115	2
6116	2
6117	2
6118	1
6119	2
6120	4
6121	0
6122	1
6123	2
6124	4
6125	0
6126	0
6127	3
6128	3
6129	1
6130	4
6131	2
6132	2
6133	2
6134	3
6135	2
6136	2
6137	2
6138	2
6139	4
6140	3
6141	1
6142	1
6143	0
6144	2
6145	1
6146	2
6147	1
6148	10
6149	4
6150	1
6151	4
6152	3
6153	2
6154	3
6155	3
6156	1
6157	1
6158	3
6159	1
6160	3
6161	2
6162	4
6163	2
6164	1
6165	1
6166	0
6167	3
6168	2
6169	1
6170	2
6171	2
6172	0
6173	2
6174	0
6175	2
6176	6
6177	4
6178	5
6179	4
6180	4
6181	1
6182	0
6183	2
6184	1
6185	1
6186	3
6187	5
6188	2
6189	1
6190	0
6191	2
6192	1
6193	2
6194	3
6195	2
6196	3
6197	4
6198	1
6199	4
6200	3
6201	2
6202	3
6203	2
6204	2
6205	2
6206	2
6207	4
6208	5
6209	0
6210	1
6211	2
6212	4
6213	4
6214	4
6215	2
6216	1
6217	1
6218	2
6219	2
6220	1
6221	1
6222	4
6223	2
6224	0
6225	4
6226	1
6227	1
6228	3
6229	1
6230	1
6231	5
6232	1
6233	4
6234	3
6235	0
6236	4
6237	2
6238	0
6239	2
6240	2
6241	2
6242	1
6243	1
6244	1
6245	1
6246	2
6247	2
6248	2
6249	0
6250	6
6251	0
6252	1
6253	2
6254	3
6255	1
6256	4
6257	0
6258	0
6259	5
6260	3
6261	1
6262	3
6263	1
6264	3
6265	1
6266	1
6267	3
6268	1
6269	1
6270	6
6271	5
6272	1
6273	4
6274	0
6275	1
6276	0
6277	3
6278	3
6279	2
6280	2
6281	4
6282	2
6283	4
6284	2
6285	0
6286	2
6287	2
6288	2
6289	1
6290	5
6291	2
6292	1
6293	3
6294	2
6295	2
6296	3
6297	2
6298	2
6299	5
6300	3
6301	7
6302	0
6303	2
6304	1
6305	2
6306	2
6307	0
6308	0
6309	2
6310	1
6311	2
6312	4
6313	0
6314	3
6315	4
6316	5
6317	1
6318	2
6319	2
6320	3
6321	4
6322	1
6323	2
6324	3
6325	6
6326	1
6327	4
6328	1
6329	1
6330	1
6331	0
6332	4
6333	0
6334	2
6335	1
6336	2
6337	4
6338	3
6339	3
6340	2
6341	2
6342	3
6343	1
6344	0
6345	2
6346	3
6347	1
6348	3
6349	3
6350	0
6351	4
6352	0
6353	2
6354	0
6355	0
6356	1
6357	0
6358	2
6359	2
6360	2
6361	0
6362	2
6363	4
6364	1
6365	1
6366	1
6367	1
6368	2
6369	3
6370	2
6371	2
6372	1
6373	3
6374	3
6375	2
6376	2
6377	2
6378	3
6379	2
6380	4
6381	1
6382	3
6383	1
6384	2
6385	2
6386	2
6387	2
6388	4
6389	3
6390	4
6391	4
6392	1
6393	2
6394	2
6395	2
6396	2
6397	1
6398	4
6399	3
6400	3
6401	1
6402	1
6403	1
6404	0
6405	0
6406	0
6407	0
6408	2
6409	3
6410	0
6411	3
6412	1
6413	2
6414	2
6415	2
6416	3
6417	3
6418	1
6419	0
6420	1
6421	1
6422	3
6423	4
6424	2
6425	2
6426	2
6427	1
6428	2
6429	3
6430	1
6431	3
6432	2
6433	2
6434	2
6435	1
6436	3
6437	1
6438	1
6439	1
6440	1
6441	0
6442	1
6443	1
6444	3
6445	1
6446	1
6447	1
6448	5
6449	3
6450	3
6451	3
6452	0
6453	5
6454	0
6455	4
6456	1
6457	1
6458	2
6459	2
6460	5
6461	0
6462	1
6463	1
6464	4
6465	2
6466	4
6467	2
6468	6
6469	2
6470	2
6471	1
6472	0
6473	2
6474	5
6475	1
6476	3
6477	0
6478	2
6479	5
6480	2
6481	3
6482	0
6483	2
6484	3
6485	0
6486	2
6487	4
6488	1
6489	4
6490	2
6491	6
6492	3
6493	2
6494	2
6495	2
6496	2
6497	2
6498	3
6499	5
6500	5
6501	3
6502	3
6503	2
6504	3
6505	0
6506	2
6507	1
6508	4
6509	1
6510	2
6511	0
6512	1
6513	2
6514	2
6515	2
6516	3
6517	1
6518	0
6519	4
6520	2
6521	2
6522	1
6523	1
6524	4
6525	3
6526	3
6527	3
6528	3
6529	2
6530	2
6531	2
6532	2
6533	1
6534	2
6535	3
6536	1
6537	1
6538	0
6539	1
6540	3
6541	1
6542	2
6543	1
6544	2
6545	2
6546	1
6547	1
6548	1
6549	2
6550	6
6551	2
6552	2
6553	3
6554	3
6555	3
6556	2
6557	1
6558	3
6559	3
6560	2
6561	7
6562	2
6563	3
6564	1
6565	3
6566	3
6567	1
6568	1
6569	1
6570	2
6571	2
6572	2
6573	4
6574	3
6575	3
6576	1
6577	1
6578	3
6579	3
6580	4
6581	4
6582	1
6583	1
6584	2
6585	3
6586	0
6587	2
6588	2
6589	0
6590	1
6591	4
6592	1
6593	5
6594	2
6595	1
6596	5
6597	3
6598	4
6599	2
6600	2
6601	4
6602	1
6603	2
6604	1
6605	1
6606	1
6607	4
6608	0
6609	1
6610	2
6611	5
6612	0
6613	0
6614	1
6615	0
6616	4
6617	2
6618	0
6619	1
6620	5
6621	2
6622	1
6623	2
6624	0
6625	1
6626	2
6627	4
6628	1
6629	3
6630	1
6631	2
6632	3
6633	1
6634	2
6635	0
6636	2
6637	2
6638	0
6639	1
6640	1
6641	4
6642	1
6643	2
6644	2
6645	4
6646	2
6647	1
6648	6
6649	3
6650	0
6651	5
6652	2
6653	0
6654	4
6655	4
6656	1
6657	2
6658	2
6659	3
6660	1
6661	1
6662	3
6663	4
6664	1
6665	2
6666	4
6667	0
6668	4
6669	5
6670	2
6671	3
6672	5
6673	1
6674	2
6675	2
6676	1
6677	1
6678	1
6679	2
6680	2
6681	2
6682	2
6683	1
6684	4
6685	2
6686	2
6687	1
6688	4
6689	0
6690	1
6691	0
6692	1
6693	2
6694	2
6695	1
6696	3
6697	4
6698	2
6699	0
6700	0
6701	3
6702	2
6703	1
6704	0
6705	1
6706	3
6707	4
6708	2
6709	4
6710	2
6711	1
6712	1
6713	2
6714	1
6715	0
6716	3
6717	0
6718	3
6719	2
6720	0
6721	4
6722	2
6723	2
6724	2
6725	1
6726	2
6727	4
6728	3
6729	1
6730	3
6731	2
6732	3
6733	2
6734	2
6735	2
6736	3
6737	1
6738	1
6739	1
6740	0
6741	2
6742	1
6743	2
6744	5
6745	1
6746	3
6747	2
6748	3
6749	1
6750	0
6751	3
6752	0
6753	3
6754	2
6755	6
6756	3
6757	1
6758	0
6759	2
6760	3
6761	1
6762	2
6763	5
6764	3
6765	3
6766	1
6767	0
6768	1
6769	3
6770	2
6771	4
6772	1
6773	2
6774	4
6775	1
6776	2
6777	1
6778	3
6779	2
6780	3
6781	1
6782	2
6783	2
6784	1
6785	2
6786	2
6787	0
6788	2
6789	2
6790	2
6791	2
6792	3
6793	3
6794	0
6795	0
6796	1
6797	2
6798	4
6799	3
6800	3
6801	0
6802	1
6803	0
6804	2
6805	0
6806	1
6807	0
6808	0
6809	1
6810	0
6811	1
6812	2
6813	2
6814	2
6815	3
6816	0
6817	5
6818	1
6819	2
6820	0
6821	1
6822	2
6823	0
6824	0
6825	1
6826	5
6827	0
6828	2
6829	2
6830	3
6831	0
6832	2
6833	2
6834	2
6835	1
6836	1
6837	2
6838	5
6839	0
6840	1
6841	4
6842	3
6843	5
6844	0
6845	1
6846	1
6847	4
6848	0
6849	0
6850	2
6851	0
6852	1
6853	0
6854	4
6855	2
6856	2
6857	1
6858	2
6859	3
6860	2
6861	3
6862	3
6863	1
6864	1
6865	1
6866	0
6867	1
6868	1
6869	1
6870	0
6871	1
6872	3
6873	4
6874	1
6875	4
6876	8
6877	4
6878	1
6879	0
6880	1
6881	5
6882	1
6883	2
6884	1
6885	3
6886	0
6887	2
6888	2
6889	4
6890	2
6891	2
6892	3
6893	1
6894	3
6895	1
6896	2
6897	6
6898	3
6899	1
6900	2
6901	1
6902	3
6903	0
6904	4
6905	3
6906	2
6907	3
6908	3
6909	2
6910	2
6911	4
6912	2
6913	3
6914	4
6915	3
6916	1
6917	2
6918	3
6919	1
6920	4
6921	3
6922	0
6923	0
6924	2
6925	1
6926	1
6927	0
6928	0
6929	3
6930	1
6931	1
6932	1
6933	2
6934	1
6935	1
6936	2
6937	1
6938	1
6939	0
6940	2
6941	4
6942	1
6943	0
6944	2
6945	0
6946	4
6947	1
6948	5
6949	2
6950	2
6951	3
6952	3
6953	2
6954	5
6955	1
6956	2
6957	3
6958	1
6959	3
6960	2
6961	3
6962	1
6963	2
6964	1
6965	2
6966	1
6967	4
6968	0
6969	2
6970	1
6971	2
6972	2
6973	0
6974	0
6975	0
6976	3
6977	0
6978	3
6979	4
6980	1
6981	2
6982	2
6983	0
6984	2
6985	1
6986	1
6987	1
6988	1
6989	2
6990	3
6991	3
6992	2
6993	1
6994	2
6995	1
6996	2
6997	4
6998	4
6999	2
7000	1
7001	2
7002	0
7003	2
7004	2
7005	2
7006	1
7007	5
7008	1
7009	2
7010	0
7011	6
7012	1
7013	2
7014	4
7015	5
7016	1
7017	5
7018	4
7019	3
7020	2
7021	2
7022	2
7023	4
7024	1
7025	2
7026	0
7027	2
7028	0
7029	5
7030	2
7031	1
7032	2
7033	2
7034	4
7035	1
7036	1
7037	1
7038	3
7039	3
7040	2
7041	3
7042	0
7043	3
7044	0
7045	2
7046	1
7047	1
7048	2
7049	4
7050	5
7051	2
7052	3
7053	2
7054	1
7055	2
7056	2
7057	2
7058	1
7059	2
7060	1
7061	3
7062	4
7063	2
7064	1
7065	0
7066	0
7067	0
7068	2
7069	2
7070	2
7071	3
7072	1
7073	1
7074	2
7075	2
7076	0
7077	3
7078	2
7079	0
7080	0
7081	0
7082	0
7083	2
7084	5
7085	1
7086	2
7087	1
7088	1
7089	1
7090	2
7091	3
7092	0
7093	3
7094	1
7095	0
7096	1
7097	1
7098	1
7099	0
7100	1
7101	1
7102	3
7103	3
7104	2
7105	1
7106	1
7107	4
7108	1
7109	1
7110	0
7111	2
7112	1
7113	0
7114	1
7115	2
7116	1
7117	1
7118	1
7119	1
7120	0
7121	3
7122	3
7123	1
7124	1
7125	2
7126	2
7127	2
7128	2
7129	3
7130	3
7131	1
7132	0
7133	2
7134	1
7135	2
7136	4
7137	2
7138	3
7139	1
7140	0
7141	2
7142	1
7143	1
7144	4
7145	0
7146	1
7147	0
7148	3
7149	4
7150	3
7151	4
7152	1
7153	3
7154	0
7155	1
7156	1
7157	1
7158	1
7159	1
7160	2
7161	0
7162	3
7163	5
7164	3
7165	3
7166	3
7167	2
7168	2
7169	1
7170	0
7171	0
7172	0
7173	2
7174	0
7175	3
7176	4
7177	1
7178	4
7179	1
7180	2
7181	3
7182	3
7183	0
7184	3
7185	1
7186	2
7187	1
7188	3
7189	1
7190	4
7191	3
7192	2
7193	1
7194	3
7195	0
7196	1
7197	2
7198	1
7199	6
7200	0
7201	2
7202	1
7203	4
7204	2
7205	2
7206	1
7207	2
7208	0
7209	2
7210	2
7211	2
7212	3
7213	2
7214	4
7215	1
7216	3
7217	1
7218	1
7219	2
7220	1
7221	3
7222	3
7223	0
7224	2
7225	0
7226	1
7227	3
7228	2
7229	1
7230	3
7231	3
7232	1
7233	1
7234	2
7235	1
7236	1
7237	0
7238	0
7239	1
7240	0
7241	3
7242	0
7243	1
7244	3
7245	5
7246	0
7247	0
7248	1
7249	0
7250	1
7251	3
7252	0
7253	2
7254	1
7255	2
7256	1
7257	3
7258	4
7259	2
7260	1
7261	1
7262	2
7263	0
7264	2
7265	2
7266	4
7267	1
7268	1
7269	2
7270	2
7271	3
7272	1
7273	1
7274	0
7275	0
7276	1
7277	2
7278	1
7279	1
7280	0
7281	1
7282	2
7283	1
7284	1
7285	0
7286	3
7287	1
7288	2
7289	1
7290	2
7291	3
7292	1
7293	3
7294	1
7295	1
7296	1
7297	5
7298	0
7299	1
7300	0
7301	2
7302	1
7303	1
7304	1
7305	2
7306	1
7307	1
7308	2
7309	1
7310	1
7311	3
7312	5
7313	2
7314	2
7315	0
7316	3
7317	1
7318	2
7319	3
7320	1
7321	0
7322	1
7323	3
7324	1
7325	2
7326	1
7327	2
7328	0
7329	1
7330	3
7331	2
7332	3
7333	2
7334	1
7335	3
7336	2
7337	1
7338	3
7339	1
7340	1
7341	2
7342	2
7343	1
7344	0
7345	3
7346	4
7347	3
7348	2
7349	2
7350	0
7351	0
7352	1
7353	6
7354	4
7355	4
7356	2
7357	3
7358	3
7359	1
7360	1
7361	5
7362	2
7363	0
7364	2
7365	1
7366	1
7367	4
7368	1
7369	4
7370	1
7371	2
7372	2
7373	1
7374	1
7375	2
7376	1
7377	0
7378	2
7379	2
7380	2
7381	1
7382	1
7383	0
7384	0
7385	4
7386	0
7387	3
7388	1
7389	2
7390	2
7391	1
7392	3
7393	0
7394	3
7395	3
7396	2
7397	0
7398	2
7399	0
7400	2
7401	4
7402	4
7403	1
7404	2
7405	3
7406	3
7407	0
7408	1
7409	3
7410	4
7411	2
7412	0
7413	1
7414	2
7415	0
7416	2
7417	1
7418	2
7419	3
7420	1
7421	2
7422	1
7423	1
7424	1
7425	2
7426	3
7427	2
7428	1
7429	2
7430	1
7431	2
7432	1
7433	0
7434	2
7435	1
7436	3
7437	5
7438	4
7439	2
7440	1
7441	0
7442	0
7443	1
7444	2
7445	2
7446	1
7447	1
7448	1
7449	0
7450	2
7451	0
7452	2
7453	3
7454	6
7455	2
7456	0
7457	0
7458	1
7459	2
7460	3
7461	2
7462	5
7463	2
7464	4
7465	5
7466	1
7467	1
7468	1
7469	1
7470	0
7471	2
7472	0
7473	2
7474	2
7475	3
7476	1
7477	3
7478	2
7479	2
7480	2
7481	4
7482	1
7483	1
7484	2
7485	1
7486	0
7487	3
7488	1
7489	2
7490	0
7491	1
7492	1
7493	1
7494	0
7495	0
7496	2
7497	5
7498	1
7499	2
7500	3
7501	2
7502	2
7503	3
7504	0
7505	1
7506	4
7507	1
7508	3
7509	4
7510	2
7511	2
7512	4
7513	1
7514	3
7515	0
7516	2
7517	3
7518	2
7519	4
7520	3
7521	2
7522	1
7523	1
7524	3
7525	5
7526	2
7527	2
7528	1
7529	3
7530	1
7531	2
7532	0
7533	4
7534	1
7535	2
7536	4
7537	2
7538	1
7539	2
7540	1
7541	1
7542	1
7543	3
7544	0
7545	0
7546	1
7547	2
7548	0
7549	1
7550	3
7551	1
7552	0
7553	3
7554	1
7555	1
7556	1
7557	1
7558	1
7559	2
7560	5
7561	1
7562	1
7563	3
7564	1
7565	5
7566	1
7567	0
7568	2
7569	2
7570	0
7571	3
7572	2
7573	2
7574	5
7575	1
7576	1
7577	2
7578	2
7579	1
7580	3
7581	0
7582	1
7583	2
7584	3
7585	1
7586	1
7587	1
7588	0
7589	2
7590	0
7591	3
7592	1
7593	3
7594	0
7595	0
7596	0
7597	2
7598	1
7599	0
7600	1
7601	2
7602	2
7603	1
7604	4
7605	2
7606	1
7607	0
7608	0
7609	2
7610	2
7611	4
7612	5
7613	1
7614	1
7615	1
7616	1
7617	0
7618	2
7619	3
7620	3
7621	1
7622	4
7623	0
7624	1
7625	1
7626	1
7627	5
7628	1
7629	1
7630	1
7631	1
7632	2
7633	2
7634	3
7635	0
7636	1
7637	2
7638	3
7639	2
7640	6
7641	2
7642	1
7643	1
7644	2
7645	2
7646	3
7647	3
7648	2
7649	3
7650	4
7651	2
7652	4
7653	4
7654	3
7655	3
7656	1
7657	1
7658	2
7659	0
7660	0
7661	1
7662	3
7663	0
7664	2
7665	2
7666	4
7667	2
7668	2
7669	0
7670	0
7671	2
7672	1
7673	4
7674	2
7675	3
7676	3
7677	2
7678	1
7679	1
7680	1
7681	0
7682	1
7683	2
7684	2
7685	4
7686	0
7687	2
7688	1
7689	2
7690	2
7691	2
7692	2
7693	2
7694	1
7695	1
7696	1
7697	4
7698	4
7699	2
7700	2
7701	1
7702	1
7703	3
7704	1
7705	0
7706	0
7707	0
7708	1
7709	1
7710	1
7711	1
7712	0
7713	1
7714	0
7715	0
7716	1
7717	0
7718	1
7719	3
7720	2
7721	1
7722	3
7723	2
7724	2
7725	2
7726	0
7727	1
7728	3
7729	1
7730	4
7731	4
7732	1
7733	4
7734	1
7735	2
7736	2
7737	2
7738	4
7739	2
7740	3
7741	1
7742	4
7743	0
7744	3
7745	4
7746	5
7747	2
7748	3
7749	1
7750	3
7751	0
7752	1
7753	0
7754	1
7755	1
7756	2
7757	3
7758	1
7759	1
7760	2
7761	2
7762	1
7763	0
7764	3
7765	1
7766	0
7767	1
7768	1
7769	2
7770	2
7771	4
7772	0
7773	1
7774	1
7775	2
7776	1
7777	4
7778	4
7779	0
7780	1
7781	0
7782	2
7783	3
7784	0
7785	1
7786	5
7787	0
7788	0
7789	1
7790	1
7791	2
7792	1
7793	0
7794	2
7795	2
7796	4
7797	3
7798	1
7799	3
7800	4
7801	2
7802	2
7803	2
7804	5
7805	2
7806	3
7807	2
7808	2
7809	3
7810	1
7811	0
7812	0
7813	2
7814	3
7815	0
7816	0
7817	2
7818	4
7819	3
7820	4
7821	0
7822	1
7823	2
7824	3
7825	0
7826	1
7827	2
7828	3
7829	0
7830	2
7831	1
7832	2
7833	2
7834	5
7835	3
7836	2
7837	0
7838	2
7839	2
7840	0
7841	4
7842	1
7843	0
7844	2
7845	1
7846	0
7847	0
7848	0
7849	3
7850	1
7851	1
7852	5
7853	1
7854	3
7855	1
7856	1
7857	2
7858	2
7859	3
7860	2
7861	1
7862	1
7863	3
7864	0
7865	0
7866	4
7867	2
7868	1
7869	2
7870	1
7871	2
7872	2
7873	4
7874	0
7875	3
7876	3
7877	1
7878	3
7879	2
7880	2
7881	2
7882	2
7883	3
7884	1
7885	2
7886	2
7887	2
7888	3
7889	1
7890	3
7891	0
7892	2
7893	1
7894	0
7895	2
7896	1
7897	1
7898	1
7899	3
7900	1
7901	2
7902	0
7903	1
7904	2
7905	2
7906	3
7907	3
7908	2
7909	3
7910	3
7911	2
7912	1
7913	2
7914	0
7915	1
7916	3
7917	3
7918	0
7919	2
7920	0
7921	0
7922	1
7923	1
7924	1
7925	0
7926	3
7927	2
7928	2
7929	1
7930	2
7931	1
7932	2
7933	1
7934	4
7935	3
7936	0
7937	2
7938	0
7939	0
7940	1
7941	0
7942	1
7943	0
7944	1
7945	2
7946	3
7947	2
7948	3
7949	3
7950	1
7951	1
7952	2
7953	2
7954	2
7955	0
7956	0
7957	1
7958	4
7959	6
7960	1
7961	1
7962	3
7963	4
7964	0
7965	2
7966	1
7967	0
7968	2
7969	2
7970	2
7971	0
7972	1
7973	1
7974	2
7975	2
7976	2
7977	3
7978	4
7979	1
7980	2
7981	1
7982	1
7983	2
7984	1
7985	4
7986	2
7987	3
7988	0
7989	1
7990	3
7991	1
7992	0
7993	1
7994	1
7995	3
7996	0
7997	1
7998	1
7999	0
8000	2
8001	0
8002	2
8003	1
8004	1
8005	1
8006	3
8007	0
8008	2
8009	2
8010	2
8011	1
8012	2
8013	1
8014	0
8015	1
8016	3
8017	3
8018	1
8019	1
8020	4
8021	0
8022	0
8023	1
8024	0
8025	2
8026	0
8027	2
8028	2
8029	4
8030	2
8031	5
8032	0
8033	2
8034	2
8035	2
8036	0
8037	1
8038	2
8039	2
8040	1
8041	1
8042	1
8043	2
8044	0
8045	2
8046	4
8047	0
8048	0
8049	0
8050	3
8051	1
8052	3
8053	1
8054	2
8055	1
8056	3
8057	3
8058	4
8059	3
8060	3
8061	2
8062	1
8063	1
8064	0
8065	0
8066	0
8067	0
8068	0
8069	0
8070	0
8071	0
8072	0
8073	0
8074	0
8075	0
8076	0
8077	0
8078	0
8079	0
8080	0
8081	0
8082	0
8083	0
8084	0
8085	0
8086	0
8087	0
8088	0
8089	0
8090	0
8091	0
8092	0
8093	0
8094	0
8095	0
8096	0
8097	0
8098	0
8099	0
8100	0
8101	0
8102	0
8103	0
8104	0
8105	0
8106	0
8107	0
8108	0
8109	0
8110	0
8111	0
8112	0
8113	0
8114	0
8115	0
8116	0
8117	0
8118	0
8119	0
8120	0
8121	0
8122	0
8123	0
8124	0
8125	0
8126	0
8127	0
8128	0
8129	0
8130	0
8131	0
8132	0
8133	0
8134	0
8135	0
8136	0
8137	0
8138	0
8139	0
8140	0
8141	0
8142	0
8143	0
8144	0
8145	0
8146	0
8147	0
8148	0
8149	0
8150	0
8151	0
8152	0
8153	0
8154	0
8155	0
8156	0
8157	0
8158	0
8159	0
8160	0
8161	0
8162	0
8163	0
8164	0
8165	0
8166	0
8167	0
8168	0
8169	0
8170	0
8171	0
8172	0
8173	0
8174	0
8175	0
8176	0
8177	0
8178	0
8179	0
8180	0
8181	0
8182	0
8183	0
8184	0
8185	0
8186	0
8187	0
8188	0
8189	0
8190	0
8191	0
