-2	86400
-1	86429.76
0	0
1	0
2	0
3	0
4	0
5	0
6	0
7	0
8	0
9	0
10	0
11	0
12	0
13	0
14	0
15	0
16	0
17	0
18	0
19	0
20	0
21	0
22	0
23	0
24	0
25	0
26	0
27	0
28	0
29	0
30	0
31	0
32	0
33	0
34	0
35	0
36	0
37	0
38	0
39	0
40	0
41	0
42	0
43	0
44	0
45	0
46	2
47	0
48	2
49	80
50	366
51	484
52	543
53	621
54	711
55	836
56	836
57	868
58	887
59	812
60	792
61	746
62	809
63	811
64	696
65	780
66	741
67	780
68	771
69	797
70	746
71	793
72	836
73	782
74	821
75	757
76	823
77	821
78	837
79	826
80	840
81	852
82	795
83	809
84	799
85	807
86	781
87	835
88	813
89	798
90	821
91	807
92	818
93	826
94	893
95	869
96	932
97	842
98	843
99	898
100	882
101	916
102	950
103	932
104	950
105	946
106	935
107	974
108	993
109	1067
110	1022
111	1098
112	1048
113	1069
114	1036
115	1119
116	1124
117	1115
118	1138
119	1136
120	1175
121	1220
122	1207
123	1161
124	1221
125	1231
126	1217
127	1273
128	1273
129	1291
130	1294
131	1299
132	1346
133	1329
134	1415
135	1343
136	1427
137	1350
138	1410
139	1450
140	1443
141	1482
142	1442
143	1403
144	1479
145	1530
146	1499
147	1457
148	1521
149	1494
150	1446
151	1513
152	1556
153	1610
154	1623
155	1650
156	1606
157	1579
158	1563
159	1644
160	1548
161	1690
162	1677
163	1597
164	1601
165	1615
166	1660
167	1616
168	1602
169	1602
170	1635
171	1608
172	1621
173	1647
174	1643
175	1689
176	1753
177	1620
178	1677
179	1635
180	1649
181	1687
182	1686
183	1625
184	1658
185	1613
186	1698
187	1663
188	1649
189	1653
190	1584
191	1690
192	1726
193	1631
194	1700
195	1685
196	1686
197	1589
198	1711
199	1648
200	1579
201	1736
202	1630
203	1604
204	1704
205	1599
206	1672
207	1652
208	1554
209	1592
210	1546
211	1585
212	1650
213	1603
214	1584
215	1603
216	1583
217	1675
218	1636
219	1664
220	1601
221	1597
222	1616
223	1540
224	1635
225	1499
226	1566
227	1561
228	1540
229	1484
230	1490
231	1592
232	1521
233	1524
234	1499
235	1511
236	1525
237	1410
238	1564
239	1464
240	1450
241	1466
242	1427
243	1513
244	1402
245	1452
246	1508
247	1400
248	1459
249	1448
250	1390
251	1459
252	1350
253	1433
254	1364
255	1382
256	1364
257	1393
258	1397
259	1347
260	1384
261	1348
262	1433
263	1407
264	1444
265	1411
266	1381
267	1305
268	1355
269	1327
270	1300
271	1274
272	1300
273	1225
274	1311
275	1320
276	1272
277	1196
278	1225
279	1236
280	1237
281	1181
282	1204
283	1150
284	1216
285	1246
286	1183
287	1188
288	1244
289	1171
290	1159
291	1167
292	1115
293	1156
294	1123
295	1120
296	1156
297	1192
298	1208
299	1120
300	1068
301	1091
302	1123
303	1103
304	1113
305	1066
306	1119
307	1142
308	1090
309	1073
310	1053
311	1040
312	1026
313	1041
314	1013
315	1048
316	1081
317	995
318	1078
319	979
320	1029
321	1008
322	1001
323	1013
324	1041
325	1077
326	997
327	1070
328	1053
329	980
330	1018
331	960
332	969
333	980
334	1001
335	923
336	906
337	947
338	938
339	909
340	928
341	981
342	951
343	938
344	911
345	919
346	921
347	973
348	953
349	901
350	945
351	899
352	898
353	857
354	868
355	827
356	863
357	926
358	898
359	806
360	875
361	846
362	916
363	849
364	875
365	858
366	833
367	833
368	828
369	875
370	865
371	848
372	845
373	888
374	854
375	875
376	864
377	783
378	799
379	772
380	798
381	746
382	798
383	775
384	769
385	751
386	797
387	809
388	886
389	897
390	918
391	812
392	801
393	750
394	748
395	813
396	702
397	772
398	692
399	698
400	737
401	725
402	706
403	727
404	696
405	715
406	673
407	710
408	698
409	726
410	715
411	613
412	743
413	708
414	657
415	731
416	686
417	648
418	684
419	658
420	665
421	631
422	662
423	631
424	673
425	693
426	655
427	666
428	647
429	694
430	644
431	631
432	633
433	640
434	595
435	656
436	621
437	624
438	646
439	574
440	632
441	597
442	597
443	624
444	635
445	626
446	652
447	621
448	598
449	588
450	630
451	597
452	628
453	634
454	598
455	608
456	574
457	591
458	601
459	576
460	558
461	575
462	577
463	574
464	578
465	611
466	597
467	540
468	551
469	526
470	549
471	547
472	553
473	549
474	571
475	562
476	558
477	556
478	554
479	564
480	502
481	535
482	603
483	544
484	544
485	584
486	567
487	584
488	528
489	535
490	539
491	540
492	499
493	540
494	524
495	519
496	528
497	539
498	505
499	509
500	544
501	535
502	495
503	544
504	486
505	520
506	534
507	507
508	495
509	496
510	550
511	544
512	508
513	528
514	513
515	509
516	510
517	523
518	474
519	507
520	491
521	511
522	517
523	466
524	503
525	442
526	426
527	507
528	509
529	476
530	487
531	492
532	518
533	437
534	520
535	472
536	489
537	451
538	466
539	444
540	458
541	459
542	472
543	470
544	452
545	456
546	449
547	434
548	508
549	454
550	439
551	420
552	472
553	486
554	480
555	424
556	453
557	428
558	457
559	444
560	485
561	554
562	659
563	926
564	1178
565	1356
566	1270
567	1013
568	741
569	551
570	472
571	434
572	453
573	427
574	410
575	438
576	408
577	414
578	400
579	424
580	421
581	381
582	387
583	379
584	379
585	416
586	405
587	409
588	410
589	424
590	420
591	367
592	420
593	368
594	393
595	382
596	418
597	387
598	376
599	381
600	404
601	382
602	401
603	367
604	380
605	378
606	378
607	419
608	359
609	382
610	384
611	401
612	391
613	329
614	391
615	325
616	397
617	423
618	366
619	368
620	388
621	375
622	369
623	358
624	372
625	395
626	398
627	355
628	387
629	373
630	374
631	401
632	372
633	395
634	363
635	330
636	374
637	366
638	361
639	384
640	359
641	322
642	422
643	489
644	621
645	672
646	574
647	491
648	371
649	303
650	338
651	323
652	347
653	345
654	313
655	349
656	376
657	363
658	333
659	350
660	351
661	336
662	367
663	365
664	363
665	355
666	350
667	369
668	366
669	345
670	380
671	411
672	536
673	722
674	728
675	628
676	458
677	387
678	337
679	325
680	340
681	329
682	300
683	329
684	345
685	307
686	328
687	329
688	295
689	303
690	297
691	303
692	317
693	315
694	336
695	320
696	273
697	296
698	295
699	331
700	339
701	300
702	315
703	306
704	315
705	302
706	282
707	300
708	283
709	283
710	309
711	321
712	287
713	288
714	295
715	328
716	301
717	301
718	275
719	293
720	274
721	294
722	300
723	288
724	278
725	299
726	294
727	298
728	271
729	306
730	309
731	281
732	301
733	269
734	280
735	289
736	300
737	278
738	320
739	272
740	308
741	303
742	294
743	288
744	291
745	272
746	268
747	271
748	274
749	253
750	260
751	280
752	274
753	257
754	261
755	274
756	275
757	244
758	257
759	290
760	249
761	290
762	249
763	316
764	254
765	286
766	296
767	299
768	291
769	267
770	287
771	244
772	283
773	267
774	327
775	278
776	276
777	309
778	272
779	315
780	280
781	269
782	287
783	281
784	280
785	278
786	286
787	281
788	280
789	272
790	263
791	249
792	254
793	241
794	250
795	254
796	262
797	249
798	276
799	225
800	286
801	251
802	301
803	301
804	345
805	278
806	291
807	263
808	244
809	236
810	237
811	257
812	242
813	249
814	242
815	245
816	235
817	250
818	238
819	229
820	258
821	256
822	230
823	251
824	250
825	243
826	243
827	252
828	232
829	244
830	250
831	216
832	218
833	245
834	258
835	237
836	254
837	216
838	221
839	239
840	258
841	231
842	213
843	260
844	253
845	251
846	249
847	266
848	250
849	269
850	300
851	286
852	257
853	267
854	236
855	247
856	227
857	244
858	228
859	255
860	212
861	240
862	226
863	205
864	194
865	219
866	225
867	229
868	221
869	242
870	237
871	221
872	220
873	202
874	226
875	194
876	211
877	259
878	268
879	285
880	236
881	205
882	251
883	204
884	220
885	225
886	195
887	225
888	218
889	233
890	232
891	218
892	185
893	220
894	197
895	204
896	240
897	219
898	214
899	218
900	220
901	232
902	217
903	199
904	222
905	218
906	194
907	231
908	207
909	209
910	200
911	198
912	205
913	213
914	220
915	185
916	246
917	222
918	189
919	219
920	212
921	201
922	215
923	231
924	215
925	239
926	222
927	215
928	233
929	210
930	235
931	206
932	222
933	206
934	207
935	219
936	209
937	190
938	218
939	193
940	172
941	198
942	201
943	196
944	219
945	236
946	203
947	189
948	191
949	213
950	270
951	250
952	233
953	215
954	199
955	191
956	204
957	214
958	189
959	191
960	204
961	212
962	187
963	183
964	183
965	206
966	182
967	183
968	213
969	186
970	168
971	175
972	196
973	204
974	195
975	201
976	204
977	209
978	180
979	215
980	201
981	186
982	170
983	182
984	195
985	203
986	180
987	189
988	180
989	170
990	181
991	196
992	204
993	188
994	181
995	201
996	179
997	177
998	204
999	174
1000	194
1001	196
1002	183
1003	191
1004	224
1005	291
1006	382
1007	515
1008	510
1009	345
1010	243
1011	180
1012	159
1013	184
1014	158
1015	155
1016	183
1017	170
1018	164
1019	154
1020	163
1021	163
1022	175
1023	173
1024	165
1025	176
1026	153
1027	164
1028	175
1029	168
1030	186
1031	189
1032	189
1033	219
1034	183
1035	180
1036	168
1037	166
1038	170
1039	166
1040	170
1041	166
1042	172
1043	169
1044	175
1045	181
1046	163
1047	190
1048	196
1049	180
1050	197
1051	201
1052	183
1053	168
1054	164
1055	159
1056	173
1057	152
1058	160
1059	158
1060	205
1061	185
1062	197
1063	189
1064	221
1065	246
1066	272
1067	252
1068	251
1069	280
1070	357
1071	385
1072	337
1073	256
1074	196
1075	168
1076	165
1077	164
1078	172
1079	163
1080	186
1081	137
1082	170
1083	165
1084	183
1085	162
1086	168
1087	165
1088	139
1089	158
1090	163
1091	154
1092	157
1093	172
1094	169
1095	161
1096	155
1097	141
1098	158
1099	155
1100	161
1101	152
1102	145
1103	149
1104	163
1105	148
1106	135
1107	171
1108	155
1109	150
1110	177
1111	159
1112	167
1113	153
1114	158
1115	143
1116	147
1117	148
1118	152
1119	146
1120	149
1121	147
1122	152
1123	157
1124	165
1125	153
1126	161
1127	134
1128	149
1129	169
1130	142
1131	153
1132	154
1133	142
1134	164
1135	172
1136	131
1137	153
1138	153
1139	167
1140	135
1141	172
1142	155
1143	151
1144	134
1145	151
1146	121
1147	147
1148	157
1149	127
1150	149
1151	175
1152	155
1153	155
1154	163
1155	170
1156	150
1157	150
1158	178
1159	147
1160	137
1161	134
1162	145
1163	170
1164	160
1165	155
1166	152
1167	151
1168	158
1169	160
1170	144
1171	141
1172	153
1173	147
1174	146
1175	148
1176	149
1177	155
1178	149
1179	139
1180	128
1181	135
1182	147
1183	149
1184	145
1185	120
1186	138
1187	151
1188	123
1189	133
1190	150
1191	133
1192	160
1193	173
1194	142
1195	156
1196	167
1197	147
1198	144
1199	145
1200	151
1201	132
1202	147
1203	156
1204	147
1205	148
1206	153
1207	145
1208	147
1209	153
1210	162
1211	134
1212	143
1213	150
1214	127
1215	134
1216	162
1217	125
1218	134
1219	149
1220	147
1221	169
1222	161
1223	143
1224	141
1225	141
1226	134
1227	141
1228	148
1229	159
1230	155
1231	128
1232	160
1233	162
1234	154
1235	176
1236	224
1237	302
1238	313
1239	303
1240	251
1241	181
1242	163
1243	132
1244	147
1245	117
1246	142
1247	153
1248	122
1249	158
1250	161
1251	128
1252	134
1253	127
1254	131
1255	153
1256	149
1257	144
1258	137
1259	144
1260	137
1261	129
1262	144
1263	142
1264	146
1265	140
1266	136
1267	143
1268	136
1269	127
1270	151
1271	146
1272	144
1273	143
1274	141
1275	158
1276	168
1277	156
1278	153
1279	165
1280	150
1281	132
1282	122
1283	133
1284	143
1285	150
1286	156
1287	152
1288	149
1289	137
1290	131
1291	146
1292	172
1293	123
1294	139
1295	139
1296	149
1297	137
1298	143
1299	137
1300	146
1301	151
1302	130
1303	134
1304	153
1305	124
1306	129
1307	148
1308	138
1309	136
1310	130
1311	143
1312	148
1313	129
1314	147
1315	162
1316	130
1317	142
1318	156
1319	132
1320	140
1321	141
1322	142
1323	138
1324	122
1325	133
1326	137
1327	149
1328	120
1329	148
1330	144
1331	137
1332	142
1333	143
1334	149
1335	152
1336	139
1337	165
1338	131
1339	144
1340	146
1341	138
1342	137
1343	150
1344	147
1345	150
1346	159
1347	128
1348	151
1349	148
1350	135
1351	141
1352	140
1353	130
1354	153
1355	142
1356	162
1357	121
1358	141
1359	125
1360	146
1361	148
1362	139
1363	135
1364	140
1365	142
1366	197
1367	203
1368	206
1369	203
1370	179
1371	155
1372	116
1373	134
1374	134
1375	146
1376	154
1377	129
1378	128
1379	123
1380	134
1381	138
1382	116
1383	126
1384	132
1385	125
1386	114
1387	115
1388	123
1389	94
1390	125
1391	126
1392	114
1393	112
1394	110
1395	88
1396	117
1397	125
1398	107
1399	112
1400	96
1401	114
1402	94
1403	93
1404	124
1405	116
1406	151
1407	96
1408	120
1409	113
1410	109
1411	95
1412	118
1413	124
1414	108
1415	129
1416	133
1417	130
1418	115
1419	113
1420	104
1421	127
1422	130
1423	113
1424	107
1425	91
1426	114
1427	100
1428	107
1429	97
1430	106
1431	115
1432	99
1433	100
1434	83
1435	100
1436	107
1437	93
1438	97
1439	92
1440	108
1441	105
1442	112
1443	91
1444	104
1445	91
1446	95
1447	87
1448	94
1449	97
1450	94
1451	78
1452	99
1453	95
1454	95
1455	87
1456	102
1457	73
1458	91
1459	75
1460	100
1461	97
1462	95
1463	98
1464	91
1465	92
1466	81
1467	95
1468	92
1469	82
1470	97
1471	109
1472	97
1473	90
1474	112
1475	85
1476	89
1477	74
1478	90
1479	85
1480	67
1481	82
1482	80
1483	84
1484	82
1485	89
1486	83
1487	87
1488	70
1489	88
1490	95
1491	75
1492	79
1493	80
1494	83
1495	80
1496	75
1497	78
1498	92
1499	67
1500	77
1501	63
1502	80
1503	79
1504	82
1505	84
1506	89
1507	78
1508	77
1509	75
1510	53
1511	71
1512	78
1513	69
1514	80
1515	68
1516	80
1517	83
1518	78
1519	92
1520	101
1521	108
1522	142
1523	137
1524	113
1525	80
1526	78
1527	82
1528	77
1529	87
1530	71
1531	74
1532	99
1533	78
1534	71
1535	70
1536	71
1537	70
1538	69
1539	74
1540	95
1541	67
1542	75
1543	66
1544	67
1545	79
1546	71
1547	85
1548	99
1549	87
1550	79
1551	64
1552	76
1553	84
1554	75
1555	107
1556	119
1557	105
1558	93
1559	84
1560	65
1561	78
1562	78
1563	87
1564	67
1565	72
1566	72
1567	54
1568	64
1569	65
1570	74
1571	68
1572	70
1573	66
1574	75
1575	77
1576	82
1577	63
1578	55
1579	62
1580	61
1581	59
1582	57
1583	68
1584	90
1585	85
1586	67
1587	95
1588	63
1589	69
1590	66
1591	87
1592	60
1593	74
1594	62
1595	67
1596	75
1597	85
1598	81
1599	53
1600	74
1601	59
1602	59
1603	68
1604	74
1605	59
1606	56
1607	65
1608	84
1609	116
1610	262
1611	709
1612	1550
1613	2479
1614	2873
1615	2349
1616	1499
1617	685
1618	253
1619	78
1620	58
1621	32
1622	42
1623	44
1624	44
1625	48
1626	40
1627	46
1628	46
1629	32
1630	52
1631	47
1632	47
1633	49
1634	41
1635	53
1636	49
1637	35
1638	45
1639	40
1640	47
1641	32
1642	38
1643	53
1644	39
1645	42
1646	50
1647	33
1648	48
1649	35
1650	46
1651	47
1652	67
1653	60
1654	49
1655	40
1656	46
1657	43
1658	44
1659	50
1660	39
1661	44
1662	35
1663	45
1664	50
1665	63
1666	65
1667	81
1668	86
1669	60
1670	62
1671	45
1672	53
1673	50
1674	45
1675	38
1676	29
1677	30
1678	43
1679	42
1680	42
1681	30
1682	45
1683	42
1684	42
1685	44
1686	56
1687	42
1688	44
1689	33
1690	34
1691	32
1692	49
1693	38
1694	41
1695	33
1696	39
1697	34
1698	38
1699	54
1700	58
1701	29
1702	51
1703	33
1704	42
1705	39
1706	41
1707	58
1708	39
1709	43
1710	37
1711	47
1712	48
1713	41
1714	47
1715	41
1716	43
1717	42
1718	31
1719	48
1720	44
1721	35
1722	46
1723	32
1724	38
1725	34
1726	48
1727	34
1728	42
1729	40
1730	38
1731	42
1732	48
1733	37
1734	39
1735	44
1736	37
1737	30
1738	47
1739	28
1740	35
1741	28
1742	37
1743	39
1744	41
1745	48
1746	53
1747	69
1748	47
1749	62
1750	52
1751	43
1752	70
1753	78
1754	97
1755	90
1756	106
1757	63
1758	92
1759	64
1760	66
1761	57
1762	40
1763	40
1764	43
1765	31
1766	35
1767	41
1768	33
1769	40
1770	34
1771	34
1772	33
1773	34
1774	21
1775	33
1776	30
1777	32
1778	40
1779	34
1780	35
1781	49
1782	28
1783	28
1784	34
1785	28
1786	33
1787	39
1788	46
1789	59
1790	54
1791	60
1792	50
1793	51
1794	49
1795	39
1796	32
1797	46
1798	41
1799	49
1800	62
1801	68
1802	53
1803	60
1804	35
1805	36
1806	38
1807	34
1808	31
1809	41
1810	47
1811	31
1812	32
1813	37
1814	36
1815	33
1816	32
1817	37
1818	29
1819	26
1820	23
1821	18
1822	22
1823	31
1824	29
1825	28
1826	25
1827	34
1828	30
1829	32
1830	34
1831	38
1832	42
1833	34
1834	43
1835	45
1836	37
1837	46
1838	31
1839	36
1840	21
1841	35
1842	36
1843	28
1844	26
1845	34
1846	30
1847	40
1848	31
1849	33
1850	26
1851	26
1852	34
1853	34
1854	29
1855	31
1856	28
1857	33
1858	40
1859	39
1860	27
1861	28
1862	29
1863	32
1864	39
1865	31
1866	33
1867	31
1868	32
1869	36
1870	35
1871	38
1872	30
1873	38
1874	22
1875	32
1876	34
1877	25
1878	37
1879	27
1880	32
1881	28
1882	29
1883	32
1884	32
1885	28
1886	22
1887	37
1888	32
1889	30
1890	26
1891	33
1892	28
1893	34
1894	32
1895	30
1896	22
1897	29
1898	34
1899	34
1900	29
1901	33
1902	34
1903	35
1904	40
1905	32
1906	41
1907	45
1908	40
1909	72
1910	65
1911	46
1912	61
1913	47
1914	31
1915	24
1916	36
1917	22
1918	28
1919	24
1920	28
1921	32
1922	31
1923	30
1924	31
1925	37
1926	13
1927	26
1928	28
1929	23
1930	31
1931	26
1932	29
1933	38
1934	23
1935	24
1936	28
1937	21
1938	38
1939	23
1940	34
1941	35
1942	24
1943	24
1944	35
1945	45
1946	91
1947	147
1948	224
1949	288
1950	277
1951	194
1952	102
1953	63
1954	48
1955	26
1956	21
1957	23
1958	25
1959	22
1960	20
1961	28
1962	30
1963	27
1964	30
1965	32
1966	29
1967	27
1968	26
1969	35
1970	29
1971	24
1972	24
1973	21
1974	27
1975	31
1976	29
1977	19
1978	19
1979	28
1980	28
1981	31
1982	19
1983	31
1984	24
1985	31
1986	22
1987	24
1988	27
1989	27
1990	29
1991	24
1992	38
1993	34
1994	32
1995	19
1996	35
1997	27
1998	27
1999	22
2000	37
2001	29
2002	27
2003	27
2004	27
2005	30
2006	30
2007	33
2008	30
2009	19
2010	28
2011	26
2012	28
2013	26
2014	31
2015	25
2016	27
2017	29
2018	26
2019	19
2020	33
2021	34
2022	20
2023	27
2024	21
2025	34
2026	25
2027	24
2028	22
2029	35
2030	30
2031	25
2032	25
2033	29
2034	19
2035	29
2036	34
2037	38
2038	44
2039	40
2040	54
2041	40
2042	57
2043	38
2044	34
2045	24
2046	30
2047	19
2048	27
2049	21
2050	27
2051	26
2052	24
2053	30
2054	16
2055	25
2056	37
2057	19
2058	24
2059	30
2060	32
2061	25
2062	23
2063	22
2064	21
2065	17
2066	19
2067	30
2068	31
2069	19
2070	26
2071	30
2072	26
2073	26
2074	26
2075	21
2076	26
2077	22
2078	25
2079	33
2080	31
2081	35
2082	25
2083	19
2084	27
2085	22
2086	27
2087	30
2088	24
2089	26
2090	27
2091	24
2092	31
2093	29
2094	26
2095	23
2096	20
2097	24
2098	32
2099	17
2100	21
2101	33
2102	19
2103	28
2104	30
2105	25
2106	28
2107	20
2108	31
2109	31
2110	18
2111	27
2112	29
2113	25
2114	23
2115	22
2116	25
2117	20
2118	35
2119	23
2120	26
2121	19
2122	27
2123	16
2124	19
2125	23
2126	22
2127	26
2128	25
2129	15
2130	27
2131	29
2132	24
2133	18
2134	27
2135	30
2136	28
2137	21
2138	22
2139	25
2140	28
2141	24
2142	27
2143	26
2144	20
2145	18
2146	33
2147	29
2148	25
2149	26
2150	22
2151	26
2152	21
2153	28
2154	27
2155	23
2156	23
2157	34
2158	26
2159	33
2160	16
2161	22
2162	22
2163	26
2164	20
2165	26
2166	25
2167	26
2168	23
2169	21
2170	21
2171	34
2172	24
2173	27
2174	25
2175	18
2176	22
2177	29
2178	12
2179	28
2180	30
2181	18
2182	20
2183	21
2184	25
2185	21
2186	25
2187	29
2188	22
2189	23
2190	27
2191	25
2192	20
2193	26
2194	17
2195	26
2196	16
2197	19
2198	24
2199	15
2200	31
2201	15
2202	20
2203	29
2204	28
2205	24
2206	28
2207	36
2208	26
2209	29
2210	21
2211	28
2212	20
2213	25
2214	28
2215	30
2216	22
2217	32
2218	28
2219	20
2220	30
2221	24
2222	26
2223	18
2224	22
2225	28
2226	23
2227	17
2228	25
2229	24
2230	15
2231	21
2232	27
2233	20
2234	21
2235	19
2236	27
2237	19
2238	18
2239	23
2240	23
2241	30
2242	30
2243	19
2244	23
2245	31
2246	32
2247	21
2248	25
2249	24
2250	25
2251	19
2252	25
2253	18
2254	18
2255	18
2256	18
2257	22
2258	22
2259	26
2260	30
2261	20
2262	25
2263	13
2264	24
2265	24
2266	23
2267	27
2268	25
2269	24
2270	26
2271	32
2272	23
2273	15
2274	27
2275	24
2276	20
2277	23
2278	15
2279	32
2280	27
2281	17
2282	25
2283	20
2284	33
2285	19
2286	24
2287	21
2288	24
2289	27
2290	23
2291	23
2292	10
2293	28
2294	22
2295	21
2296	24
2297	27
2298	24
2299	17
2300	17
2301	22
2302	25
2303	20
2304	19
2305	17
2306	28
2307	21
2308	16
2309	35
2310	34
2311	21
2312	24
2313	21
2314	17
2315	19
2316	24
2317	29
2318	28
2319	49
2320	53
2321	53
2322	95
2323	89
2324	73
2325	82
2326	60
2327	52
2328	28
2329	32
2330	27
2331	21
2332	23
2333	27
2334	18
2335	24
2336	33
2337	33
2338	31
2339	35
2340	51
2341	40
2342	40
2343	31
2344	31
2345	22
2346	35
2347	25
2348	28
2349	15
2350	28
2351	21
2352	23
2353	29
2354	16
2355	18
2356	29
2357	18
2358	28
2359	36
2360	20
2361	21
2362	21
2363	23
2364	21
2365	16
2366	29
2367	19
2368	21
2369	28
2370	19
2371	20
2372	21
2373	19
2374	14
2375	22
2376	19
2377	13
2378	25
2379	25
2380	23
2381	24
2382	21
2383	22
2384	18
2385	23
2386	23
2387	18
2388	26
2389	22
2390	31
2391	21
2392	24
2393	35
2394	22
2395	17
2396	22
2397	21
2398	21
2399	27
2400	30
2401	19
2402	27
2403	20
2404	19
2405	28
2406	23
2407	18
2408	17
2409	20
2410	25
2411	23
2412	24
2413	18
2414	23
2415	21
2416	25
2417	20
2418	16
2419	17
2420	21
2421	31
2422	15
2423	22
2424	30
2425	20
2426	25
2427	25
2428	27
2429	21
2430	28
2431	46
2432	57
2433	75
2434	88
2435	91
2436	77
2437	64
2438	39
2439	21
2440	26
2441	17
2442	20
2443	31
2444	28
2445	23
2446	25
2447	17
2448	27
2449	25
2450	27
2451	22
2452	19
2453	20
2454	17
2455	26
2456	24
2457	23
2458	19
2459	23
2460	20
2461	23
2462	25
2463	24
2464	16
2465	16
2466	16
2467	24
2468	26
2469	22
2470	28
2471	10
2472	20
2473	25
2474	20
2475	19
2476	23
2477	23
2478	21
2479	22
2480	33
2481	20
2482	19
2483	21
2484	25
2485	23
2486	24
2487	20
2488	30
2489	26
2490	15
2491	28
2492	22
2493	23
2494	25
2495	22
2496	21
2497	12
2498	20
2499	20
2500	26
2501	18
2502	29
2503	18
2504	25
2505	31
2506	20
2507	9
2508	14
2509	23
2510	17
2511	22
2512	26
2513	21
2514	19
2515	31
2516	25
2517	22
2518	25
2519	24
2520	29
2521	19
2522	19
2523	13
2524	24
2525	18
2526	24
2527	28
2528	26
2529	19
2530	32
2531	31
2532	31
2533	31
2534	24
2535	27
2536	27
2537	19
2538	28
2539	14
2540	16
2541	27
2542	21
2543	23
2544	25
2545	19
2546	27
2547	18
2548	22
2549	30
2550	32
2551	22
2552	16
2553	30
2554	37
2555	22
2556	28
2557	30
2558	23
2559	25
2560	28
2561	19
2562	28
2563	32
2564	20
2565	16
2566	17
2567	28
2568	26
2569	24
2570	17
2571	23
2572	28
2573	20
2574	23
2575	24
2576	23
2577	18
2578	18
2579	33
2580	28
2581	23
2582	24
2583	15
2584	32
2585	11
2586	21
2587	24
2588	25
2589	26
2590	29
2591	19
2592	27
2593	18
2594	30
2595	32
2596	26
2597	28
2598	21
2599	32
2600	17
2601	34
2602	26
2603	23
2604	34
2605	25
2606	29
2607	20
2608	26
2609	30
2610	27
2611	22
2612	26
2613	25
2614	25
2615	30
2616	23
2617	22
2618	34
2619	27
2620	29
2621	21
2622	24
2623	23
2624	28
2625	22
2626	25
2627	26
2628	24
2629	22
2630	21
2631	14
2632	27
2633	21
2634	25
2635	26
2636	17
2637	23
2638	22
2639	26
2640	22
2641	26
2642	28
2643	11
2644	22
2645	20
2646	26
2647	12
2648	24
2649	20
2650	21
2651	21
2652	18
2653	18
2654	23
2655	18
2656	18
2657	21
2658	18
2659	26
2660	15
2661	19
2662	17
2663	13
2664	10
2665	29
2666	16
2667	22
2668	20
2669	13
2670	22
2671	24
2672	15
2673	15
2674	12
2675	24
2676	18
2677	20
2678	18
2679	20
2680	15
2681	14
2682	26
2683	19
2684	16
2685	20
2686	15
2687	14
2688	18
2689	17
2690	15
2691	11
2692	18
2693	14
2694	20
2695	13
2696	24
2697	24
2698	16
2699	10
2700	21
2701	32
2702	38
2703	47
2704	43
2705	31
2706	15
2707	20
2708	18
2709	16
2710	15
2711	16
2712	17
2713	15
2714	13
2715	12
2716	18
2717	17
2718	18
2719	17
2720	17
2721	15
2722	12
2723	17
2724	11
2725	14
2726	8
2727	19
2728	12
2729	15
2730	13
2731	18
2732	16
2733	13
2734	10
2735	12
2736	17
2737	21
2738	14
2739	12
2740	10
2741	14
2742	16
2743	12
2744	11
2745	16
2746	14
2747	15
2748	12
2749	14
2750	8
2751	13
2752	14
2753	14
2754	15
2755	13
2756	4
2757	12
2758	9
2759	11
2760	14
2761	16
2762	10
2763	14
2764	8
2765	8
2766	12
2767	12
2768	9
2769	4
2770	15
2771	12
2772	14
2773	14
2774	18
2775	12
2776	14
2777	3
2778	12
2779	6
2780	7
2781	15
2782	10
2783	5
2784	9
2785	8
2786	7
2787	4
2788	9
2789	9
2790	12
2791	10
2792	12
2793	13
2794	9
2795	7
2796	8
2797	10
2798	6
2799	5
2800	6
2801	8
2802	8
2803	5
2804	4
2805	9
2806	8
2807	10
2808	9
2809	12
2810	7
2811	12
2812	6
2813	8
2814	9
2815	8
2816	6
2817	8
2818	13
2819	0
2820	16
2821	9
2822	8
2823	7
2824	11
2825	5
2826	11
2827	5
2828	15
2829	8
2830	10
2831	9
2832	12
2833	12
2834	12
2835	15
2836	12
2837	5
2838	10
2839	6
2840	13
2841	8
2842	12
2843	10
2844	7
2845	3
2846	8
2847	11
2848	6
2849	5
2850	14
2851	4
2852	12
2853	10
2854	7
2855	7
2856	5
2857	8
2858	7
2859	10
2860	11
2861	2
2862	13
2863	9
2864	11
2865	9
2866	9
2867	6
2868	10
2869	11
2870	9
2871	13
2872	7
2873	6
2874	12
2875	11
2876	7
2877	9
2878	7
2879	11
2880	17
2881	23
2882	35
2883	96
2884	211
2885	339
2886	505
2887	637
2888	593
2889	551
2890	366
2891	188
2892	91
2893	32
2894	11
2895	4
2896	5
2897	6
2898	4
2899	7
2900	4
2901	3
2902	4
2903	2
2904	4
2905	12
2906	5
2907	4
2908	6
2909	9
2910	7
2911	9
2912	4
2913	4
2914	5
2915	9
2916	6
2917	7
2918	2
2919	2
2920	7
2921	6
2922	5
2923	2
2924	7
2925	5
2926	8
2927	6
2928	7
2929	4
2930	2
2931	5
2932	8
2933	1
2934	7
2935	5
2936	9
2937	5
2938	2
2939	3
2940	5
2941	5
2942	2
2943	5
2944	9
2945	3
2946	3
2947	6
2948	5
2949	3
2950	8
2951	6
2952	6
2953	4
2954	4
2955	5
2956	7
2957	6
2958	5
2959	3
2960	7
2961	8
2962	6
2963	3
2964	9
2965	7
2966	3
2967	5
2968	3
2969	10
2970	6
2971	5
2972	5
2973	8
2974	3
2975	9
2976	8
2977	2
2978	3
2979	5
2980	2
2981	2
2982	4
2983	7
2984	6
2985	3
2986	3
2987	3
2988	5
2989	7
2990	2
2991	0
2992	4
2993	7
2994	5
2995	6
2996	11
2997	5
2998	4
2999	1
3000	5
3001	2
3002	9
3003	5
3004	2
3005	4
3006	4
3007	6
3008	5
3009	4
3010	5
3011	4
3012	6
3013	7
3014	5
3015	5
3016	3
3017	4
3018	5
3019	8
3020	7
3021	6
3022	8
3023	4
3024	7
3025	5
3026	6
3027	6
3028	3
3029	2
3030	8
3031	4
3032	3
3033	8
3034	6
3035	2
3036	4
3037	6
3038	6
3039	4
3040	5
3041	5
3042	3
3043	3
3044	1
3045	2
3046	9
3047	3
3048	6
3049	7
3050	3
3051	2
3052	7
3053	9
3054	6
3055	3
3056	5
3057	4
3058	7
3059	5
3060	5
3061	4
3062	4
3063	5
3064	7
3065	6
3066	5
3067	2
3068	5
3069	4
3070	3
3071	5
3072	7
3073	4
3074	3
3075	6
3076	5
3077	7
3078	3
3079	4
3080	5
3081	12
3082	6
3083	9
3084	4
3085	6
3086	5
3087	4
3088	7
3089	6
3090	6
3091	7
3092	1
3093	5
3094	4
3095	5
3096	4
3097	3
3098	7
3099	7
3100	7
3101	6
3102	7
3103	8
3104	4
3105	7
3106	3
3107	3
3108	7
3109	2
3110	4
3111	4
3112	5
3113	4
3114	8
3115	7
3116	3
3117	6
3118	3
3119	6
3120	6
3121	5
3122	4
3123	3
3124	9
3125	5
3126	4
3127	3
3128	7
3129	7
3130	8
3131	5
3132	3
3133	5
3134	4
3135	2
3136	4
3137	2
3138	2
3139	4
3140	4
3141	4
3142	4
3143	8
3144	5
3145	4
3146	6
3147	6
3148	2
3149	5
3150	7
3151	1
3152	4
3153	3
3154	5
3155	4
3156	4
3157	3
3158	10
3159	3
3160	5
3161	3
3162	3
3163	4
3164	2
3165	6
3166	4
3167	7
3168	4
3169	10
3170	9
3171	5
3172	4
3173	2
3174	2
3175	4
3176	1
3177	0
3178	5
3179	3
3180	2
3181	4
3182	2
3183	3
3184	7
3185	2
3186	3
3187	2
3188	7
3189	4
3190	5
3191	6
3192	2
3193	4
3194	9
3195	6
3196	7
3197	1
3198	4
3199	6
3200	6
3201	4
3202	1
3203	7
3204	5
3205	2
3206	4
3207	4
3208	6
3209	4
3210	2
3211	3
3212	7
3213	7
3214	5
3215	6
3216	5
3217	4
3218	10
3219	3
3220	2
3221	2
3222	5
3223	2
3224	3
3225	3
3226	6
3227	2
3228	6
3229	5
3230	4
3231	7
3232	4
3233	4
3234	3
3235	9
3236	6
3237	4
3238	6
3239	2
3240	3
3241	4
3242	6
3243	5
3244	7
3245	3
3246	6
3247	5
3248	5
3249	5
3250	6
3251	4
3252	3
3253	2
3254	3
3255	4
3256	5
3257	5
3258	3
3259	5
3260	4
3261	2
3262	3
3263	6
3264	3
3265	7
3266	5
3267	3
3268	3
3269	2
3270	5
3271	4
3272	5
3273	8
3274	4
3275	4
3276	6
3277	2
3278	5
3279	4
3280	6
3281	0
3282	4
3283	2
3284	5
3285	8
3286	2
3287	9
3288	6
3289	5
3290	2
3291	2
3292	1
3293	1
3294	4
3295	5
3296	6
3297	4
3298	4
3299	4
3300	4
3301	5
3302	2
3303	4
3304	5
3305	4
3306	5
3307	2
3308	5
3309	3
3310	5
3311	4
3312	3
3313	4
3314	5
3315	5
3316	3
3317	1
3318	3
3319	2
3320	2
3321	6
3322	5
3323	0
3324	4
3325	6
3326	5
3327	3
3328	2
3329	5
3330	4
3331	5
3332	7
3333	7
3334	6
3335	1
3336	2
3337	7
3338	8
3339	5
3340	7
3341	4
3342	3
3343	6
3344	3
3345	5
3346	3
3347	9
3348	7
3349	3
3350	2
3351	5
3352	3
3353	4
3354	5
3355	5
3356	4
3357	2
3358	9
3359	2
3360	4
3361	7
3362	1
3363	3
3364	5
3365	6
3366	2
3367	3
3368	5
3369	6
3370	3
3371	2
3372	9
3373	6
3374	3
3375	3
3376	1
3377	5
3378	6
3379	3
3380	3
3381	2
3382	4
3383	6
3384	3
3385	1
3386	3
3387	2
3388	7
3389	2
3390	4
3391	3
3392	3
3393	7
3394	2
3395	2
3396	5
3397	2
3398	5
3399	10
3400	5
3401	5
3402	3
3403	7
3404	2
3405	5
3406	8
3407	5
3408	3
3409	6
3410	3
3411	2
3412	4
3413	4
3414	6
3415	4
3416	4
3417	4
3418	4
3419	2
3420	6
3421	6
3422	4
3423	1
3424	6
3425	8
3426	6
3427	5
3428	5
3429	2
3430	4
3431	4
3432	2
3433	2
3434	4
3435	6
3436	4
3437	5
3438	4
3439	4
3440	3
3441	6
3442	3
3443	3
3444	6
3445	4
3446	2
3447	5
3448	4
3449	9
3450	5
3451	0
3452	5
3453	3
3454	8
3455	8
3456	4
3457	4
3458	9
3459	7
3460	4
3461	7
3462	4
3463	4
3464	4
3465	8
3466	10
3467	4
3468	2
3469	3
3470	5
3471	8
3472	5
3473	4
3474	3
3475	6
3476	8
3477	6
3478	8
3479	5
3480	5
3481	5
3482	6
3483	4
3484	5
3485	0
3486	5
3487	1
3488	4
3489	6
3490	4
3491	5
3492	5
3493	3
3494	4
3495	3
3496	3
3497	5
3498	0
3499	5
3500	0
3501	7
3502	5
3503	2
3504	7
3505	4
3506	4
3507	1
3508	5
3509	2
3510	7
3511	4
3512	0
3513	3
3514	1
3515	6
3516	5
3517	5
3518	5
3519	5
3520	4
3521	5
3522	3
3523	5
3524	4
3525	0
3526	4
3527	3
3528	4
3529	3
3530	5
3531	5
3532	3
3533	1
3534	6
3535	6
3536	4
3537	4
3538	8
3539	1
3540	6
3541	1
3542	3
3543	5
3544	3
3545	5
3546	6
3547	4
3548	2
3549	2
3550	9
3551	5
3552	6
3553	3
3554	4
3555	9
3556	4
3557	1
3558	4
3559	1
3560	2
3561	4
3562	5
3563	4
3564	2
3565	6
3566	6
3567	4
3568	2
3569	2
3570	3
3571	6
3572	5
3573	5
3574	4
3575	3
3576	9
3577	3
3578	3
3579	7
3580	5
3581	5
3582	5
3583	7
3584	4
3585	4
3586	1
3587	3
3588	4
3589	2
3590	2
3591	5
3592	5
3593	0
3594	7
3595	2
3596	4
3597	8
3598	5
3599	2
3600	3
3601	5
3602	4
3603	2
3604	8
3605	1
3606	1
3607	5
3608	1
3609	2
3610	1
3611	3
3612	4
3613	7
3614	4
3615	2
3616	6
3617	4
3618	5
3619	4
3620	2
3621	7
3622	5
3623	5
3624	2
3625	2
3626	3
3627	4
3628	2
3629	5
3630	4
3631	2
3632	3
3633	2
3634	6
3635	2
3636	1
3637	1
3638	4
3639	3
3640	8
3641	5
3642	3
3643	1
3644	7
3645	2
3646	6
3647	0
3648	3
3649	3
3650	7
3651	3
3652	6
3653	6
3654	4
3655	3
3656	4
3657	4
3658	6
3659	4
3660	5
3661	3
3662	3
3663	6
3664	3
3665	4
3666	4
3667	3
3668	7
3669	4
3670	2
3671	1
3672	4
3673	2
3674	3
3675	6
3676	6
3677	1
3678	2
3679	5
3680	5
3681	5
3682	9
3683	2
3684	3
3685	4
3686	4
3687	3
3688	5
3689	1
3690	7
3691	2
3692	2
3693	2
3694	3
3695	6
3696	8
3697	3
3698	5
3699	5
3700	4
3701	5
3702	5
3703	5
3704	7
3705	3
3706	6
3707	5
3708	5
3709	4
3710	3
3711	4
3712	2
3713	3
3714	1
3715	8
3716	4
3717	3
3718	5
3719	3
3720	4
3721	1
3722	5
3723	5
3724	4
3725	4
3726	4
3727	2
3728	4
3729	2
3730	6
3731	6
3732	5
3733	2
3734	1
3735	1
3736	4
3737	3
3738	1
3739	3
3740	4
3741	4
3742	2
3743	4
3744	1
3745	4
3746	3
3747	3
3748	1
3749	5
3750	2
3751	3
3752	5
3753	4
3754	5
3755	4
3756	2
3757	7
3758	5
3759	5
3760	0
3761	3
3762	8
3763	2
3764	5
3765	3
3766	1
3767	4
3768	4
3769	4
3770	2
3771	3
3772	4
3773	4
3774	3
3775	3
3776	4
3777	3
3778	0
3779	7
3780	0
3781	2
3782	7
3783	4
3784	2
3785	5
3786	0
3787	4
3788	3
3789	4
3790	5
3791	3
3792	7
3793	4
3794	4
3795	3
3796	4
3797	7
3798	3
3799	3
3800	1
3801	5
3802	3
3803	6
3804	7
3805	4
3806	4
3807	2
3808	4
3809	4
3810	1
3811	2
3812	1
3813	6
3814	6
3815	4
3816	2
3817	3
3818	0
3819	5
3820	4
3821	3
3822	6
3823	2
3824	3
3825	4
3826	5
3827	1
3828	5
3829	4
3830	6
3831	2
3832	5
3833	6
3834	1
3835	2
3836	7
3837	3
3838	1
3839	2
3840	6
3841	0
3842	6
3843	5
3844	3
3845	1
3846	3
3847	6
3848	6
3849	1
3850	5
3851	2
3852	3
3853	1
3854	7
3855	3
3856	6
3857	3
3858	1
3859	3
3860	3
3861	4
3862	5
3863	1
3864	5
3865	3
3866	3
3867	6
3868	6
3869	3
3870	0
3871	3
3872	4
3873	0
3874	2
3875	3
3876	4
3877	3
3878	2
3879	5
3880	3
3881	4
3882	6
3883	2
3884	7
3885	7
3886	6
3887	2
3888	7
3889	3
3890	3
3891	3
3892	3
3893	2
3894	5
3895	6
3896	2
3897	1
3898	1
3899	4
3900	3
3901	3
3902	3
3903	3
3904	2
3905	6
3906	4
3907	5
3908	1
3909	4
3910	7
3911	5
3912	1
3913	2
3914	6
3915	4
3916	1
3917	3
3918	3
3919	4
3920	4
3921	11
3922	2
3923	5
3924	4
3925	5
3926	5
3927	2
3928	5
3929	1
3930	3
3931	4
3932	5
3933	3
3934	1
3935	4
3936	1
3937	2
3938	2
3939	3
3940	3
3941	3
3942	7
3943	3
3944	3
3945	6
3946	4
3947	4
3948	2
3949	8
3950	4
3951	3
3952	2
3953	6
3954	4
3955	7
3956	0
3957	2
3958	5
3959	3
3960	4
3961	2
3962	5
3963	6
3964	8
3965	5
3966	3
3967	1
3968	3
3969	2
3970	3
3971	4
3972	5
3973	4
3974	3
3975	7
3976	5
3977	5
3978	4
3979	4
3980	6
3981	8
3982	2
3983	1
3984	2
3985	7
3986	2
3987	5
3988	1
3989	4
3990	4
3991	2
3992	4
3993	1
3994	5
3995	2
3996	6
3997	6
3998	1
3999	4
4000	3
4001	0
4002	7
4003	7
4004	5
4005	5
4006	4
4007	2
4008	3
4009	3
4010	4
4011	3
4012	3
4013	0
4014	3
4015	5
4016	7
4017	2
4018	4
4019	5
4020	4
4021	3
4022	2
4023	7
4024	5
4025	5
4026	2
4027	5
4028	5
4029	5
4030	2
4031	0
4032	1
4033	2
4034	1
4035	6
4036	3
4037	6
4038	2
4039	3
4040	3
4041	2
4042	2
4043	3
4044	4
4045	4
4046	2
4047	4
4048	3
4049	5
4050	6
4051	1
4052	0
4053	4
4054	2
4055	5
4056	3
4057	10
4058	1
4059	3
4060	0
4061	2
4062	3
4063	3
4064	2
4065	1
4066	6
4067	3
4068	2
4069	6
4070	5
4071	2
4072	6
4073	3
4074	1
4075	2
4076	3
4077	7
4078	5
4079	4
4080	1
4081	3
4082	5
4083	3
4084	1
4085	4
4086	3
4087	5
4088	5
4089	3
4090	2
4091	2
4092	1
4093	3
4094	4
4095	4
4096	3
4097	6
4098	4
4099	4
4100	2
4101	4
4102	5
4103	4
4104	2
4105	1
4106	0
4107	2
4108	3
4109	3
4110	3
4111	2
4112	5
4113	3
4114	3
4115	2
4116	5
4117	2
4118	2
4119	0
4120	3
4121	1
4122	5
4123	2
4124	5
4125	6
4126	0
4127	2
4128	4
4129	1
4130	1
4131	3
4132	4
4133	4
4134	3
4135	2
4136	5
4137	3
4138	5
4139	1
4140	3
4141	4
4142	3
4143	3
4144	4
4145	2
4146	3
4147	5
4148	9
4149	2
4150	1
4151	3
4152	3
4153	2
4154	2
4155	4
4156	1
4157	1
4158	4
4159	0
4160	4
4161	1
4162	2
4163	7
4164	3
4165	4
4166	5
4167	3
4168	2
4169	6
4170	2
4171	3
4172	5
4173	4
4174	3
4175	4
4176	7
4177	2
4178	3
4179	4
4180	6
4181	2
4182	3
4183	5
4184	2
4185	5
4186	5
4187	2
4188	3
4189	7
4190	4
4191	0
4192	3
4193	2
4194	1
4195	5
4196	5
4197	6
4198	7
4199	4
4200	5
4201	3
4202	3
4203	5
4204	2
4205	3
4206	1
4207	2
4208	9
4209	3
4210	2
4211	3
4212	3
4213	4
4214	1
4215	5
4216	7
4217	0
4218	4
4219	5
4220	3
4221	3
4222	1
4223	2
4224	4
4225	3
4226	4
4227	5
4228	3
4229	2
4230	4
4231	5
4232	5
4233	4
4234	3
4235	3
4236	1
4237	3
4238	3
4239	1
4240	7
4241	0
4242	3
4243	3
4244	5
4245	2
4246	4
4247	5
4248	4
4249	2
4250	3
4251	3
4252	3
4253	4
4254	7
4255	3
4256	1
4257	2
4258	3
4259	1
4260	3
4261	4
4262	3
4263	3
4264	2
4265	5
4266	9
4267	6
4268	4
4269	4
4270	2
4271	8
4272	6
4273	2
4274	4
4275	1
4276	7
4277	1
4278	4
4279	2
4280	5
4281	1
4282	4
4283	2
4284	6
4285	3
4286	3
4287	4
4288	3
4289	3
4290	2
4291	2
4292	5
4293	4
4294	5
4295	3
4296	0
4297	3
4298	8
4299	4
4300	1
4301	4
4302	3
4303	2
4304	1
4305	2
4306	4
4307	2
4308	5
4309	3
4310	1
4311	1
4312	1
4313	3
4314	8
4315	5
4316	3
4317	4
4318	2
4319	2
4320	6
4321	4
4322	4
4323	3
4324	2
4325	4
4326	8
4327	3
4328	5
4329	5
4330	4
4331	3
4332	3
4333	3
4334	0
4335	2
4336	7
4337	3
4338	5
4339	2
4340	2
4341	4
4342	4
4343	1
4344	3
4345	3
4346	4
4347	1
4348	0
4349	6
4350	3
4351	2
4352	5
4353	4
4354	5
4355	3
4356	5
4357	2
4358	1
4359	5
4360	5
4361	4
4362	5
4363	1
4364	2
4365	6
4366	4
4367	4
4368	0
4369	2
4370	4
4371	3
4372	2
4373	2
4374	2
4375	3
4376	2
4377	8
4378	2
4379	4
4380	5
4381	4
4382	2
4383	5
4384	3
4385	3
4386	1
4387	1
4388	3
4389	3
4390	1
4391	2
4392	1
4393	3
4394	4
4395	3
4396	5
4397	1
4398	4
4399	1
4400	2
4401	4
4402	11
4403	9
4404	5
4405	4
4406	2
4407	2
4408	2
4409	4
4410	0
4411	7
4412	2
4413	3
4414	5
4415	3
4416	4
4417	2
4418	2
4419	5
4420	3
4421	2
4422	2
4423	2
4424	5
4425	2
4426	6
4427	0
4428	2
4429	7
4430	6
4431	5
4432	2
4433	1
4434	4
4435	3
4436	4
4437	3
4438	3
4439	7
4440	3
4441	2
4442	4
4443	3
4444	2
4445	1
4446	2
4447	3
4448	2
4449	6
4450	3
4451	2
4452	4
4453	1
4454	5
4455	2
4456	2
4457	2
4458	0
4459	3
4460	5
4461	2
4462	3
4463	7
4464	2
4465	2
4466	4
4467	4
4468	2
4469	6
4470	2
4471	0
4472	2
4473	4
4474	2
4475	1
4476	0
4477	5
4478	3
4479	4
4480	2
4481	3
4482	2
4483	6
4484	4
4485	2
4486	1
4487	3
4488	2
4489	2
4490	2
4491	2
4492	5
4493	5
4494	5
4495	4
4496	0
4497	1
4498	1
4499	5
4500	4
4501	1
4502	1
4503	6
4504	3
4505	3
4506	4
4507	8
4508	3
4509	4
4510	3
4511	2
4512	1
4513	1
4514	5
4515	5
4516	3
4517	2
4518	2
4519	5
4520	1
4521	2
4522	4
4523	3
4524	3
4525	2
4526	3
4527	1
4528	1
4529	1
4530	7
4531	2
4532	2
4533	0
4534	1
4535	3
4536	3
4537	1
4538	2
4539	1
4540	4
4541	2
4542	2
4543	5
4544	2
4545	4
4546	0
4547	2
4548	6
4549	1
4550	4
4551	6
4552	3
4553	3
4554	1
4555	2
4556	1
4557	3
4558	3
4559	3
4560	3
4561	5
4562	2
4563	5
4564	2
4565	3
4566	0
4567	4
4568	1
4569	1
4570	2
4571	2
4572	3
4573	4
4574	4
4575	1
4576	4
4577	2
4578	3
4579	5
4580	3
4581	1
4582	3
4583	3
4584	4
4585	1
4586	4
4587	5
4588	1
4589	2
4590	4
4591	5
4592	4
4593	3
4594	4
4595	1
4596	5
4597	3
4598	4
4599	5
4600	1
4601	2
4602	1
4603	4
4604	3
4605	3
4606	5
4607	3
4608	4
4609	5
4610	6
4611	3
4612	2
4613	3
4614	2
4615	4
4616	3
4617	3
4618	1
4619	7
4620	3
4621	6
4622	4
4623	3
4624	5
4625	4
4626	4
4627	2
4628	3
4629	2
4630	5
4631	6
4632	2
4633	1
4634	4
4635	3
4636	4
4637	6
4638	1
4639	6
4640	4
4641	1
4642	3
4643	3
4644	2
4645	2
4646	2
4647	1
4648	2
4649	1
4650	3
4651	3
4652	2
4653	1
4654	4
4655	5
4656	2
4657	7
4658	2
4659	4
4660	4
4661	6
4662	2
4663	6
4664	1
4665	2
4666	3
4667	3
4668	4
4669	2
4670	6
4671	4
4672	2
4673	3
4674	1
4675	2
4676	3
4677	5
4678	4
4679	3
4680	4
4681	2
4682	1
4683	3
4684	5
4685	2
4686	3
4687	2
4688	2
4689	3
4690	2
4691	2
4692	5
4693	0
4694	2
4695	3
4696	5
4697	3
4698	2
4699	1
4700	3
4701	2
4702	4
4703	5
4704	2
4705	0
4706	2
4707	3
4708	2
4709	3
4710	5
4711	3
4712	4
4713	1
4714	3
4715	2
4716	3
4717	2
4718	0
4719	5
4720	4
4721	1
4722	3
4723	2
4724	4
4725	1
4726	2
4727	2
4728	1
4729	3
4730	2
4731	3
4732	3
4733	3
4734	2
4735	2
4736	5
4737	3
4738	3
4739	5
4740	2
4741	4
4742	2
4743	2
4744	1
4745	0
4746	2
4747	4
4748	3
4749	7
4750	3
4751	4
4752	2
4753	5
4754	3
4755	4
4756	1
4757	3
4758	1
4759	5
4760	1
4761	6
4762	4
4763	2
4764	2
4765	4
4766	4
4767	1
4768	1
4769	1
4770	5
4771	3
4772	2
4773	3
4774	1
4775	1
4776	2
4777	5
4778	4
4779	2
4780	3
4781	0
4782	1
4783	7
4784	2
4785	4
4786	2
4787	1
4788	2
4789	4
4790	6
4791	3
4792	1
4793	6
4794	6
4795	1
4796	4
4797	3
4798	2
4799	4
4800	2
4801	1
4802	6
4803	3
4804	1
4805	0
4806	2
4807	1
4808	2
4809	2
4810	1
4811	1
4812	2
4813	2
4814	5
4815	3
4816	3
4817	1
4818	2
4819	0
4820	6
4821	1
4822	3
4823	3
4824	4
4825	2
4826	4
4827	1
4828	6
4829	4
4830	1
4831	3
4832	5
4833	4
4834	1
4835	2
4836	4
4837	3
4838	1
4839	2
4840	1
4841	1
4842	1
4843	3
4844	3
4845	3
4846	3
4847	2
4848	2
4849	2
4850	3
4851	0
4852	1
4853	5
4854	7
4855	1
4856	4
4857	3
4858	3
4859	4
4860	4
4861	3
4862	2
4863	2
4864	3
4865	4
4866	3
4867	2
4868	2
4869	4
4870	2
4871	4
4872	2
4873	4
4874	4
4875	1
4876	2
4877	1
4878	3
4879	2
4880	2
4881	4
4882	7
4883	4
4884	2
4885	1
4886	3
4887	5
4888	2
4889	2
4890	4
4891	4
4892	3
4893	3
4894	4
4895	2
4896	2
4897	1
4898	5
4899	4
4900	1
4901	1
4902	3
4903	3
4904	3
4905	4
4906	1
4907	3
4908	3
4909	4
4910	4
4911	3
4912	2
4913	6
4914	6
4915	2
4916	2
4917	1
4918	2
4919	2
4920	4
4921	6
4922	2
4923	5
4924	1
4925	2
4926	4
4927	4
4928	1
4929	3
4930	1
4931	3
4932	3
4933	3
4934	7
4935	4
4936	5
4937	2
4938	1
4939	4
4940	3
4941	2
4942	1
4943	1
4944	3
4945	1
4946	4
4947	3
4948	4
4949	3
4950	1
4951	4
4952	1
4953	3
4954	0
4955	2
4956	1
4957	0
4958	2
4959	4
4960	4
4961	1
4962	4
4963	1
4964	4
4965	3
4966	1
4967	2
4968	2
4969	2
4970	1
4971	1
4972	1
4973	2
4974	4
4975	3
4976	4
4977	3
4978	1
4979	4
4980	3
4981	2
4982	1
4983	4
4984	5
4985	1
4986	3
4987	3
4988	4
4989	5
4990	2
4991	2
4992	2
4993	5
4994	2
4995	3
4996	3
4997	6
4998	2
4999	2
5000	4
5001	3
5002	5
5003	1
5004	2
5005	4
5006	1
5007	3
5008	5
5009	2
5010	2
5011	1
5012	5
5013	2
5014	4
5015	2
5016	2
5017	3
5018	4
5019	3
5020	2
5021	3
5022	9
5023	2
5024	3
5025	6
5026	1
5027	4
5028	2
5029	0
5030	2
5031	2
5032	1
5033	1
5034	2
5035	2
5036	2
5037	2
5038	1
5039	1
5040	2
5041	2
5042	3
5043	5
5044	0
5045	4
5046	2
5047	8
5048	1
5049	3
5050	2
5051	2
5052	5
5053	4
5054	3
5055	5
5056	2
5057	3
5058	5
5059	2
5060	6
5061	2
5062	3
5063	5
5064	4
5065	0
5066	2
5067	0
5068	4
5069	4
5070	5
5071	1
5072	2
5073	3
5074	4
5075	1
5076	3
5077	0
5078	1
5079	0
5080	2
5081	3
5082	3
5083	5
5084	4
5085	1
5086	1
5087	2
5088	1
5089	0
5090	3
5091	1
5092	1
5093	6
5094	1
5095	4
5096	3
5097	6
5098	2
5099	0
5100	2
5101	7
5102	5
5103	4
5104	2
5105	6
5106	4
5107	0
5108	3
5109	4
5110	2
5111	2
5112	3
5113	5
5114	2
5115	4
5116	1
5117	2
5118	3
5119	1
5120	5
5121	1
5122	4
5123	4
5124	3
5125	6
5126	1
5127	6
5128	6
5129	3
5130	2
5131	1
5132	0
5133	3
5134	1
5135	2
5136	0
5137	1
5138	2
5139	1
5140	6
5141	2
5142	3
5143	8
5144	1
5145	2
5146	1
5147	3
5148	2
5149	8
5150	4
5151	4
5152	3
5153	0
5154	2
5155	0
5156	3
5157	1
5158	0
5159	2
5160	2
5161	1
5162	2
5163	2
5164	3
5165	1
5166	3
5167	0
5168	1
5169	3
5170	2
5171	3
5172	2
5173	0
5174	2
5175	4
5176	6
5177	1
5178	0
5179	5
5180	0
5181	2
5182	5
5183	3
5184	2
5185	6
5186	1
5187	3
5188	5
5189	1
5190	0
5191	1
5192	1
5193	1
5194	2
5195	0
5196	2
5197	5
5198	1
5199	1
5200	4
5201	3
5202	2
5203	3
5204	3
5205	2
5206	1
5207	3
5208	3
5209	2
5210	4
5211	0
5212	1
5213	3
5214	1
5215	1
5216	2
5217	0
5218	4
5219	4
5220	4
5221	4
5222	2
5223	4
5224	2
5225	1
5226	2
5227	2
5228	3
5229	2
5230	2
5231	1
5232	3
5233	0
5234	3
5235	2
5236	1
5237	6
5238	1
5239	2
5240	3
5241	3
5242	2
5243	1
5244	1
5245	1
5246	1
5247	1
5248	6
5249	5
5250	3
5251	1
5252	0
5253	3
5254	5
5255	3
5256	2
5257	3
5258	2
5259	0
5260	1
5261	3
5262	0
5263	7
5264	2
5265	1
5266	3
5267	5
5268	1
5269	1
5270	6
5271	3
5272	6
5273	1
5274	3
5275	0
5276	4
5277	5
5278	4
5279	2
5280	5
5281	1
5282	2
5283	2
5284	3
5285	2
5286	5
5287	5
5288	3
5289	0
5290	3
5291	3
5292	2
5293	5
5294	1
5295	1
5296	1
5297	1
5298	6
5299	2
5300	4
5301	3
5302	3
5303	2
5304	2
5305	1
5306	4
5307	3
5308	1
5309	3
5310	3
5311	2
5312	1
5313	3
5314	2
5315	3
5316	4
5317	4
5318	2
5319	2
5320	2
5321	2
5322	3
5323	2
5324	3
5325	3
5326	5
5327	4
5328	1
5329	2
5330	2
5331	3
5332	3
5333	0
5334	0
5335	3
5336	4
5337	3
5338	4
5339	3
5340	2
5341	0
5342	3
5343	3
5344	2
5345	3
5346	6
5347	3
5348	1
5349	1
5350	2
5351	2
5352	3
5353	2
5354	4
5355	1
5356	5
5357	2
5358	4
5359	5
5360	5
5361	3
5362	1
5363	1
5364	1
5365	3
5366	0
5367	2
5368	2
5369	2
5370	2
5371	3
5372	2
5373	0
5374	1
5375	3
5376	1
5377	5
5378	3
5379	0
5380	2
5381	1
5382	1
5383	4
5384	2
5385	3
5386	1
5387	4
5388	2
5389	3
5390	0
5391	1
5392	2
5393	1
5394	1
5395	2
5396	0
5397	3
5398	2
5399	1
5400	3
5401	3
5402	3
5403	3
5404	2
5405	3
5406	1
5407	2
5408	5
5409	4
5410	2
5411	4
5412	3
5413	1
5414	0
5415	5
5416	0
5417	3
5418	2
5419	1
5420	6
5421	3
5422	0
5423	2
5424	1
5425	3
5426	4
5427	6
5428	2
5429	1
5430	2
5431	3
5432	3
5433	2
5434	2
5435	3
5436	2
5437	3
5438	2
5439	4
5440	3
5441	1
5442	4
5443	0
5444	1
5445	1
5446	4
5447	5
5448	2
5449	3
5450	4
5451	1
5452	2
5453	0
5454	0
5455	3
5456	4
5457	4
5458	2
5459	2
5460	3
5461	4
5462	2
5463	4
5464	1
5465	2
5466	3
5467	2
5468	6
5469	1
5470	3
5471	4
5472	0
5473	8
5474	1
5475	2
5476	1
5477	1
5478	0
5479	4
5480	2
5481	1
5482	2
5483	2
5484	0
5485	0
5486	2
5487	0
5488	3
5489	1
5490	1
5491	5
5492	3
5493	6
5494	1
5495	3
5496	1
5497	3
5498	0
5499	6
5500	2
5501	3
5502	4
5503	3
5504	2
5505	2
5506	4
5507	5
5508	5
5509	1
5510	2
5511	4
5512	2
5513	1
5514	3
5515	2
5516	1
5517	1
5518	2
5519	5
5520	1
5521	3
5522	0
5523	2
5524	2
5525	2
5526	1
5527	0
5528	4
5529	2
5530	3
5531	2
5532	4
5533	0
5534	0
5535	6
5536	2
5537	3
5538	4
5539	1
5540	2
5541	5
5542	1
5543	2
5544	2
5545	1
5546	2
5547	4
5548	2
5549	3
5550	5
5551	3
5552	2
5553	1
5554	2
5555	2
5556	5
5557	4
5558	4
5559	0
5560	1
5561	2
5562	4
5563	1
5564	5
5565	1
5566	5
5567	1
5568	4
5569	2
5570	0
5571	2
5572	1
5573	1
5574	2
5575	2
5576	2
5577	3
5578	3
5579	1
5580	1
5581	3
5582	5
5583	1
5584	2
5585	1
5586	2
5587	1
5588	0
5589	1
5590	4
5591	3
5592	5
5593	4
5594	3
5595	2
5596	1
5597	1
5598	0
5599	1
5600	2
5601	1
5602	3
5603	3
5604	0
5605	2
5606	3
5607	3
5608	0
5609	6
5610	1
5611	3
5612	2
5613	0
5614	2
5615	4
5616	6
5617	5
5618	1
5619	1
5620	4
5621	0
5622	3
5623	2
5624	4
5625	3
5626	5
5627	2
5628	2
5629	4
5630	3
5631	3
5632	0
5633	4
5634	4
5635	2
5636	1
5637	3
5638	2
5639	3
5640	2
5641	2
5642	4
5643	1
5644	2
5645	3
5646	0
5647	0
5648	1
5649	2
5650	4
5651	1
5652	3
5653	1
5654	3
5655	1
5656	2
5657	3
5658	1
5659	1
5660	3
5661	0
5662	4
5663	2
5664	1
5665	3
5666	2
5667	0
5668	1
5669	3
5670	1
5671	1
5672	3
5673	2
5674	1
5675	2
5676	1
5677	3
5678	1
5679	4
5680	4
5681	3
5682	1
5683	2
5684	2
5685	1
5686	3
5687	3
5688	3
5689	2
5690	3
5691	1
5692	1
5693	1
5694	1
5695	0
5696	3
5697	1
5698	0
5699	3
5700	4
5701	1
5702	0
5703	2
5704	2
5705	4
5706	1
5707	2
5708	2
5709	2
5710	2
5711	2
5712	4
5713	0
5714	4
5715	4
5716	0
5717	0
5718	2
5719	4
5720	1
5721	1
5722	2
5723	0
5724	2
5725	0
5726	1
5727	2
5728	8
5729	2
5730	2
5731	4
5732	1
5733	1
5734	1
5735	1
5736	2
5737	2
5738	3
5739	2
5740	0
5741	4
5742	1
5743	4
5744	3
5745	2
5746	5
5747	1
5748	3
5749	3
5750	4
5751	4
5752	3
5753	2
5754	0
5755	0
5756	1
5757	1
5758	1
5759	0
5760	5
5761	5
5762	2
5763	4
5764	0
5765	1
5766	4
5767	1
5768	1
5769	1
5770	1
5771	2
5772	2
5773	0
5774	3
5775	3
5776	2
5777	1
5778	1
5779	2
5780	2
5781	2
5782	1
5783	1
5784	5
5785	0
5786	6
5787	0
5788	1
5789	5
5790	1
5791	3
5792	1
5793	3
5794	2
5795	1
5796	0
5797	2
5798	3
5799	4
5800	0
5801	1
5802	2
5803	2
5804	2
5805	2
5806	2
5807	2
5808	2
5809	4
5810	3
5811	2
5812	1
5813	0
5814	1
5815	1
5816	2
5817	2
5818	2
5819	3
5820	3
5821	1
5822	0
5823	3
5824	0
5825	1
5826	5
5827	1
5828	0
5829	3
5830	2
5831	1
5832	2
5833	1
5834	0
5835	1
5836	1
5837	3
5838	1
5839	3
5840	1
5841	2
5842	1
5843	0
5844	1
5845	3
5846	2
5847	1
5848	3
5849	2
5850	1
5851	1
5852	2
5853	3
5854	1
5855	4
5856	0
5857	1
5858	2
5859	5
5860	1
5861	2
5862	4
5863	1
5864	1
5865	4
5866	1
5867	0
5868	1
5869	1
5870	1
5871	1
5872	1
5873	1
5874	2
5875	3
5876	1
5877	2
5878	0
5879	2
5880	2
5881	4
5882	1
5883	3
5884	5
5885	0
5886	2
5887	2
5888	2
5889	2
5890	5
5891	2
5892	5
5893	4
5894	3
5895	3
5896	0
5897	4
5898	2
5899	2
5900	5
5901	3
5902	2
5903	0
5904	4
5905	2
5906	3
5907	2
5908	1
5909	3
5910	2
5911	3
5912	0
5913	3
5914	3
5915	4
5916	4
5917	1
5918	2
5919	1
5920	1
5921	1
5922	4
5923	0
5924	4
5925	3
5926	0
5927	2
5928	1
5929	1
5930	4
5931	2
5932	1
5933	2
5934	3
5935	2
5936	2
5937	3
5938	6
5939	3
5940	3
5941	4
5942	2
5943	1
5944	2
5945	2
5946	2
5947	3
5948	1
5949	0
5950	3
5951	5
5952	5
5953	1
5954	2
5955	2
5956	2
5957	4
5958	3
5959	1
5960	2
5961	3
5962	4
5963	2
5964	4
5965	0
5966	1
5967	4
5968	2
5969	0
5970	3
5971	0
5972	3
5973	1
5974	0
5975	3
5976	0
5977	0
5978	1
5979	3
5980	2
5981	3
5982	4
5983	1
5984	0
5985	1
5986	5
5987	4
5988	2
5989	1
5990	6
5991	2
5992	3
5993	2
5994	6
5995	2
5996	3
5997	2
5998	2
5999	3
6000	2
6001	0
6002	3
6003	1
6004	2
6005	2
6006	2
6007	2
6008	0
6009	4
6010	2
6011	2
6012	5
6013	0
6014	2
6015	0
6016	2
6017	0
6018	3
6019	2
6020	2
6021	3
6022	2
6023	3
6024	0
6025	3
6026	3
6027	2
6028	1
6029	2
6030	1
6031	3
6032	3
6033	1
6034	1
6035	7
6036	2
6037	2
6038	6
6039	4
6040	3
6041	0
6042	1
6043	2
6044	0
6045	1
6046	4
6047	1
6048	2
6049	2
6050	0
6051	1
6052	1
6053	2
6054	2
6055	3
6056	1
6057	3
6058	2
6059	2
6060	1
6061	2
6062	4
6063	0
6064	3
6065	0
6066	0
6067	3
6068	1
6069	4
6070	1
6071	2
6072	4
6073	3
6074	2
6075	2
6076	0
6077	2
6078	1
6079	1
6080	4
6081	3
6082	0
6083	1
6084	3
6085	2
6086	3
6087	1
6088	2
6089	4
6090	3
6091	1
6092	3
6093	0
6094	2
6095	2
6096	2
6097	2
6098	4
6099	2
6100	1
6101	2
6102	6
6103	3
6104	1
6105	3
6106	1
6107	4
6108	2
6109	1
6110	3
6111	2
6112	2
6113	2
6114	2
6115	3
6116	2
6117	0
6118	1
6119	2
6120	2
6121	2
6122	3
6123	1
6124	3
6125	0
6126	2
6127	3
6128	1
6129	2
6130	3
6131	4
6132	4
6133	0
6134	1
6135	0
6136	3
6137	1
6138	2
6139	3
6140	6
6141	3
6142	0
6143	2
6144	2
6145	1
6146	1
6147	5
6148	0
6149	3
6150	1
6151	1
6152	2
6153	0
6154	0
6155	3
6156	2
6157	5
6158	2
6159	3
6160	3
6161	4
6162	0
6163	0
6164	4
6165	2
6166	1
6167	1
6168	2
6169	0
6170	1
6171	1
6172	3
6173	2
6174	1
6175	1
6176	2
6177	1
6178	2
6179	4
6180	5
6181	4
6182	1
6183	0
6184	3
6185	0
6186	3
6187	3
6188	1
6189	4
6190	1
6191	2
6192	3
6193	3
6194	2
6195	1
6196	2
6197	1
6198	2
6199	1
6200	2
6201	1
6202	4
6203	2
6204	3
6205	3
6206	2
6207	0
6208	1
6209	1
6210	1
6211	0
6212	3
6213	1
6214	1
6215	0
6216	1
6217	1
6218	2
6219	1
6220	4
6221	0
6222	2
6223	2
6224	3
6225	2
6226	1
6227	1
6228	2
6229	2
6230	2
6231	2
6232	0
6233	1
6234	3
6235	2
6236	1
6237	2
6238	1
6239	0
6240	5
6241	3
6242	1
6243	0
6244	5
6245	2
6246	5
6247	6
6248	3
6249	0
6250	3
6251	1
6252	2
6253	2
6254	0
6255	0
6256	3
6257	1
6258	4
6259	2
6260	1
6261	1
6262	3
6263	3
6264	4
6265	4
6266	3
6267	2
6268	2
6269	1
6270	1
6271	3
6272	2
6273	1
6274	3
6275	3
6276	3
6277	1
6278	4
6279	4
6280	2
6281	2
6282	2
6283	3
6284	3
6285	3
6286	3
6287	1
6288	5
6289	3
6290	1
6291	2
6292	1
6293	1
6294	3
6295	4
6296	1
6297	7
6298	2
6299	3
6300	1
6301	2
6302	5
6303	3
6304	2
6305	0
6306	1
6307	2
6308	4
6309	2
6310	2
6311	3
6312	2
6313	0
6314	1
6315	0
6316	2
6317	1
6318	2
6319	1
6320	1
6321	4
6322	1
6323	4
6324	0
6325	2
6326	2
6327	2
6328	2
6329	1
6330	2
6331	1
6332	2
6333	3
6334	1
6335	1
6336	2
6337	3
6338	5
6339	2
6340	1
6341	3
6342	1
6343	1
6344	4
6345	0
6346	3
6347	3
6348	4
6349	2
6350	4
6351	3
6352	1
6353	3
6354	0
6355	0
6356	2
6357	3
6358	2
6359	1
6360	4
6361	2
6362	1
6363	2
6364	3
6365	0
6366	3
6367	1
6368	1
6369	6
6370	3
6371	1
6372	1
6373	2
6374	2
6375	1
6376	2
6377	1
6378	3
6379	1
6380	0
6381	2
6382	4
6383	1
6384	3
6385	3
6386	2
6387	1
6388	0
6389	2
6390	2
6391	2
6392	1
6393	0
6394	5
6395	0
6396	3
6397	4
6398	3
6399	1
6400	0
6401	1
6402	1
6403	1
6404	3
6405	1
6406	1
6407	2
6408	1
6409	4
6410	3
6411	4
6412	1
6413	2
6414	5
6415	3
6416	1
6417	1
6418	5
6419	3
6420	1
6421	3
6422	2
6423	1
6424	1
6425	1
6426	1
6427	2
6428	2
6429	3
6430	2
6431	4
6432	3
6433	3
6434	5
6435	1
6436	1
6437	1
6438	1
6439	2
6440	1
6441	3
6442	1
6443	1
6444	1
6445	1
6446	1
6447	1
6448	0
6449	2
6450	2
6451	0
6452	3
6453	1
6454	0
6455	2
6456	5
6457	1
6458	2
6459	0
6460	5
6461	2
6462	2
6463	1
6464	4
6465	1
6466	2
6467	2
6468	1
6469	2
6470	1
6471	0
6472	1
6473	0
6474	7
6475	1
6476	3
6477	2
6478	2
6479	0
6480	1
6481	2
6482	2
6483	0
6484	3
6485	3
6486	2
6487	1
6488	2
6489	1
6490	2
6491	4
6492	2
6493	1
6494	2
6495	2
6496	4
6497	2
6498	0
6499	0
6500	2
6501	2
6502	3
6503	1
6504	1
6505	2
6506	9
6507	3
6508	3
6509	3
6510	3
6511	3
6512	4
6513	5
6514	2
6515	2
6516	4
6517	2
6518	4
6519	2
6520	0
6521	3
6522	0
6523	5
6524	2
6525	1
6526	3
6527	2
6528	1
6529	1
6530	4
6531	5
6532	3
6533	3
6534	2
6535	0
6536	3
6537	4
6538	5
6539	3
6540	4
6541	3
6542	3
6543	0
6544	3
6545	1
6546	3
6547	1
6548	0
6549	1
6550	2
6551	3
6552	4
6553	1
6554	2
6555	5
6556	1
6557	1
6558	3
6559	4
6560	0
6561	4
6562	4
6563	1
6564	0
6565	4
6566	4
6567	4
6568	3
6569	1
6570	4
6571	1
6572	2
6573	2
6574	2
6575	2
6576	0
6577	0
6578	1
6579	2
6580	2
6581	1
6582	0
6583	4
6584	1
6585	7
6586	0
6587	4
6588	1
6589	4
6590	2
6591	1
6592	3
6593	4
6594	1
6595	1
6596	0
6597	3
6598	0
6599	3
6600	4
6601	0
6602	1
6603	2
6604	3
6605	1
6606	0
6607	5
6608	1
6609	2
6610	3
6611	2
6612	1
6613	3
6614	1
6615	2
6616	3
6617	1
6618	2
6619	4
6620	2
6621	2
6622	0
6623	4
6624	1
6625	3
6626	1
6627	3
6628	2
6629	4
6630	0
6631	4
6632	3
6633	1
6634	0
6635	0
6636	1
6637	4
6638	2
6639	2
6640	2
6641	3
6642	2
6643	4
6644	1
6645	2
6646	2
6647	2
6648	2
6649	3
6650	2
6651	2
6652	4
6653	3
6654	1
6655	2
6656	2
6657	1
6658	2
6659	0
6660	2
6661	1
6662	3
6663	2
6664	2
6665	2
6666	2
6667	4
6668	2
6669	0
6670	3
6671	0
6672	0
6673	4
6674	0
6675	2
6676	1
6677	4
6678	4
6679	2
6680	2
6681	1
6682	0
6683	5
6684	2
6685	3
6686	1
6687	3
6688	0
6689	1
6690	2
6691	0
6692	4
6693	1
6694	1
6695	3
6696	3
6697	3
6698	3
6699	2
6700	2
6701	2
6702	2
6703	1
6704	2
6705	1
6706	4
6707	2
6708	0
6709	4
6710	0
6711	3
6712	1
6713	2
6714	1
6715	2
6716	3
6717	0
6718	2
6719	3
6720	2
6721	1
6722	3
6723	3
6724	2
6725	3
6726	1
6727	1
6728	0
6729	0
6730	2
6731	2
6732	1
6733	1
6734	1
6735	0
6736	2
6737	1
6738	3
6739	3
6740	3
6741	2
6742	3
6743	1
6744	1
6745	2
6746	2
6747	2
6748	2
6749	6
6750	0
6751	0
6752	3
6753	1
6754	5
6755	4
6756	2
6757	2
6758	1
6759	0
6760	1
6761	3
6762	3
6763	1
6764	1
6765	1
6766	1
6767	2
6768	2
6769	3
6770	0
6771	2
6772	1
6773	3
6774	2
6775	3
6776	3
6777	1
6778	0
6779	0
6780	1
6781	1
6782	1
6783	4
6784	2
6785	2
6786	5
6787	2
6788	1
6789	0
6790	2
6791	3
6792	3
6793	2
6794	6
6795	3
6796	1
6797	3
6798	2
6799	1
6800	3
6801	2
6802	2
6803	2
6804	1
6805	1
6806	3
6807	1
6808	4
6809	1
6810	3
6811	3
6812	2
6813	4
6814	3
6815	4
6816	1
6817	0
6818	2
6819	1
6820	2
6821	1
6822	1
6823	2
6824	2
6825	5
6826	1
6827	0
6828	2
6829	1
6830	0
6831	3
6832	0
6833	2
6834	3
6835	2
6836	1
6837	0
6838	1
6839	1
6840	2
6841	0
6842	1
6843	1
6844	3
6845	1
6846	3
6847	2
6848	0
6849	1
6850	3
6851	2
6852	2
6853	1
6854	0
6855	1
6856	3
6857	2
6858	1
6859	4
6860	2
6861	1
6862	2
6863	1
6864	2
6865	4
6866	1
6867	0
6868	2
6869	4
6870	2
6871	2
6872	1
6873	1
6874	0
6875	5
6876	3
6877	3
6878	1
6879	2
6880	3
6881	1
6882	1
6883	4
6884	4
6885	1
6886	5
6887	1
6888	4
6889	1
6890	1
6891	5
6892	2
6893	1
6894	2
6895	0
6896	1
6897	4
6898	2
6899	1
6900	2
6901	2
6902	2
6903	1
6904	8
6905	0
6906	3
6907	1
6908	1
6909	5
6910	2
6911	2
6912	3
6913	1
6914	1
6915	1
6916	0
6917	0
6918	0
6919	4
6920	2
6921	1
6922	2
6923	0
6924	1
6925	1
6926	3
6927	1
6928	2
6929	3
6930	2
6931	2
6932	2
6933	4
6934	2
6935	2
6936	3
6937	1
6938	1
6939	3
6940	1
6941	3
6942	1
6943	1
6944	1
6945	0
6946	1
6947	1
6948	1
6949	3
6950	1
6951	2
6952	0
6953	0
6954	2
6955	0
6956	2
6957	2
6958	1
6959	3
6960	3
6961	3
6962	4
6963	1
6964	0
6965	3
6966	1
6967	3
6968	1
6969	0
6970	0
6971	1
6972	4
6973	2
6974	7
6975	1
6976	4
6977	2
6978	3
6979	1
6980	0
6981	0
6982	2
6983	2
6984	2
6985	2
6986	3
6987	0
6988	2
6989	1
6990	1
6991	0
6992	3
6993	3
6994	3
6995	3
6996	2
6997	4
6998	4
6999	2
7000	2
7001	2
7002	1
7003	2
7004	2
7005	2
7006	3
7007	2
7008	3
7009	3
7010	2
7011	4
7012	2
7013	3
7014	2
7015	2
7016	2
7017	1
7018	2
7019	0
7020	4
7021	1
7022	3
7023	4
7024	0
7025	1
7026	1
7027	1
7028	1
7029	2
7030	1
7031	2
7032	3
7033	2
7034	1
7035	1
7036	1
7037	0
7038	2
7039	2
7040	3
7041	0
7042	2
7043	2
7044	2
7045	2
7046	1
7047	3
7048	5
7049	0
7050	6
7051	4
7052	1
7053	1
7054	2
7055	3
7056	0
7057	2
7058	0
7059	0
7060	1
7061	2
7062	1
7063	3
7064	2
7065	5
7066	1
7067	3
7068	2
7069	2
7070	2
7071	3
7072	3
7073	3
7074	2
7075	0
7076	3
7077	4
7078	2
7079	1
7080	3
7081	1
7082	2
7083	0
7084	2
7085	3
7086	0
7087	1
7088	5
7089	0
7090	2
7091	2
7092	2
7093	1
7094	0
7095	1
7096	0
7097	1
7098	2
7099	0
7100	2
7101	0
7102	1
7103	1
7104	1
7105	4
7106	3
7107	2
7108	1
7109	1
7110	0
7111	6
7112	3
7113	5
7114	0
7115	3
7116	0
7117	7
7118	2
7119	1
7120	2
7121	2
7122	2
7123	1
7124	1
7125	4
7126	4
7127	1
7128	1
7129	3
7130	2
7131	4
7132	3
7133	1
7134	1
7135	0
7136	4
7137	1
7138	5
7139	2
7140	2
7141	1
7142	1
7143	2
7144	2
7145	3
7146	1
7147	1
7148	1
7149	3
7150	1
7151	0
7152	4
7153	1
7154	2
7155	0
7156	2
7157	0
7158	6
7159	3
7160	5
7161	4
7162	1
7163	2
7164	2
7165	2
7166	2
7167	1
7168	0
7169	1
7170	2
7171	4
7172	0
7173	3
7174	2
7175	1
7176	0
7177	1
7178	0
7179	0
7180	1
7181	1
7182	1
7183	4
7184	2
7185	2
7186	5
7187	1
7188	2
7189	0
7190	1
7191	4
7192	3
7193	1
7194	0
7195	1
7196	3
7197	0
7198	1
7199	0
7200	3
7201	3
7202	3
7203	1
7204	2
7205	4
7206	4
7207	2
7208	2
7209	1
7210	2
7211	2
7212	2
7213	0
7214	0
7215	1
7216	1
7217	0
7218	2
7219	2
7220	2
7221	3
7222	0
7223	1
7224	1
7225	1
7226	3
7227	0
7228	4
7229	2
7230	2
7231	0
7232	2
7233	3
7234	2
7235	3
7236	1
7237	1
7238	1
7239	1
7240	2
7241	3
7242	2
7243	1
7244	1
7245	1
7246	1
7247	4
7248	7
7249	0
7250	0
7251	2
7252	3
7253	1
7254	3
7255	1
7256	3
7257	5
7258	2
7259	3
7260	0
7261	3
7262	2
7263	2
7264	3
7265	2
7266	3
7267	2
7268	3
7269	4
7270	0
7271	0
7272	2
7273	0
7274	4
7275	2
7276	0
7277	2
7278	3
7279	0
7280	3
7281	2
7282	3
7283	2
7284	3
7285	1
7286	0
7287	0
7288	2
7289	1
7290	2
7291	2
7292	3
7293	0
7294	1
7295	1
7296	1
7297	1
7298	3
7299	3
7300	0
7301	4
7302	1
7303	1
7304	4
7305	2
7306	0
7307	1
7308	2
7309	3
7310	2
7311	0
7312	0
7313	0
7314	1
7315	2
7316	3
7317	4
7318	3
7319	2
7320	1
7321	0
7322	2
7323	1
7324	4
7325	3
7326	3
7327	1
7328	1
7329	6
7330	0
7331	2
7332	2
7333	1
7334	2
7335	2
7336	0
7337	1
7338	3
7339	1
7340	0
7341	2
7342	3
7343	1
7344	1
7345	1
7346	0
7347	3
7348	2
7349	4
7350	0
7351	2
7352	1
7353	1
7354	4
7355	0
7356	3
7357	1
7358	1
7359	1
7360	1
7361	2
7362	0
7363	3
7364	4
7365	2
7366	3
7367	2
7368	2
7369	2
7370	2
7371	3
7372	5
7373	0
7374	2
7375	2
7376	1
7377	2
7378	3
7379	1
7380	1
7381	3
7382	0
7383	0
7384	2
7385	1
7386	1
7387	3
7388	3
7389	1
7390	5
7391	3
7392	4
7393	1
7394	4
7395	0
7396	2
7397	2
7398	2
7399	2
7400	1
7401	4
7402	0
7403	0
7404	0
7405	1
7406	3
7407	1
7408	1
7409	0
7410	5
7411	2
7412	0
7413	0
7414	0
7415	2
7416	2
7417	0
7418	4
7419	0
7420	2
7421	0
7422	4
7423	2
7424	1
7425	1
7426	4
7427	2
7428	0
7429	1
7430	0
7431	2
7432	2
7433	1
7434	1
7435	2
7436	0
7437	4
7438	2
7439	2
7440	1
7441	2
7442	2
7443	0
7444	1
7445	3
7446	2
7447	1
7448	4
7449	2
7450	4
7451	2
7452	2
7453	0
7454	4
7455	1
7456	3
7457	2
7458	0
7459	0
7460	2
7461	1
7462	0
7463	1
7464	0
7465	1
7466	2
7467	1
7468	2
7469	2
7470	0
7471	1
7472	1
7473	2
7474	2
7475	3
7476	4
7477	1
7478	4
7479	2
7480	1
7481	2
7482	2
7483	0
7484	2
7485	1
7486	3
7487	3
7488	2
7489	2
7490	1
7491	1
7492	1
7493	2
7494	2
7495	3
7496	5
7497	2
7498	3
7499	3
7500	2
7501	2
7502	3
7503	4
7504	2
7505	3
7506	2
7507	3
7508	0
7509	3
7510	1
7511	3
7512	3
7513	3
7514	1
7515	0
7516	1
7517	0
7518	0
7519	5
7520	3
7521	2
7522	2
7523	2
7524	3
7525	2
7526	0
7527	3
7528	1
7529	1
7530	2
7531	0
7532	1
7533	1
7534	2
7535	1
7536	3
7537	0
7538	1
7539	1
7540	0
7541	0
7542	2
7543	1
7544	1
7545	3
7546	3
7547	2
7548	1
7549	3
7550	1
7551	1
7552	2
7553	3
7554	4
7555	2
7556	2
7557	1
7558	1
7559	2
7560	2
7561	4
7562	0
7563	0
7564	1
7565	2
7566	5
7567	2
7568	6
7569	3
7570	1
7571	2
7572	0
7573	2
7574	1
7575	1
7576	2
7577	3
7578	0
7579	1
7580	0
7581	1
7582	0
7583	0
7584	0
7585	4
7586	2
7587	1
7588	0
7589	1
7590	1
7591	0
7592	2
7593	1
7594	1
7595	1
7596	1
7597	3
7598	0
7599	2
7600	4
7601	3
7602	0
7603	3
7604	1
7605	2
7606	2
7607	1
7608	3
7609	3
7610	2
7611	4
7612	0
7613	1
7614	4
7615	2
7616	3
7617	2
7618	2
7619	2
7620	3
7621	1
7622	0
7623	5
7624	1
7625	1
7626	1
7627	4
7628	2
7629	1
7630	1
7631	0
7632	1
7633	1
7634	1
7635	1
7636	0
7637	1
7638	0
7639	1
7640	1
7641	3
7642	2
7643	3
7644	2
7645	2
7646	2
7647	1
7648	2
7649	1
7650	3
7651	4
7652	0
7653	0
7654	1
7655	1
7656	2
7657	0
7658	2
7659	2
7660	1
7661	2
7662	5
7663	0
7664	2
7665	2
7666	1
7667	1
7668	2
7669	1
7670	0
7671	1
7672	2
7673	1
7674	0
7675	1
7676	4
7677	1
7678	0
7679	4
7680	2
7681	2
7682	0
7683	2
7684	1
7685	0
7686	0
7687	5
7688	0
7689	2
7690	2
7691	2
7692	0
7693	3
7694	3
7695	4
7696	3
7697	1
7698	2
7699	0
7700	0
7701	2
7702	1
7703	0
7704	0
7705	1
7706	2
7707	1
7708	1
7709	1
7710	0
7711	4
7712	1
7713	2
7714	1
7715	3
7716	0
7717	2
7718	3
7719	1
7720	1
7721	1
7722	1
7723	4
7724	2
7725	2
7726	1
7727	3
7728	2
7729	0
7730	2
7731	2
7732	2
7733	3
7734	2
7735	1
7736	4
7737	4
7738	0
7739	0
7740	2
7741	2
7742	2
7743	1
7744	3
7745	0
7746	2
7747	0
7748	2
7749	1
7750	3
7751	2
7752	2
7753	1
7754	1
7755	1
7756	0
7757	2
7758	2
7759	2
7760	2
7761	0
7762	3
7763	0
7764	2
7765	2
7766	2
7767	1
7768	1
7769	0
7770	2
7771	1
7772	2
7773	2
7774	1
7775	4
7776	1
7777	3
7778	2
7779	2
7780	4
7781	3
7782	2
7783	1
7784	0
7785	1
7786	1
7787	0
7788	0
7789	2
7790	2
7791	2
7792	0
7793	0
7794	4
7795	1
7796	1
7797	4
7798	1
7799	3
7800	1
7801	2
7802	1
7803	2
7804	1
7805	1
7806	2
7807	1
7808	1
7809	2
7810	2
7811	3
7812	2
7813	1
7814	1
7815	4
7816	3
7817	4
7818	3
7819	6
7820	2
7821	0
7822	3
7823	3
7824	0
7825	3
7826	0
7827	0
7828	0
7829	0
7830	2
7831	0
7832	2
7833	2
7834	0
7835	2
7836	0
7837	0
7838	2
7839	3
7840	2
7841	0
7842	0
7843	0
7844	0
7845	2
7846	1
7847	2
7848	0
7849	4
7850	0
7851	2
7852	0
7853	1
7854	2
7855	0
7856	1
7857	4
7858	1
7859	3
7860	5
7861	0
7862	1
7863	3
7864	2
7865	1
7866	4
7867	2
7868	2
7869	0
7870	1
7871	1
7872	3
7873	1
7874	2
7875	1
7876	2
7877	3
7878	1
7879	0
7880	0
7881	1
7882	0
7883	1
7884	1
7885	1
7886	0
7887	2
7888	2
7889	3
7890	2
7891	2
7892	1
7893	0
7894	2
7895	1
7896	0
7897	1
7898	0
7899	0
7900	1
7901	3
7902	3
7903	0
7904	1
7905	0
7906	0
7907	2
7908	2
7909	2
7910	0
7911	2
7912	4
7913	4
7914	3
7915	3
7916	1
7917	1
7918	0
7919	1
7920	3
7921	0
7922	4
7923	3
7924	3
7925	0
7926	1
7927	2
7928	5
7929	1
7930	3
7931	5
7932	1
7933	0
7934	2
7935	0
7936	3
7937	2
7938	4
7939	1
7940	0
7941	4
7942	2
7943	1
7944	0
7945	1
7946	2
7947	0
7948	2
7949	3
7950	2
7951	1
7952	0
7953	2
7954	0
7955	1
7956	1
7957	0
7958	2
7959	0
7960	1
7961	2
7962	2
7963	3
7964	2
7965	0
7966	3
7967	1
7968	5
7969	1
7970	0
7971	1
7972	0
7973	1
7974	3
7975	1
7976	2
7977	2
7978	1
7979	2
7980	1
7981	1
7982	2
7983	2
7984	0
7985	1
7986	3
7987	2
7988	1
7989	2
7990	2
7991	1
7992	2
7993	0
7994	1
7995	1
7996	1
7997	1
7998	2
7999	1
8000	2
8001	1
8002	3
8003	4
8004	4
8005	0
8006	3
8007	1
8008	1
8009	5
8010	3
8011	0
8012	1
8013	3
8014	0
8015	3
8016	2
8017	0
8018	3
8019	1
8020	0
8021	3
8022	2
8023	3
8024	0
8025	2
8026	1
8027	4
8028	3
8029	2
8030	0
8031	2
8032	0
8033	2
8034	3
8035	2
8036	6
8037	1
8038	3
8039	2
8040	0
8041	3
8042	1
8043	2
8044	0
8045	0
8046	2
8047	2
8048	0
8049	1
8050	2
8051	1
8052	1
8053	1
8054	3
8055	5
8056	1
8057	1
8058	0
8059	1
8060	3
8061	1
8062	2
8063	3
8064	0
8065	0
8066	0
8067	0
8068	0
8069	0
8070	0
8071	0
8072	0
8073	0
8074	0
8075	0
8076	0
8077	0
8078	0
8079	0
8080	0
8081	0
8082	0
8083	0
8084	0
8085	0
8086	0
8087	0
8088	0
8089	0
8090	0
8091	0
8092	0
8093	0
8094	0
8095	0
8096	0
8097	0
8098	0
8099	0
8100	0
8101	0
8102	0
8103	0
8104	0
8105	0
8106	0
8107	0
8108	0
8109	0
8110	0
8111	0
8112	0
8113	0
8114	0
8115	0
8116	0
8117	0
8118	0
8119	0
8120	0
8121	0
8122	0
8123	0
8124	0
8125	0
8126	0
8127	0
8128	0
8129	0
8130	0
8131	0
8132	0
8133	0
8134	0
8135	0
8136	0
8137	0
8138	0
8139	0
8140	0
8141	0
8142	0
8143	0
8144	0
8145	0
8146	0
8147	0
8148	0
8149	0
8150	0
8151	0
8152	0
8153	0
8154	0
8155	0
8156	0
8157	0
8158	0
8159	0
8160	0
8161	0
8162	0
8163	0
8164	0
8165	0
8166	0
8167	0
8168	0
8169	0
8170	0
8171	0
8172	0
8173	0
8174	0
8175	0
8176	0
8177	0
8178	0
8179	0
8180	0
8181	0
8182	0
8183	0
8184	0
8185	0
8186	0
8187	0
8188	0
8189	0
8190	0
8191	0
