-2	86400
-1	86429.88
0	0
1	0
2	0
3	0
4	0
5	0
6	0
7	0
8	0
9	0
10	0
11	0
12	0
13	0
14	0
15	0
16	0
17	0
18	0
19	0
20	0
21	0
22	0
23	0
24	0
25	0
26	0
27	0
28	0
29	0
30	0
31	0
32	0
33	0
34	0
35	0
36	0
37	0
38	0
39	0
40	0
41	0
42	0
43	0
44	0
45	0
46	3
47	1
48	1
49	86
50	392
51	525
52	614
53	681
54	753
55	811
56	807
57	916
58	787
59	797
60	840
61	813
62	799
63	779
64	732
65	768
66	771
67	725
68	770
69	803
70	841
71	758
72	798
73	824
74	827
75	808
76	769
77	806
78	767
79	798
80	816
81	805
82	808
83	830
84	775
85	781
86	831
87	813
88	801
89	802
90	821
91	844
92	828
93	851
94	844
95	881
96	846
97	915
98	875
99	879
100	967
101	938
102	905
103	921
104	924
105	968
106	938
107	958
108	1012
109	1034
110	1016
111	1063
112	1041
113	1035
114	1078
115	1060
116	1075
117	1137
118	1197
119	1133
120	1200
121	1151
122	1167
123	1277
124	1189
125	1228
126	1242
127	1264
128	1277
129	1334
130	1330
131	1267
132	1384
133	1263
134	1389
135	1343
136	1321
137	1362
138	1404
139	1402
140	1444
141	1455
142	1454
143	1519
144	1480
145	1490
146	1489
147	1526
148	1545
149	1527
150	1570
151	1558
152	1617
153	1590
154	1625
155	1608
156	1628
157	1618
158	1673
159	1508
160	1660
161	1594
162	1714
163	1667
164	1585
165	1603
166	1618
167	1603
168	1613
169	1642
170	1602
171	1584
172	1647
173	1681
174	1637
175	1680
176	1605
177	1676
178	1636
179	1664
180	1644
181	1666
182	1615
183	1648
184	1634
185	1666
186	1572
187	1646
188	1684
189	1641
190	1669
191	1625
192	1730
193	1678
194	1597
195	1611
196	1610
197	1607
198	1669
199	1644
200	1600
201	1677
202	1640
203	1696
204	1655
205	1661
206	1690
207	1602
208	1676
209	1528
210	1692
211	1673
212	1530
213	1530
214	1614
215	1551
216	1607
217	1587
218	1623
219	1662
220	1654
221	1594
222	1569
223	1509
224	1517
225	1600
226	1563
227	1595
228	1553
229	1518
230	1564
231	1590
232	1485
233	1564
234	1555
235	1469
236	1565
237	1472
238	1505
239	1509
240	1396
241	1454
242	1493
243	1434
244	1442
245	1449
246	1458
247	1396
248	1381
249	1462
250	1446
251	1447
252	1374
253	1404
254	1401
255	1367
256	1367
257	1412
258	1359
259	1356
260	1357
261	1351
262	1413
263	1380
264	1468
265	1413
266	1325
267	1416
268	1314
269	1313
270	1352
271	1288
272	1299
273	1272
274	1197
275	1253
276	1282
277	1298
278	1203
279	1224
280	1147
281	1234
282	1304
283	1168
284	1199
285	1196
286	1216
287	1194
288	1147
289	1155
290	1181
291	1174
292	1159
293	1177
294	1209
295	1155
296	1101
297	1157
298	1152
299	1107
300	1177
301	1092
302	1058
303	1081
304	1047
305	1082
306	1185
307	1062
308	1041
309	1071
310	1087
311	1039
312	1117
313	1080
314	1089
315	993
316	1025
317	970
318	1041
319	1024
320	1021
321	980
322	1007
323	997
324	1040
325	1034
326	1038
327	1010
328	1059
329	974
330	957
331	977
332	941
333	941
334	936
335	895
336	947
337	972
338	928
339	930
340	955
341	902
342	930
343	918
344	886
345	930
346	923
347	845
348	914
349	904
350	877
351	900
352	876
353	905
354	879
355	871
356	884
357	909
358	895
359	887
360	871
361	847
362	869
363	848
364	831
365	807
366	877
367	848
368	863
369	833
370	789
371	846
372	852
373	834
374	827
375	823
376	851
377	836
378	787
379	766
380	823
381	786
382	762
383	822
384	789
385	755
386	792
387	778
388	844
389	928
390	921
391	822
392	720
393	726
394	689
395	754
396	801
397	701
398	688
399	725
400	703
401	738
402	742
403	717
404	710
405	703
406	692
407	686
408	674
409	776
410	679
411	744
412	685
413	738
414	715
415	661
416	668
417	715
418	690
419	695
420	642
421	684
422	648
423	659
424	691
425	634
426	684
427	648
428	661
429	675
430	633
431	665
432	617
433	609
434	650
435	631
436	670
437	604
438	672
439	659
440	666
441	618
442	592
443	600
444	621
445	595
446	624
447	636
448	638
449	594
450	571
451	598
452	577
453	609
454	585
455	596
456	577
457	625
458	541
459	578
460	587
461	559
462	609
463	542
464	543
465	560
466	573
467	564
468	581
469	588
470	542
471	563
472	549
473	560
474	584
475	564
476	549
477	586
478	562
479	531
480	508
481	525
482	542
483	546
484	556
485	547
486	538
487	553
488	555
489	500
490	524
491	536
492	506
493	504
494	544
495	540
496	498
497	519
498	550
499	538
500	555
501	503
502	509
503	515
504	529
505	482
506	563
507	527
508	455
509	520
510	504
511	525
512	500
513	543
514	505
515	506
516	493
517	511
518	477
519	509
520	477
521	541
522	507
523	468
524	534
525	497
526	471
527	503
528	483
529	482
530	496
531	481
532	499
533	473
534	477
535	502
536	460
537	462
538	480
539	475
540	446
541	475
542	488
543	464
544	458
545	456
546	426
547	452
548	496
549	407
550	445
551	447
552	421
553	442
554	382
555	459
556	423
557	450
558	434
559	506
560	491
561	552
562	717
563	928
564	1215
565	1333
566	1249
567	987
568	733
569	570
570	476
571	467
572	411
573	418
574	380
575	390
576	406
577	428
578	438
579	396
580	397
581	399
582	420
583	382
584	416
585	409
586	411
587	413
588	367
589	394
590	422
591	402
592	365
593	395
594	377
595	409
596	374
597	386
598	380
599	359
600	392
601	371
602	387
603	355
604	378
605	362
606	365
607	411
608	419
609	360
610	413
611	385
612	379
613	377
614	412
615	362
616	373
617	376
618	384
619	385
620	381
621	380
622	374
623	405
624	345
625	353
626	367
627	341
628	413
629	377
630	363
631	376
632	377
633	363
634	346
635	363
636	358
637	379
638	380
639	342
640	359
641	353
642	373
643	469
644	599
645	585
646	537
647	461
648	380
649	367
650	332
651	351
652	339
653	342
654	337
655	350
656	349
657	321
658	336
659	336
660	350
661	339
662	384
663	345
664	401
665	371
666	352
667	364
668	335
669	328
670	358
671	391
672	519
673	704
674	744
675	616
676	435
677	361
678	296
679	336
680	294
681	342
682	322
683	307
684	268
685	295
686	303
687	271
688	313
689	295
690	299
691	319
692	329
693	307
694	325
695	307
696	311
697	324
698	269
699	346
700	301
701	337
702	286
703	282
704	323
705	298
706	324
707	276
708	308
709	321
710	274
711	276
712	325
713	295
714	283
715	279
716	291
717	281
718	312
719	284
720	271
721	310
722	296
723	296
724	244
725	285
726	298
727	245
728	316
729	273
730	283
731	284
732	270
733	264
734	267
735	267
736	322
737	282
738	307
739	290
740	314
741	327
742	292
743	307
744	293
745	292
746	282
747	266
748	262
749	291
750	287
751	277
752	286
753	242
754	300
755	259
756	270
757	268
758	257
759	266
760	290
761	281
762	262
763	261
764	292
765	260
766	281
767	272
768	266
769	262
770	283
771	296
772	247
773	266
774	280
775	268
776	281
777	273
778	292
779	283
780	253
781	289
782	244
783	284
784	280
785	273
786	259
787	262
788	262
789	264
790	263
791	273
792	254
793	275
794	295
795	268
796	251
797	223
798	214
799	249
800	265
801	277
802	313
803	307
804	323
805	323
806	292
807	272
808	249
809	217
810	257
811	249
812	228
813	254
814	252
815	230
816	244
817	211
818	218
819	264
820	235
821	226
822	236
823	239
824	233
825	235
826	254
827	225
828	244
829	232
830	199
831	247
832	214
833	226
834	264
835	246
836	239
837	223
838	214
839	240
840	228
841	228
842	234
843	208
844	242
845	224
846	245
847	247
848	261
849	282
850	283
851	267
852	275
853	243
854	238
855	219
856	208
857	224
858	217
859	231
860	235
861	222
862	208
863	220
864	222
865	241
866	222
867	249
868	255
869	243
870	228
871	208
872	242
873	220
874	209
875	232
876	234
877	255
878	265
879	279
880	239
881	229
882	207
883	194
884	196
885	182
886	178
887	221
888	218
889	211
890	226
891	226
892	266
893	204
894	196
895	208
896	250
897	224
898	207
899	206
900	228
901	221
902	183
903	213
904	223
905	181
906	183
907	193
908	225
909	195
910	194
911	232
912	223
913	205
914	206
915	221
916	205
917	214
918	205
919	234
920	197
921	217
922	209
923	211
924	253
925	240
926	223
927	227
928	233
929	210
930	208
931	199
932	187
933	201
934	211
935	189
936	202
937	181
938	208
939	194
940	198
941	205
942	184
943	173
944	207
945	209
946	197
947	191
948	203
949	231
950	242
951	233
952	250
953	233
954	182
955	180
956	182
957	198
958	191
959	201
960	193
961	189
962	202
963	164
964	190
965	188
966	200
967	181
968	202
969	177
970	174
971	180
972	170
973	176
974	184
975	216
976	199
977	173
978	181
979	191
980	193
981	216
982	196
983	188
984	191
985	202
986	198
987	192
988	175
989	201
990	202
991	173
992	182
993	197
994	185
995	189
996	200
997	204
998	194
999	171
1000	187
1001	193
1002	185
1003	198
1004	243
1005	313
1006	442
1007	545
1008	431
1009	342
1010	208
1011	200
1012	183
1013	166
1014	166
1015	170
1016	174
1017	165
1018	202
1019	179
1020	176
1021	186
1022	174
1023	160
1024	175
1025	152
1026	180
1027	169
1028	173
1029	170
1030	181
1031	185
1032	219
1033	190
1034	209
1035	165
1036	163
1037	189
1038	169
1039	159
1040	161
1041	156
1042	146
1043	168
1044	166
1045	165
1046	174
1047	169
1048	182
1049	197
1050	215
1051	188
1052	177
1053	160
1054	151
1055	164
1056	175
1057	165
1058	160
1059	158
1060	153
1061	159
1062	182
1063	196
1064	253
1065	212
1066	258
1067	254
1068	240
1069	306
1070	337
1071	384
1072	334
1073	260
1074	175
1075	155
1076	162
1077	133
1078	155
1079	178
1080	152
1081	155
1082	161
1083	145
1084	141
1085	145
1086	154
1087	145
1088	143
1089	177
1090	164
1091	141
1092	146
1093	151
1094	162
1095	153
1096	156
1097	155
1098	138
1099	158
1100	150
1101	153
1102	160
1103	155
1104	161
1105	157
1106	159
1107	150
1108	162
1109	158
1110	144
1111	137
1112	156
1113	137
1114	177
1115	148
1116	154
1117	147
1118	158
1119	135
1120	158
1121	157
1122	183
1123	154
1124	148
1125	137
1126	155
1127	148
1128	159
1129	151
1130	140
1131	146
1132	152
1133	137
1134	156
1135	166
1136	138
1137	153
1138	143
1139	144
1140	156
1141	164
1142	145
1143	179
1144	151
1145	141
1146	134
1147	140
1148	163
1149	145
1150	156
1151	152
1152	158
1153	144
1154	156
1155	130
1156	151
1157	161
1158	150
1159	135
1160	158
1161	169
1162	163
1163	163
1164	133
1165	140
1166	124
1167	142
1168	182
1169	142
1170	152
1171	158
1172	142
1173	141
1174	132
1175	157
1176	138
1177	153
1178	159
1179	157
1180	147
1181	134
1182	140
1183	169
1184	148
1185	133
1186	177
1187	160
1188	129
1189	153
1190	137
1191	158
1192	137
1193	137
1194	133
1195	140
1196	151
1197	147
1198	139
1199	136
1200	150
1201	145
1202	150
1203	145
1204	140
1205	131
1206	124
1207	144
1208	142
1209	161
1210	169
1211	152
1212	141
1213	150
1214	152
1215	142
1216	148
1217	124
1218	148
1219	151
1220	128
1221	149
1222	135
1223	130
1224	137
1225	131
1226	156
1227	163
1228	139
1229	147
1230	158
1231	154
1232	157
1233	159
1234	151
1235	199
1236	230
1237	286
1238	326
1239	331
1240	211
1241	170
1242	151
1243	147
1244	144
1245	142
1246	116
1247	147
1248	167
1249	129
1250	126
1251	139
1252	127
1253	131
1254	154
1255	145
1256	128
1257	158
1258	120
1259	122
1260	134
1261	138
1262	155
1263	155
1264	136
1265	136
1266	155
1267	135
1268	126
1269	139
1270	145
1271	156
1272	144
1273	147
1274	155
1275	165
1276	168
1277	160
1278	138
1279	152
1280	132
1281	149
1282	121
1283	129
1284	127
1285	126
1286	139
1287	140
1288	149
1289	142
1290	121
1291	139
1292	140
1293	129
1294	136
1295	127
1296	153
1297	155
1298	138
1299	153
1300	118
1301	136
1302	134
1303	129
1304	136
1305	156
1306	146
1307	128
1308	123
1309	152
1310	151
1311	119
1312	139
1313	128
1314	144
1315	139
1316	127
1317	148
1318	142
1319	147
1320	157
1321	133
1322	155
1323	158
1324	141
1325	145
1326	137
1327	143
1328	138
1329	140
1330	168
1331	152
1332	134
1333	147
1334	149
1335	130
1336	138
1337	132
1338	160
1339	142
1340	158
1341	148
1342	141
1343	139
1344	145
1345	160
1346	141
1347	153
1348	139
1349	145
1350	124
1351	136
1352	136
1353	146
1354	128
1355	137
1356	153
1357	151
1358	130
1359	129
1360	138
1361	150
1362	135
1363	129
1364	135
1365	139
1366	179
1367	201
1368	204
1369	196
1370	165
1371	163
1372	140
1373	125
1374	139
1375	133
1376	131
1377	144
1378	148
1379	127
1380	120
1381	111
1382	112
1383	120
1384	129
1385	112
1386	122
1387	121
1388	120
1389	109
1390	117
1391	112
1392	115
1393	122
1394	98
1395	115
1396	93
1397	104
1398	105
1399	138
1400	125
1401	109
1402	132
1403	149
1404	122
1405	99
1406	104
1407	113
1408	111
1409	109
1410	120
1411	88
1412	101
1413	126
1414	127
1415	127
1416	129
1417	111
1418	106
1419	111
1420	112
1421	93
1422	89
1423	107
1424	79
1425	83
1426	99
1427	93
1428	109
1429	110
1430	109
1431	112
1432	116
1433	103
1434	108
1435	107
1436	113
1437	112
1438	92
1439	89
1440	96
1441	86
1442	90
1443	117
1444	89
1445	102
1446	87
1447	84
1448	95
1449	94
1450	96
1451	87
1452	81
1453	92
1454	85
1455	92
1456	84
1457	87
1458	83
1459	95
1460	95
1461	72
1462	87
1463	92
1464	88
1465	95
1466	107
1467	92
1468	86
1469	95
1470	91
1471	79
1472	97
1473	95
1474	90
1475	94
1476	76
1477	79
1478	87
1479	79
1480	83
1481	85
1482	78
1483	76
1484	72
1485	88
1486	95
1487	86
1488	77
1489	69
1490	97
1491	95
1492	85
1493	84
1494	73
1495	74
1496	91
1497	88
1498	76
1499	85
1500	83
1501	97
1502	95
1503	73
1504	76
1505	99
1506	68
1507	83
1508	60
1509	80
1510	78
1511	81
1512	79
1513	76
1514	61
1515	76
1516	76
1517	59
1518	83
1519	97
1520	95
1521	101
1522	143
1523	124
1524	95
1525	73
1526	80
1527	63
1528	71
1529	74
1530	74
1531	98
1532	76
1533	77
1534	63
1535	67
1536	59
1537	67
1538	71
1539	77
1540	55
1541	73
1542	81
1543	62
1544	71
1545	61
1546	82
1547	72
1548	90
1549	95
1550	96
1551	83
1552	80
1553	67
1554	100
1555	105
1556	110
1557	89
1558	90
1559	67
1560	84
1561	72
1562	72
1563	79
1564	70
1565	81
1566	57
1567	81
1568	65
1569	69
1570	55
1571	63
1572	75
1573	54
1574	77
1575	61
1576	68
1577	76
1578	59
1579	79
1580	66
1581	79
1582	66
1583	70
1584	69
1585	72
1586	82
1587	67
1588	55
1589	67
1590	59
1591	65
1592	61
1593	64
1594	72
1595	72
1596	53
1597	55
1598	69
1599	69
1600	69
1601	56
1602	54
1603	62
1604	73
1605	72
1606	58
1607	72
1608	85
1609	115
1610	293
1611	720
1612	1637
1613	2483
1614	2866
1615	2467
1616	1481
1617	704
1618	220
1619	96
1620	47
1621	43
1622	39
1623	52
1624	36
1625	34
1626	36
1627	48
1628	36
1629	41
1630	37
1631	39
1632	38
1633	38
1634	48
1635	44
1636	47
1637	46
1638	56
1639	40
1640	47
1641	48
1642	52
1643	49
1644	35
1645	38
1646	51
1647	36
1648	51
1649	46
1650	49
1651	56
1652	53
1653	51
1654	50
1655	34
1656	60
1657	53
1658	51
1659	55
1660	52
1661	37
1662	41
1663	29
1664	42
1665	53
1666	76
1667	68
1668	86
1669	60
1670	52
1671	47
1672	47
1673	49
1674	57
1675	36
1676	33
1677	43
1678	39
1679	42
1680	55
1681	42
1682	39
1683	38
1684	38
1685	40
1686	42
1687	36
1688	45
1689	49
1690	46
1691	42
1692	38
1693	34
1694	42
1695	35
1696	44
1697	37
1698	40
1699	53
1700	33
1701	39
1702	50
1703	38
1704	41
1705	54
1706	31
1707	39
1708	36
1709	43
1710	35
1711	44
1712	23
1713	38
1714	44
1715	36
1716	26
1717	45
1718	33
1719	54
1720	34
1721	48
1722	29
1723	45
1724	45
1725	34
1726	48
1727	43
1728	44
1729	36
1730	42
1731	38
1732	39
1733	36
1734	23
1735	28
1736	46
1737	53
1738	34
1739	32
1740	32
1741	37
1742	29
1743	35
1744	41
1745	36
1746	50
1747	49
1748	55
1749	39
1750	45
1751	49
1752	55
1753	87
1754	107
1755	99
1756	73
1757	54
1758	67
1759	53
1760	51
1761	49
1762	41
1763	41
1764	38
1765	47
1766	33
1767	50
1768	36
1769	29
1770	38
1771	28
1772	31
1773	44
1774	39
1775	44
1776	36
1777	33
1778	38
1779	30
1780	43
1781	26
1782	19
1783	35
1784	36
1785	34
1786	39
1787	39
1788	55
1789	66
1790	73
1791	51
1792	45
1793	49
1794	41
1795	37
1796	35
1797	36
1798	57
1799	43
1800	53
1801	54
1802	63
1803	42
1804	38
1805	42
1806	30
1807	39
1808	40
1809	28
1810	35
1811	52
1812	34
1813	42
1814	27
1815	22
1816	35
1817	23
1818	22
1819	28
1820	24
1821	28
1822	29
1823	31
1824	24
1825	27
1826	32
1827	25
1828	37
1829	33
1830	41
1831	33
1832	39
1833	36
1834	40
1835	47
1836	53
1837	46
1838	38
1839	39
1840	38
1841	34
1842	31
1843	40
1844	40
1845	30
1846	29
1847	20
1848	26
1849	31
1850	25
1851	35
1852	23
1853	23
1854	34
1855	26
1856	37
1857	35
1858	29
1859	44
1860	40
1861	33
1862	30
1863	21
1864	39
1865	36
1866	36
1867	16
1868	32
1869	34
1870	28
1871	38
1872	29
1873	28
1874	33
1875	35
1876	31
1877	26
1878	23
1879	36
1880	44
1881	42
1882	32
1883	26
1884	32
1885	36
1886	27
1887	30
1888	34
1889	36
1890	25
1891	34
1892	44
1893	22
1894	30
1895	27
1896	21
1897	38
1898	28
1899	34
1900	21
1901	23
1902	25
1903	31
1904	40
1905	27
1906	32
1907	45
1908	39
1909	60
1910	70
1911	70
1912	63
1913	47
1914	34
1915	27
1916	31
1917	32
1918	33
1919	29
1920	31
1921	24
1922	25
1923	24
1924	26
1925	35
1926	40
1927	24
1928	29
1929	29
1930	29
1931	32
1932	36
1933	36
1934	31
1935	25
1936	30
1937	26
1938	27
1939	23
1940	25
1941	32
1942	28
1943	29
1944	40
1945	44
1946	100
1947	147
1948	212
1949	271
1950	184
1951	180
1952	110
1953	56
1954	32
1955	24
1956	26
1957	29
1958	26
1959	24
1960	32
1961	21
1962	25
1963	27
1964	27
1965	31
1966	21
1967	31
1968	24
1969	37
1970	34
1971	27
1972	25
1973	26
1974	24
1975	23
1976	27
1977	28
1978	32
1979	23
1980	24
1981	29
1982	21
1983	36
1984	22
1985	35
1986	19
1987	21
1988	19
1989	33
1990	31
1991	29
1992	30
1993	31
1994	25
1995	25
1996	24
1997	19
1998	25
1999	28
2000	26
2001	31
2002	37
2003	17
2004	30
2005	25
2006	32
2007	23
2008	19
2009	28
2010	26
2011	26
2012	28
2013	34
2014	35
2015	24
2016	23
2017	26
2018	35
2019	28
2020	29
2021	21
2022	25
2023	28
2024	34
2025	24
2026	22
2027	22
2028	28
2029	30
2030	29
2031	30
2032	28
2033	22
2034	32
2035	32
2036	27
2037	41
2038	42
2039	63
2040	45
2041	54
2042	59
2043	44
2044	24
2045	26
2046	38
2047	31
2048	36
2049	19
2050	25
2051	32
2052	23
2053	26
2054	20
2055	27
2056	22
2057	32
2058	29
2059	20
2060	35
2061	20
2062	22
2063	20
2064	20
2065	22
2066	24
2067	26
2068	30
2069	27
2070	25
2071	27
2072	26
2073	34
2074	16
2075	20
2076	20
2077	28
2078	24
2079	29
2080	27
2081	17
2082	26
2083	17
2084	26
2085	37
2086	33
2087	20
2088	27
2089	30
2090	20
2091	30
2092	23
2093	20
2094	20
2095	31
2096	27
2097	24
2098	27
2099	29
2100	37
2101	29
2102	23
2103	33
2104	23
2105	27
2106	28
2107	28
2108	24
2109	30
2110	22
2111	20
2112	28
2113	36
2114	18
2115	33
2116	25
2117	36
2118	30
2119	29
2120	18
2121	25
2122	28
2123	24
2124	24
2125	28
2126	26
2127	23
2128	15
2129	28
2130	31
2131	18
2132	28
2133	20
2134	35
2135	21
2136	28
2137	32
2138	18
2139	25
2140	30
2141	29
2142	29
2143	21
2144	25
2145	30
2146	36
2147	29
2148	21
2149	18
2150	25
2151	18
2152	30
2153	26
2154	23
2155	31
2156	18
2157	21
2158	25
2159	34
2160	24
2161	28
2162	21
2163	39
2164	23
2165	24
2166	23
2167	25
2168	21
2169	21
2170	17
2171	15
2172	25
2173	21
2174	30
2175	22
2176	24
2177	20
2178	25
2179	18
2180	36
2181	24
2182	29
2183	29
2184	22
2185	21
2186	29
2187	24
2188	23
2189	22
2190	20
2191	24
2192	30
2193	26
2194	24
2195	25
2196	31
2197	21
2198	17
2199	25
2200	37
2201	27
2202	18
2203	18
2204	21
2205	17
2206	22
2207	28
2208	18
2209	25
2210	20
2211	20
2212	18
2213	24
2214	29
2215	20
2216	30
2217	27
2218	35
2219	19
2220	23
2221	27
2222	31
2223	21
2224	21
2225	16
2226	20
2227	35
2228	22
2229	20
2230	16
2231	14
2232	21
2233	24
2234	14
2235	12
2236	12
2237	24
2238	18
2239	30
2240	23
2241	28
2242	20
2243	24
2244	16
2245	24
2246	33
2247	17
2248	24
2249	18
2250	20
2251	15
2252	30
2253	18
2254	24
2255	18
2256	19
2257	18
2258	24
2259	30
2260	19
2261	20
2262	19
2263	21
2264	20
2265	25
2266	18
2267	23
2268	27
2269	20
2270	28
2271	26
2272	21
2273	21
2274	13
2275	20
2276	26
2277	28
2278	22
2279	25
2280	8
2281	22
2282	22
2283	28
2284	21
2285	25
2286	12
2287	27
2288	19
2289	25
2290	22
2291	27
2292	24
2293	16
2294	27
2295	35
2296	29
2297	14
2298	21
2299	16
2300	23
2301	20
2302	18
2303	19
2304	25
2305	22
2306	17
2307	25
2308	19
2309	20
2310	21
2311	18
2312	24
2313	22
2314	25
2315	22
2316	20
2317	24
2318	35
2319	27
2320	58
2321	78
2322	76
2323	80
2324	81
2325	68
2326	53
2327	32
2328	26
2329	18
2330	26
2331	26
2332	30
2333	20
2334	25
2335	26
2336	16
2337	32
2338	26
2339	40
2340	28
2341	31
2342	31
2343	23
2344	22
2345	18
2346	19
2347	20
2348	23
2349	20
2350	25
2351	22
2352	33
2353	23
2354	18
2355	15
2356	26
2357	20
2358	20
2359	21
2360	30
2361	30
2362	22
2363	22
2364	24
2365	21
2366	26
2367	30
2368	25
2369	17
2370	24
2371	17
2372	12
2373	21
2374	23
2375	23
2376	23
2377	20
2378	20
2379	20
2380	29
2381	28
2382	24
2383	22
2384	16
2385	21
2386	19
2387	17
2388	25
2389	24
2390	19
2391	23
2392	13
2393	29
2394	30
2395	21
2396	21
2397	18
2398	31
2399	21
2400	22
2401	20
2402	23
2403	18
2404	23
2405	20
2406	15
2407	22
2408	28
2409	17
2410	32
2411	17
2412	29
2413	24
2414	15
2415	24
2416	18
2417	27
2418	23
2419	29
2420	25
2421	21
2422	20
2423	22
2424	24
2425	16
2426	21
2427	20
2428	31
2429	25
2430	34
2431	36
2432	68
2433	69
2434	86
2435	90
2436	78
2437	68
2438	28
2439	26
2440	23
2441	23
2442	26
2443	21
2444	29
2445	13
2446	21
2447	26
2448	26
2449	31
2450	15
2451	13
2452	28
2453	20
2454	26
2455	20
2456	24
2457	26
2458	22
2459	24
2460	22
2461	15
2462	28
2463	26
2464	20
2465	31
2466	26
2467	21
2468	26
2469	27
2470	24
2471	23
2472	17
2473	17
2474	25
2475	17
2476	18
2477	19
2478	16
2479	24
2480	18
2481	17
2482	27
2483	21
2484	19
2485	25
2486	27
2487	17
2488	23
2489	21
2490	18
2491	25
2492	26
2493	23
2494	18
2495	27
2496	26
2497	28
2498	19
2499	23
2500	23
2501	23
2502	20
2503	22
2504	22
2505	26
2506	25
2507	23
2508	21
2509	23
2510	21
2511	19
2512	18
2513	15
2514	23
2515	23
2516	25
2517	27
2518	23
2519	26
2520	22
2521	31
2522	21
2523	21
2524	17
2525	17
2526	19
2527	18
2528	19
2529	14
2530	14
2531	26
2532	25
2533	19
2534	25
2535	23
2536	33
2537	25
2538	20
2539	30
2540	22
2541	22
2542	24
2543	19
2544	17
2545	20
2546	21
2547	20
2548	21
2549	19
2550	21
2551	29
2552	38
2553	26
2554	21
2555	20
2556	19
2557	18
2558	25
2559	22
2560	23
2561	22
2562	15
2563	32
2564	26
2565	23
2566	20
2567	27
2568	14
2569	19
2570	27
2571	19
2572	14
2573	35
2574	26
2575	19
2576	18
2577	25
2578	19
2579	23
2580	21
2581	19
2582	28
2583	18
2584	24
2585	20
2586	18
2587	19
2588	30
2589	16
2590	20
2591	21
2592	28
2593	30
2594	15
2595	17
2596	28
2597	24
2598	24
2599	23
2600	34
2601	27
2602	24
2603	24
2604	16
2605	20
2606	27
2607	22
2608	32
2609	18
2610	28
2611	24
2612	31
2613	24
2614	22
2615	23
2616	29
2617	23
2618	25
2619	27
2620	26
2621	28
2622	18
2623	30
2624	35
2625	28
2626	29
2627	24
2628	22
2629	30
2630	23
2631	29
2632	22
2633	22
2634	15
2635	26
2636	18
2637	16
2638	19
2639	11
2640	27
2641	24
2642	14
2643	18
2644	17
2645	21
2646	17
2647	20
2648	23
2649	20
2650	16
2651	22
2652	25
2653	19
2654	22
2655	21
2656	20
2657	17
2658	27
2659	15
2660	17
2661	30
2662	13
2663	18
2664	9
2665	22
2666	16
2667	11
2668	17
2669	19
2670	21
2671	24
2672	20
2673	13
2674	25
2675	12
2676	17
2677	19
2678	17
2679	25
2680	13
2681	19
2682	21
2683	14
2684	13
2685	18
2686	17
2687	18
2688	19
2689	17
2690	14
2691	19
2692	12
2693	22
2694	19
2695	23
2696	16
2697	17
2698	23
2699	25
2700	23
2701	39
2702	40
2703	44
2704	34
2705	40
2706	36
2707	29
2708	28
2709	19
2710	12
2711	17
2712	10
2713	15
2714	17
2715	14
2716	7
2717	18
2718	10
2719	13
2720	17
2721	10
2722	12
2723	24
2724	22
2725	9
2726	16
2727	10
2728	9
2729	19
2730	14
2731	13
2732	9
2733	15
2734	16
2735	18
2736	15
2737	12
2738	9
2739	18
2740	15
2741	12
2742	16
2743	8
2744	10
2745	8
2746	14
2747	13
2748	7
2749	15
2750	12
2751	14
2752	12
2753	14
2754	16
2755	15
2756	7
2757	13
2758	18
2759	12
2760	13
2761	15
2762	6
2763	11
2764	11
2765	14
2766	14
2767	11
2768	12
2769	15
2770	14
2771	9
2772	8
2773	10
2774	9
2775	14
2776	15
2777	15
2778	7
2779	8
2780	11
2781	9
2782	7
2783	13
2784	10
2785	9
2786	8
2787	13
2788	11
2789	5
2790	12
2791	6
2792	7
2793	8
2794	14
2795	6
2796	10
2797	9
2798	7
2799	14
2800	13
2801	14
2802	10
2803	6
2804	6
2805	12
2806	7
2807	8
2808	12
2809	5
2810	11
2811	13
2812	14
2813	9
2814	11
2815	7
2816	7
2817	6
2818	13
2819	13
2820	11
2821	7
2822	7
2823	14
2824	4
2825	9
2826	5
2827	4
2828	7
2829	7
2830	6
2831	7
2832	12
2833	8
2834	3
2835	12
2836	6
2837	11
2838	12
2839	7
2840	5
2841	16
2842	11
2843	9
2844	12
2845	10
2846	10
2847	7
2848	9
2849	14
2850	9
2851	4
2852	14
2853	3
2854	11
2855	12
2856	8
2857	12
2858	6
2859	5
2860	6
2861	9
2862	13
2863	8
2864	11
2865	20
2866	11
2867	9
2868	8
2869	11
2870	9
2871	7
2872	12
2873	7
2874	7
2875	12
2876	7
2877	2
2878	12
2879	14
2880	13
2881	20
2882	33
2883	106
2884	206
2885	393
2886	514
2887	609
2888	613
2889	576
2890	385
2891	184
2892	80
2893	22
2894	11
2895	8
2896	6
2897	2
2898	8
2899	6
2900	7
2901	4
2902	8
2903	4
2904	4
2905	4
2906	4
2907	6
2908	3
2909	8
2910	1
2911	5
2912	4
2913	5
2914	6
2915	1
2916	5
2917	6
2918	4
2919	6
2920	3
2921	7
2922	7
2923	6
2924	11
2925	7
2926	3
2927	9
2928	6
2929	9
2930	6
2931	12
2932	6
2933	5
2934	5
2935	10
2936	10
2937	6
2938	2
2939	8
2940	4
2941	7
2942	5
2943	3
2944	8
2945	8
2946	2
2947	4
2948	4
2949	4
2950	3
2951	4
2952	7
2953	8
2954	6
2955	7
2956	2
2957	5
2958	5
2959	9
2960	8
2961	5
2962	9
2963	3
2964	6
2965	3
2966	6
2967	8
2968	5
2969	8
2970	4
2971	2
2972	8
2973	4
2974	3
2975	6
2976	3
2977	5
2978	5
2979	4
2980	6
2981	8
2982	7
2983	10
2984	3
2985	3
2986	5
2987	12
2988	6
2989	10
2990	3
2991	7
2992	9
2993	6
2994	6
2995	2
2996	8
2997	7
2998	4
2999	3
3000	6
3001	8
3002	6
3003	8
3004	6
3005	4
3006	4
3007	3
3008	4
3009	9
3010	7
3011	5
3012	9
3013	4
3014	5
3015	9
3016	9
3017	6
3018	6
3019	4
3020	5
3021	5
3022	5
3023	4
3024	9
3025	5
3026	5
3027	5
3028	5
3029	5
3030	4
3031	5
3032	8
3033	8
3034	4
3035	6
3036	3
3037	7
3038	6
3039	4
3040	5
3041	9
3042	7
3043	7
3044	11
3045	5
3046	4
3047	2
3048	6
3049	5
3050	3
3051	9
3052	4
3053	1
3054	5
3055	2
3056	3
3057	3
3058	5
3059	11
3060	6
3061	3
3062	2
3063	5
3064	3
3065	4
3066	2
3067	2
3068	11
3069	4
3070	4
3071	5
3072	7
3073	6
3074	4
3075	9
3076	1
3077	10
3078	5
3079	2
3080	3
3081	3
3082	5
3083	2
3084	6
3085	1
3086	5
3087	7
3088	2
3089	6
3090	4
3091	7
3092	5
3093	3
3094	5
3095	3
3096	6
3097	1
3098	3
3099	5
3100	4
3101	3
3102	8
3103	3
3104	5
3105	5
3106	5
3107	3
3108	5
3109	4
3110	7
3111	2
3112	3
3113	3
3114	8
3115	3
3116	5
3117	6
3118	3
3119	5
3120	6
3121	3
3122	1
3123	10
3124	5
3125	5
3126	5
3127	11
3128	7
3129	3
3130	4
3131	3
3132	8
3133	4
3134	6
3135	6
3136	2
3137	7
3138	8
3139	6
3140	4
3141	4
3142	2
3143	7
3144	4
3145	2
3146	2
3147	5
3148	7
3149	5
3150	6
3151	2
3152	3
3153	5
3154	1
3155	3
3156	5
3157	7
3158	3
3159	7
3160	4
3161	7
3162	3
3163	4
3164	4
3165	2
3166	4
3167	2
3168	7
3169	3
3170	5
3171	3
3172	4
3173	5
3174	5
3175	2
3176	6
3177	9
3178	3
3179	7
3180	3
3181	6
3182	8
3183	3
3184	9
3185	9
3186	7
3187	6
3188	7
3189	4
3190	1
3191	2
3192	5
3193	8
3194	3
3195	4
3196	5
3197	6
3198	3
3199	3
3200	4
3201	4
3202	2
3203	4
3204	7
3205	4
3206	4
3207	6
3208	5
3209	4
3210	6
3211	3
3212	4
3213	8
3214	5
3215	5
3216	2
3217	7
3218	5
3219	1
3220	7
3221	3
3222	3
3223	4
3224	8
3225	7
3226	4
3227	7
3228	7
3229	4
3230	1
3231	4
3232	3
3233	2
3234	2
3235	9
3236	4
3237	3
3238	4
3239	6
3240	10
3241	8
3242	7
3243	8
3244	8
3245	6
3246	6
3247	6
3248	1
3249	11
3250	1
3251	5
3252	2
3253	4
3254	3
3255	8
3256	5
3257	3
3258	7
3259	2
3260	5
3261	4
3262	8
3263	3
3264	3
3265	2
3266	3
3267	3
3268	2
3269	4
3270	1
3271	2
3272	5
3273	3
3274	4
3275	7
3276	8
3277	1
3278	3
3279	7
3280	6
3281	1
3282	9
3283	5
3284	5
3285	5
3286	6
3287	6
3288	8
3289	9
3290	9
3291	7
3292	4
3293	9
3294	7
3295	3
3296	3
3297	4
3298	7
3299	4
3300	2
3301	2
3302	9
3303	4
3304	3
3305	1
3306	3
3307	6
3308	4
3309	10
3310	1
3311	4
3312	5
3313	8
3314	8
3315	3
3316	3
3317	6
3318	2
3319	0
3320	7
3321	3
3322	5
3323	4
3324	1
3325	5
3326	2
3327	3
3328	7
3329	5
3330	5
3331	3
3332	7
3333	3
3334	6
3335	5
3336	1
3337	0
3338	3
3339	8
3340	3
3341	8
3342	5
3343	5
3344	3
3345	5
3346	4
3347	2
3348	2
3349	2
3350	2
3351	2
3352	7
3353	4
3354	4
3355	5
3356	7
3357	6
3358	4
3359	8
3360	3
3361	7
3362	3
3363	5
3364	8
3365	2
3366	4
3367	4
3368	5
3369	2
3370	3
3371	5
3372	10
3373	5
3374	2
3375	3
3376	4
3377	6
3378	9
3379	7
3380	4
3381	5
3382	5
3383	6
3384	6
3385	5
3386	1
3387	3
3388	4
3389	5
3390	8
3391	1
3392	8
3393	7
3394	4
3395	5
3396	3
3397	1
3398	2
3399	3
3400	2
3401	6
3402	4
3403	7
3404	4
3405	3
3406	6
3407	3
3408	5
3409	5
3410	3
3411	7
3412	5
3413	3
3414	6
3415	6
3416	4
3417	8
3418	7
3419	6
3420	8
3421	4
3422	5
3423	7
3424	3
3425	6
3426	4
3427	3
3428	7
3429	3
3430	5
3431	7
3432	4
3433	3
3434	2
3435	4
3436	6
3437	4
3438	6
3439	2
3440	3
3441	4
3442	6
3443	9
3444	2
3445	2
3446	6
3447	5
3448	3
3449	6
3450	8
3451	8
3452	4
3453	3
3454	5
3455	5
3456	4
3457	7
3458	7
3459	6
3460	2
3461	4
3462	4
3463	3
3464	8
3465	3
3466	5
3467	6
3468	4
3469	2
3470	7
3471	8
3472	4
3473	5
3474	2
3475	8
3476	4
3477	5
3478	2
3479	5
3480	8
3481	4
3482	7
3483	3
3484	7
3485	1
3486	7
3487	3
3488	3
3489	8
3490	5
3491	3
3492	1
3493	6
3494	5
3495	4
3496	3
3497	8
3498	3
3499	4
3500	5
3501	3
3502	7
3503	3
3504	6
3505	9
3506	0
3507	4
3508	8
3509	6
3510	2
3511	2
3512	3
3513	2
3514	7
3515	5
3516	4
3517	3
3518	3
3519	2
3520	8
3521	4
3522	6
3523	5
3524	5
3525	4
3526	3
3527	4
3528	6
3529	3
3530	8
3531	3
3532	2
3533	2
3534	5
3535	6
3536	5
3537	3
3538	2
3539	8
3540	5
3541	4
3542	6
3543	4
3544	4
3545	3
3546	7
3547	3
3548	4
3549	5
3550	3
3551	5
3552	4
3553	3
3554	6
3555	3
3556	5
3557	4
3558	2
3559	3
3560	1
3561	6
3562	6
3563	4
3564	5
3565	9
3566	3
3567	5
3568	5
3569	5
3570	6
3571	6
3572	3
3573	4
3574	6
3575	4
3576	1
3577	5
3578	8
3579	3
3580	5
3581	4
3582	4
3583	2
3584	4
3585	3
3586	1
3587	3
3588	2
3589	1
3590	9
3591	4
3592	7
3593	6
3594	8
3595	3
3596	4
3597	6
3598	4
3599	5
3600	2
3601	5
3602	4
3603	6
3604	3
3605	3
3606	3
3607	5
3608	2
3609	1
3610	1
3611	6
3612	7
3613	3
3614	4
3615	3
3616	7
3617	1
3618	7
3619	3
3620	4
3621	5
3622	3
3623	10
3624	5
3625	5
3626	5
3627	5
3628	3
3629	4
3630	5
3631	3
3632	4
3633	11
3634	5
3635	3
3636	6
3637	6
3638	5
3639	2
3640	2
3641	5
3642	4
3643	1
3644	3
3645	1
3646	3
3647	4
3648	6
3649	4
3650	6
3651	3
3652	3
3653	1
3654	2
3655	2
3656	2
3657	7
3658	3
3659	2
3660	7
3661	4
3662	3
3663	8
3664	5
3665	7
3666	5
3667	5
3668	6
3669	6
3670	2
3671	4
3672	2
3673	3
3674	4
3675	2
3676	9
3677	4
3678	3
3679	6
3680	3
3681	1
3682	4
3683	7
3684	10
3685	3
3686	0
3687	2
3688	3
3689	2
3690	7
3691	2
3692	2
3693	5
3694	5
3695	1
3696	1
3697	7
3698	2
3699	5
3700	4
3701	4
3702	4
3703	8
3704	5
3705	5
3706	7
3707	5
3708	2
3709	3
3710	4
3711	3
3712	3
3713	3
3714	4
3715	1
3716	3
3717	3
3718	5
3719	5
3720	8
3721	2
3722	2
3723	6
3724	5
3725	4
3726	4
3727	1
3728	5
3729	5
3730	3
3731	5
3732	3
3733	5
3734	4
3735	5
3736	9
3737	1
3738	3
3739	3
3740	3
3741	4
3742	1
3743	2
3744	6
3745	4
3746	3
3747	8
3748	3
3749	0
3750	3
3751	6
3752	3
3753	5
3754	2
3755	4
3756	9
3757	4
3758	9
3759	4
3760	6
3761	3
3762	4
3763	3
3764	7
3765	2
3766	3
3767	4
3768	4
3769	6
3770	5
3771	2
3772	5
3773	9
3774	3
3775	7
3776	6
3777	4
3778	3
3779	3
3780	4
3781	5
3782	5
3783	3
3784	0
3785	6
3786	1
3787	4
3788	7
3789	2
3790	2
3791	3
3792	3
3793	4
3794	6
3795	6
3796	1
3797	3
3798	4
3799	0
3800	4
3801	3
3802	6
3803	3
3804	7
3805	6
3806	3
3807	5
3808	2
3809	5
3810	3
3811	1
3812	7
3813	2
3814	4
3815	7
3816	6
3817	6
3818	4
3819	7
3820	5
3821	4
3822	2
3823	5
3824	1
3825	4
3826	5
3827	2
3828	5
3829	4
3830	4
3831	4
3832	3
3833	3
3834	2
3835	2
3836	3
3837	4
3838	4
3839	8
3840	6
3841	9
3842	3
3843	2
3844	3
3845	5
3846	3
3847	3
3848	5
3849	2
3850	3
3851	4
3852	2
3853	3
3854	3
3855	8
3856	3
3857	1
3858	3
3859	3
3860	2
3861	3
3862	4
3863	1
3864	5
3865	5
3866	1
3867	2
3868	3
3869	4
3870	2
3871	4
3872	5
3873	2
3874	4
3875	3
3876	3
3877	2
3878	3
3879	4
3880	6
3881	3
3882	5
3883	1
3884	3
3885	7
3886	1
3887	5
3888	5
3889	4
3890	8
3891	4
3892	4
3893	6
3894	0
3895	4
3896	0
3897	3
3898	4
3899	3
3900	4
3901	8
3902	2
3903	1
3904	4
3905	2
3906	2
3907	5
3908	1
3909	6
3910	3
3911	2
3912	9
3913	9
3914	1
3915	0
3916	2
3917	5
3918	5
3919	2
3920	2
3921	5
3922	2
3923	2
3924	3
3925	3
3926	7
3927	3
3928	6
3929	7
3930	5
3931	0
3932	3
3933	4
3934	5
3935	3
3936	6
3937	1
3938	2
3939	5
3940	3
3941	3
3942	5
3943	3
3944	1
3945	2
3946	3
3947	2
3948	3
3949	7
3950	4
3951	5
3952	3
3953	4
3954	1
3955	6
3956	5
3957	4
3958	2
3959	4
3960	2
3961	1
3962	0
3963	2
3964	3
3965	2
3966	4
3967	5
3968	4
3969	2
3970	2
3971	6
3972	1
3973	1
3974	4
3975	3
3976	6
3977	4
3978	7
3979	6
3980	2
3981	1
3982	3
3983	2
3984	1
3985	6
3986	2
3987	2
3988	5
3989	1
3990	4
3991	2
3992	1
3993	2
3994	4
3995	3
3996	2
3997	4
3998	4
3999	5
4000	4
4001	2
4002	5
4003	3
4004	3
4005	0
4006	2
4007	7
4008	0
4009	7
4010	6
4011	4
4012	3
4013	3
4014	3
4015	3
4016	8
4017	3
4018	1
4019	1
4020	5
4021	3
4022	6
4023	4
4024	4
4025	2
4026	6
4027	3
4028	2
4029	1
4030	2
4031	5
4032	0
4033	3
4034	1
4035	3
4036	6
4037	2
4038	4
4039	2
4040	4
4041	1
4042	5
4043	3
4044	4
4045	1
4046	9
4047	6
4048	2
4049	2
4050	3
4051	3
4052	5
4053	3
4054	3
4055	2
4056	2
4057	2
4058	5
4059	2
4060	4
4061	4
4062	6
4063	4
4064	4
4065	4
4066	3
4067	3
4068	5
4069	2
4070	2
4071	2
4072	5
4073	3
4074	3
4075	5
4076	2
4077	2
4078	8
4079	3
4080	4
4081	1
4082	2
4083	2
4084	2
4085	3
4086	5
4087	3
4088	4
4089	4
4090	6
4091	4
4092	5
4093	2
4094	0
4095	4
4096	4
4097	4
4098	4
4099	4
4100	3
4101	8
4102	5
4103	4
4104	5
4105	1
4106	1
4107	3
4108	3
4109	6
4110	1
4111	4
4112	3
4113	1
4114	10
4115	3
4116	1
4117	5
4118	6
4119	3
4120	3
4121	5
4122	3
4123	4
4124	2
4125	4
4126	5
4127	9
4128	2
4129	3
4130	3
4131	0
4132	7
4133	4
4134	2
4135	5
4136	6
4137	3
4138	2
4139	2
4140	6
4141	2
4142	2
4143	6
4144	6
4145	3
4146	4
4147	3
4148	6
4149	3
4150	4
4151	2
4152	3
4153	2
4154	2
4155	3
4156	1
4157	2
4158	0
4159	2
4160	0
4161	3
4162	3
4163	0
4164	1
4165	2
4166	3
4167	4
4168	2
4169	7
4170	5
4171	2
4172	3
4173	0
4174	4
4175	5
4176	1
4177	3
4178	5
4179	1
4180	2
4181	4
4182	4
4183	2
4184	5
4185	3
4186	3
4187	6
4188	3
4189	1
4190	4
4191	5
4192	3
4193	6
4194	2
4195	4
4196	5
4197	5
4198	6
4199	3
4200	4
4201	2
4202	1
4203	2
4204	4
4205	5
4206	2
4207	3
4208	6
4209	5
4210	6
4211	8
4212	4
4213	3
4214	2
4215	3
4216	2
4217	3
4218	2
4219	6
4220	4
4221	3
4222	2
4223	4
4224	2
4225	2
4226	5
4227	2
4228	1
4229	4
4230	4
4231	2
4232	2
4233	1
4234	3
4235	2
4236	3
4237	2
4238	1
4239	2
4240	5
4241	2
4242	2
4243	4
4244	6
4245	1
4246	3
4247	3
4248	3
4249	1
4250	5
4251	1
4252	5
4253	8
4254	3
4255	4
4256	5
4257	6
4258	3
4259	1
4260	3
4261	5
4262	2
4263	5
4264	6
4265	5
4266	2
4267	2
4268	4
4269	5
4270	6
4271	1
4272	2
4273	2
4274	6
4275	4
4276	6
4277	2
4278	6
4279	4
4280	4
4281	5
4282	3
4283	3
4284	4
4285	1
4286	5
4287	5
4288	4
4289	9
4290	1
4291	5
4292	1
4293	4
4294	4
4295	2
4296	4
4297	1
4298	3
4299	3
4300	4
4301	7
4302	1
4303	3
4304	5
4305	5
4306	2
4307	4
4308	4
4309	2
4310	6
4311	1
4312	4
4313	4
4314	0
4315	6
4316	3
4317	2
4318	3
4319	4
4320	6
4321	3
4322	6
4323	4
4324	3
4325	5
4326	4
4327	1
4328	1
4329	1
4330	3
4331	6
4332	1
4333	7
4334	3
4335	5
4336	2
4337	5
4338	5
4339	7
4340	6
4341	1
4342	3
4343	1
4344	1
4345	2
4346	1
4347	5
4348	2
4349	5
4350	7
4351	3
4352	6
4353	6
4354	5
4355	4
4356	6
4357	1
4358	3
4359	6
4360	2
4361	5
4362	2
4363	5
4364	4
4365	5
4366	4
4367	4
4368	2
4369	1
4370	5
4371	1
4372	4
4373	3
4374	2
4375	6
4376	8
4377	4
4378	4
4379	5
4380	2
4381	2
4382	3
4383	3
4384	2
4385	3
4386	1
4387	4
4388	3
4389	3
4390	1
4391	5
4392	3
4393	5
4394	2
4395	3
4396	3
4397	3
4398	0
4399	2
4400	1
4401	2
4402	4
4403	1
4404	2
4405	4
4406	5
4407	6
4408	2
4409	6
4410	1
4411	1
4412	3
4413	1
4414	7
4415	1
4416	3
4417	5
4418	3
4419	1
4420	6
4421	4
4422	1
4423	3
4424	2
4425	4
4426	1
4427	3
4428	2
4429	3
4430	3
4431	5
4432	5
4433	4
4434	3
4435	1
4436	5
4437	3
4438	1
4439	6
4440	3
4441	4
4442	1
4443	4
4444	4
4445	4
4446	1
4447	3
4448	1
4449	3
4450	7
4451	7
4452	2
4453	1
4454	3
4455	5
4456	3
4457	1
4458	3
4459	2
4460	2
4461	2
4462	9
4463	2
4464	3
4465	5
4466	4
4467	3
4468	2
4469	1
4470	5
4471	5
4472	2
4473	3
4474	3
4475	2
4476	2
4477	3
4478	5
4479	2
4480	1
4481	1
4482	3
4483	2
4484	3
4485	0
4486	2
4487	4
4488	3
4489	3
4490	3
4491	0
4492	3
4493	1
4494	5
4495	3
4496	2
4497	4
4498	1
4499	1
4500	5
4501	4
4502	4
4503	2
4504	2
4505	1
4506	3
4507	2
4508	2
4509	5
4510	4
4511	5
4512	3
4513	2
4514	1
4515	1
4516	7
4517	4
4518	2
4519	4
4520	6
4521	5
4522	5
4523	2
4524	5
4525	5
4526	3
4527	7
4528	1
4529	5
4530	7
4531	3
4532	1
4533	7
4534	4
4535	4
4536	1
4537	3
4538	3
4539	1
4540	6
4541	3
4542	4
4543	4
4544	1
4545	1
4546	1
4547	4
4548	3
4549	1
4550	3
4551	2
4552	3
4553	1
4554	3
4555	5
4556	4
4557	2
4558	5
4559	8
4560	4
4561	2
4562	3
4563	2
4564	3
4565	2
4566	5
4567	3
4568	5
4569	5
4570	4
4571	3
4572	3
4573	8
4574	3
4575	2
4576	1
4577	3
4578	1
4579	4
4580	3
4581	1
4582	1
4583	5
4584	4
4585	1
4586	1
4587	3
4588	3
4589	5
4590	3
4591	3
4592	1
4593	4
4594	1
4595	4
4596	5
4597	2
4598	6
4599	5
4600	5
4601	8
4602	2
4603	3
4604	3
4605	5
4606	2
4607	4
4608	3
4609	3
4610	1
4611	1
4612	2
4613	1
4614	3
4615	3
4616	5
4617	2
4618	5
4619	2
4620	5
4621	3
4622	4
4623	2
4624	1
4625	1
4626	5
4627	6
4628	1
4629	2
4630	0
4631	3
4632	1
4633	3
4634	2
4635	1
4636	4
4637	3
4638	1
4639	2
4640	2
4641	5
4642	3
4643	3
4644	4
4645	2
4646	2
4647	2
4648	1
4649	4
4650	2
4651	4
4652	4
4653	3
4654	6
4655	6
4656	4
4657	5
4658	2
4659	3
4660	1
4661	3
4662	4
4663	1
4664	4
4665	4
4666	3
4667	5
4668	4
4669	2
4670	1
4671	1
4672	3
4673	1
4674	1
4675	1
4676	2
4677	3
4678	4
4679	4
4680	0
4681	3
4682	2
4683	3
4684	3
4685	3
4686	5
4687	1
4688	4
4689	2
4690	2
4691	5
4692	4
4693	3
4694	3
4695	5
4696	4
4697	3
4698	3
4699	5
4700	6
4701	3
4702	1
4703	0
4704	5
4705	2
4706	0
4707	2
4708	1
4709	2
4710	5
4711	2
4712	2
4713	4
4714	2
4715	5
4716	3
4717	2
4718	4
4719	2
4720	2
4721	8
4722	1
4723	1
4724	2
4725	6
4726	3
4727	4
4728	6
4729	2
4730	3
4731	3
4732	3
4733	0
4734	4
4735	2
4736	2
4737	6
4738	3
4739	4
4740	6
4741	1
4742	3
4743	1
4744	4
4745	4
4746	0
4747	2
4748	2
4749	2
4750	4
4751	3
4752	5
4753	5
4754	2
4755	3
4756	2
4757	2
4758	0
4759	1
4760	4
4761	4
4762	1
4763	2
4764	3
4765	5
4766	4
4767	3
4768	2
4769	1
4770	4
4771	1
4772	8
4773	2
4774	1
4775	2
4776	1
4777	1
4778	3
4779	1
4780	3
4781	3
4782	4
4783	3
4784	2
4785	5
4786	1
4787	3
4788	1
4789	4
4790	3
4791	2
4792	7
4793	6
4794	2
4795	2
4796	3
4797	2
4798	2
4799	3
4800	4
4801	3
4802	2
4803	2
4804	2
4805	3
4806	2
4807	4
4808	3
4809	2
4810	1
4811	4
4812	4
4813	0
4814	3
4815	8
4816	4
4817	3
4818	2
4819	6
4820	1
4821	6
4822	0
4823	5
4824	1
4825	5
4826	5
4827	3
4828	1
4829	4
4830	1
4831	0
4832	4
4833	2
4834	2
4835	3
4836	2
4837	3
4838	3
4839	1
4840	4
4841	2
4842	6
4843	2
4844	5
4845	2
4846	4
4847	1
4848	2
4849	0
4850	2
4851	1
4852	5
4853	4
4854	2
4855	5
4856	5
4857	2
4858	2
4859	2
4860	4
4861	3
4862	2
4863	0
4864	4
4865	2
4866	6
4867	2
4868	2
4869	2
4870	2
4871	5
4872	1
4873	4
4874	2
4875	1
4876	1
4877	0
4878	3
4879	2
4880	5
4881	3
4882	7
4883	10
4884	4
4885	2
4886	2
4887	4
4888	5
4889	4
4890	4
4891	3
4892	5
4893	1
4894	4
4895	2
4896	4
4897	3
4898	4
4899	6
4900	3
4901	2
4902	1
4903	4
4904	5
4905	1
4906	3
4907	3
4908	4
4909	3
4910	0
4911	3
4912	1
4913	2
4914	1
4915	2
4916	3
4917	4
4918	2
4919	2
4920	2
4921	0
4922	4
4923	3
4924	6
4925	2
4926	4
4927	4
4928	3
4929	5
4930	4
4931	2
4932	3
4933	0
4934	2
4935	1
4936	0
4937	4
4938	5
4939	0
4940	3
4941	3
4942	4
4943	2
4944	3
4945	4
4946	2
4947	2
4948	4
4949	2
4950	3
4951	2
4952	4
4953	3
4954	4
4955	4
4956	0
4957	1
4958	5
4959	4
4960	4
4961	2
4962	2
4963	1
4964	3
4965	3
4966	4
4967	5
4968	2
4969	0
4970	1
4971	0
4972	3
4973	2
4974	2
4975	0
4976	5
4977	5
4978	2
4979	1
4980	2
4981	2
4982	5
4983	2
4984	2
4985	1
4986	1
4987	1
4988	1
4989	0
4990	2
4991	0
4992	0
4993	2
4994	2
4995	2
4996	1
4997	0
4998	1
4999	4
5000	0
5001	2
5002	1
5003	4
5004	1
5005	2
5006	2
5007	2
5008	2
5009	4
5010	2
5011	1
5012	4
5013	3
5014	7
5015	2
5016	3
5017	3
5018	0
5019	2
5020	5
5021	2
5022	1
5023	1
5024	3
5025	3
5026	3
5027	4
5028	5
5029	3
5030	7
5031	3
5032	5
5033	3
5034	5
5035	4
5036	1
5037	3
5038	1
5039	1
5040	2
5041	3
5042	6
5043	1
5044	3
5045	4
5046	1
5047	2
5048	0
5049	6
5050	1
5051	0
5052	1
5053	2
5054	5
5055	2
5056	5
5057	2
5058	1
5059	3
5060	3
5061	9
5062	2
5063	5
5064	0
5065	1
5066	2
5067	2
5068	1
5069	3
5070	2
5071	3
5072	1
5073	5
5074	3
5075	2
5076	1
5077	4
5078	1
5079	0
5080	3
5081	1
5082	2
5083	1
5084	2
5085	1
5086	1
5087	3
5088	1
5089	3
5090	3
5091	5
5092	4
5093	4
5094	3
5095	2
5096	1
5097	7
5098	2
5099	2
5100	3
5101	6
5102	2
5103	2
5104	0
5105	2
5106	3
5107	0
5108	2
5109	1
5110	3
5111	4
5112	1
5113	4
5114	5
5115	4
5116	2
5117	4
5118	1
5119	3
5120	4
5121	5
5122	3
5123	1
5124	2
5125	7
5126	3
5127	1
5128	2
5129	2
5130	3
5131	2
5132	4
5133	0
5134	3
5135	0
5136	3
5137	1
5138	4
5139	1
5140	1
5141	2
5142	3
5143	1
5144	2
5145	1
5146	3
5147	2
5148	4
5149	2
5150	5
5151	4
5152	2
5153	1
5154	1
5155	4
5156	4
5157	4
5158	2
5159	1
5160	3
5161	6
5162	2
5163	3
5164	2
5165	9
5166	3
5167	4
5168	4
5169	2
5170	1
5171	1
5172	4
5173	5
5174	2
5175	2
5176	3
5177	0
5178	6
5179	2
5180	3
5181	2
5182	2
5183	3
5184	3
5185	3
5186	1
5187	0
5188	2
5189	5
5190	3
5191	2
5192	1
5193	3
5194	3
5195	0
5196	5
5197	3
5198	5
5199	2
5200	2
5201	2
5202	2
5203	5
5204	4
5205	2
5206	4
5207	6
5208	1
5209	1
5210	1
5211	1
5212	2
5213	2
5214	4
5215	2
5216	5
5217	4
5218	4
5219	0
5220	3
5221	6
5222	7
5223	1
5224	1
5225	7
5226	2
5227	2
5228	6
5229	3
5230	2
5231	4
5232	5
5233	5
5234	1
5235	3
5236	4
5237	2
5238	3
5239	3
5240	3
5241	0
5242	4
5243	2
5244	1
5245	3
5246	3
5247	0
5248	4
5249	2
5250	0
5251	5
5252	5
5253	3
5254	6
5255	3
5256	4
5257	1
5258	2
5259	1
5260	3
5261	4
5262	3
5263	0
5264	1
5265	3
5266	6
5267	2
5268	3
5269	3
5270	3
5271	3
5272	3
5273	3
5274	2
5275	2
5276	2
5277	2
5278	2
5279	2
5280	2
5281	1
5282	2
5283	2
5284	5
5285	2
5286	2
5287	1
5288	3
5289	0
5290	4
5291	4
5292	2
5293	1
5294	3
5295	1
5296	2
5297	2
5298	1
5299	5
5300	3
5301	5
5302	2
5303	1
5304	3
5305	3
5306	2
5307	2
5308	3
5309	1
5310	0
5311	2
5312	4
5313	1
5314	1
5315	2
5316	1
5317	5
5318	2
5319	0
5320	2
5321	1
5322	3
5323	4
5324	1
5325	4
5326	2
5327	1
5328	5
5329	2
5330	3
5331	3
5332	3
5333	0
5334	3
5335	2
5336	1
5337	4
5338	2
5339	2
5340	2
5341	2
5342	4
5343	5
5344	1
5345	1
5346	0
5347	3
5348	1
5349	3
5350	8
5351	2
5352	1
5353	1
5354	2
5355	5
5356	5
5357	3
5358	1
5359	3
5360	4
5361	3
5362	0
5363	2
5364	5
5365	7
5366	2
5367	3
5368	0
5369	1
5370	0
5371	2
5372	4
5373	3
5374	4
5375	3
5376	4
5377	1
5378	2
5379	3
5380	2
5381	5
5382	4
5383	2
5384	6
5385	7
5386	2
5387	3
5388	6
5389	6
5390	3
5391	1
5392	3
5393	0
5394	4
5395	0
5396	3
5397	3
5398	3
5399	1
5400	3
5401	0
5402	2
5403	4
5404	1
5405	2
5406	2
5407	3
5408	2
5409	2
5410	1
5411	5
5412	5
5413	3
5414	2
5415	3
5416	2
5417	4
5418	2
5419	6
5420	2
5421	2
5422	2
5423	0
5424	2
5425	2
5426	4
5427	1
5428	4
5429	3
5430	3
5431	3
5432	3
5433	1
5434	1
5435	3
5436	5
5437	2
5438	3
5439	3
5440	3
5441	1
5442	3
5443	1
5444	2
5445	1
5446	5
5447	2
5448	1
5449	3
5450	2
5451	3
5452	1
5453	2
5454	3
5455	2
5456	3
5457	1
5458	1
5459	3
5460	7
5461	5
5462	1
5463	2
5464	1
5465	2
5466	0
5467	4
5468	7
5469	1
5470	2
5471	1
5472	2
5473	5
5474	3
5475	1
5476	2
5477	4
5478	2
5479	2
5480	5
5481	1
5482	2
5483	6
5484	4
5485	1
5486	1
5487	3
5488	2
5489	2
5490	2
5491	2
5492	3
5493	1
5494	1
5495	5
5496	0
5497	1
5498	3
5499	2
5500	2
5501	3
5502	5
5503	2
5504	2
5505	0
5506	0
5507	4
5508	4
5509	5
5510	3
5511	2
5512	1
5513	3
5514	1
5515	0
5516	3
5517	5
5518	3
5519	1
5520	1
5521	1
5522	2
5523	2
5524	1
5525	1
5526	2
5527	2
5528	8
5529	2
5530	3
5531	0
5532	1
5533	1
5534	2
5535	3
5536	3
5537	0
5538	2
5539	6
5540	5
5541	1
5542	4
5543	1
5544	0
5545	2
5546	2
5547	4
5548	5
5549	2
5550	2
5551	6
5552	1
5553	3
5554	3
5555	1
5556	1
5557	3
5558	2
5559	2
5560	3
5561	3
5562	2
5563	3
5564	2
5565	0
5566	2
5567	2
5568	3
5569	2
5570	2
5571	4
5572	1
5573	1
5574	2
5575	4
5576	4
5577	1
5578	2
5579	1
5580	2
5581	6
5582	1
5583	4
5584	2
5585	3
5586	2
5587	2
5588	4
5589	3
5590	3
5591	3
5592	3
5593	2
5594	0
5595	1
5596	0
5597	4
5598	3
5599	4
5600	3
5601	0
5602	4
5603	0
5604	1
5605	2
5606	3
5607	7
5608	2
5609	4
5610	2
5611	1
5612	4
5613	3
5614	3
5615	1
5616	4
5617	3
5618	0
5619	1
5620	2
5621	3
5622	2
5623	1
5624	0
5625	7
5626	3
5627	1
5628	1
5629	1
5630	2
5631	4
5632	2
5633	4
5634	1
5635	2
5636	0
5637	2
5638	2
5639	1
5640	4
5641	0
5642	0
5643	1
5644	1
5645	5
5646	2
5647	3
5648	1
5649	3
5650	4
5651	1
5652	2
5653	2
5654	2
5655	5
5656	1
5657	0
5658	1
5659	3
5660	4
5661	4
5662	5
5663	2
5664	1
5665	2
5666	1
5667	4
5668	4
5669	0
5670	5
5671	0
5672	1
5673	5
5674	4
5675	2
5676	7
5677	2
5678	1
5679	3
5680	0
5681	1
5682	2
5683	1
5684	3
5685	1
5686	2
5687	0
5688	1
5689	4
5690	5
5691	1
5692	3
5693	5
5694	1
5695	2
5696	3
5697	3
5698	3
5699	4
5700	2
5701	1
5702	4
5703	6
5704	6
5705	2
5706	4
5707	2
5708	0
5709	1
5710	4
5711	2
5712	1
5713	2
5714	3
5715	4
5716	1
5717	2
5718	4
5719	3
5720	2
5721	3
5722	3
5723	2
5724	5
5725	0
5726	3
5727	0
5728	3
5729	2
5730	2
5731	4
5732	1
5733	1
5734	1
5735	1
5736	1
5737	0
5738	0
5739	0
5740	6
5741	0
5742	2
5743	0
5744	2
5745	0
5746	3
5747	3
5748	3
5749	3
5750	4
5751	4
5752	0
5753	1
5754	3
5755	5
5756	2
5757	1
5758	5
5759	2
5760	2
5761	0
5762	0
5763	4
5764	1
5765	0
5766	2
5767	3
5768	3
5769	3
5770	3
5771	2
5772	2
5773	2
5774	3
5775	3
5776	4
5777	1
5778	2
5779	3
5780	3
5781	4
5782	3
5783	0
5784	3
5785	2
5786	3
5787	1
5788	3
5789	3
5790	4
5791	2
5792	3
5793	3
5794	2
5795	4
5796	0
5797	3
5798	2
5799	2
5800	2
5801	3
5802	6
5803	3
5804	1
5805	2
5806	4
5807	4
5808	5
5809	2
5810	3
5811	1
5812	3
5813	2
5814	1
5815	0
5816	0
5817	2
5818	3
5819	1
5820	3
5821	2
5822	1
5823	2
5824	2
5825	2
5826	2
5827	2
5828	0
5829	3
5830	3
5831	2
5832	0
5833	4
5834	2
5835	2
5836	0
5837	5
5838	4
5839	1
5840	1
5841	4
5842	0
5843	2
5844	4
5845	2
5846	1
5847	2
5848	3
5849	1
5850	4
5851	3
5852	2
5853	1
5854	6
5855	1
5856	3
5857	2
5858	2
5859	1
5860	4
5861	2
5862	4
5863	0
5864	1
5865	0
5866	3
5867	2
5868	1
5869	4
5870	3
5871	2
5872	4
5873	1
5874	3
5875	4
5876	1
5877	3
5878	9
5879	2
5880	1
5881	1
5882	3
5883	2
5884	2
5885	2
5886	1
5887	2
5888	4
5889	2
5890	4
5891	3
5892	4
5893	4
5894	2
5895	2
5896	2
5897	1
5898	1
5899	2
5900	2
5901	1
5902	2
5903	3
5904	1
5905	3
5906	2
5907	2
5908	2
5909	1
5910	2
5911	0
5912	1
5913	4
5914	2
5915	1
5916	2
5917	1
5918	5
5919	1
5920	3
5921	4
5922	4
5923	0
5924	5
5925	3
5926	1
5927	0
5928	0
5929	5
5930	2
5931	5
5932	4
5933	0
5934	1
5935	8
5936	1
5937	4
5938	3
5939	1
5940	3
5941	1
5942	1
5943	4
5944	3
5945	2
5946	5
5947	1
5948	2
5949	0
5950	1
5951	2
5952	3
5953	3
5954	7
5955	1
5956	3
5957	2
5958	3
5959	3
5960	1
5961	2
5962	3
5963	2
5964	4
5965	1
5966	0
5967	3
5968	2
5969	1
5970	4
5971	1
5972	4
5973	4
5974	2
5975	1
5976	2
5977	2
5978	2
5979	1
5980	2
5981	2
5982	0
5983	1
5984	0
5985	2
5986	2
5987	0
5988	2
5989	3
5990	2
5991	2
5992	3
5993	6
5994	4
5995	4
5996	4
5997	2
5998	1
5999	3
6000	2
6001	2
6002	5
6003	0
6004	2
6005	1
6006	1
6007	1
6008	1
6009	1
6010	2
6011	3
6012	4
6013	0
6014	2
6015	4
6016	3
6017	1
6018	0
6019	6
6020	0
6021	6
6022	2
6023	6
6024	1
6025	4
6026	4
6027	4
6028	1
6029	5
6030	3
6031	4
6032	1
6033	0
6034	2
6035	2
6036	6
6037	1
6038	1
6039	3
6040	2
6041	0
6042	2
6043	3
6044	1
6045	1
6046	5
6047	3
6048	2
6049	3
6050	1
6051	1
6052	2
6053	3
6054	3
6055	1
6056	3
6057	6
6058	2
6059	0
6060	1
6061	2
6062	1
6063	1
6064	2
6065	2
6066	2
6067	1
6068	2
6069	2
6070	2
6071	1
6072	1
6073	2
6074	4
6075	3
6076	1
6077	2
6078	3
6079	0
6080	8
6081	2
6082	1
6083	3
6084	5
6085	6
6086	1
6087	0
6088	5
6089	2
6090	4
6091	4
6092	0
6093	1
6094	2
6095	4
6096	1
6097	2
6098	2
6099	1
6100	2
6101	4
6102	2
6103	2
6104	0
6105	2
6106	0
6107	1
6108	3
6109	3
6110	1
6111	3
6112	1
6113	2
6114	2
6115	2
6116	3
6117	1
6118	1
6119	1
6120	2
6121	3
6122	4
6123	2
6124	2
6125	3
6126	3
6127	2
6128	3
6129	1
6130	5
6131	3
6132	3
6133	4
6134	1
6135	1
6136	1
6137	2
6138	2
6139	1
6140	1
6141	1
6142	1
6143	2
6144	7
6145	3
6146	2
6147	3
6148	2
6149	3
6150	1
6151	2
6152	4
6153	2
6154	2
6155	2
6156	3
6157	0
6158	1
6159	1
6160	3
6161	1
6162	0
6163	4
6164	1
6165	5
6166	0
6167	2
6168	4
6169	2
6170	3
6171	1
6172	1
6173	3
6174	4
6175	3
6176	2
6177	0
6178	1
6179	1
6180	3
6181	0
6182	2
6183	3
6184	2
6185	0
6186	0
6187	1
6188	3
6189	1
6190	0
6191	3
6192	1
6193	1
6194	2
6195	5
6196	1
6197	0
6198	4
6199	3
6200	1
6201	3
6202	2
6203	5
6204	4
6205	3
6206	3
6207	2
6208	5
6209	3
6210	0
6211	2
6212	1
6213	1
6214	3
6215	1
6216	1
6217	1
6218	5
6219	3
6220	3
6221	3
6222	2
6223	1
6224	0
6225	2
6226	2
6227	0
6228	0
6229	7
6230	1
6231	1
6232	0
6233	2
6234	3
6235	2
6236	1
6237	2
6238	2
6239	2
6240	3
6241	3
6242	1
6243	4
6244	4
6245	0
6246	1
6247	3
6248	0
6249	2
6250	2
6251	4
6252	4
6253	3
6254	0
6255	0
6256	2
6257	1
6258	4
6259	3
6260	3
6261	2
6262	1
6263	0
6264	0
6265	3
6266	1
6267	3
6268	1
6269	2
6270	1
6271	1
6272	0
6273	3
6274	1
6275	2
6276	0
6277	1
6278	0
6279	3
6280	3
6281	3
6282	1
6283	3
6284	1
6285	3
6286	4
6287	4
6288	1
6289	1
6290	2
6291	4
6292	1
6293	1
6294	2
6295	2
6296	2
6297	1
6298	2
6299	0
6300	1
6301	1
6302	1
6303	0
6304	2
6305	4
6306	2
6307	3
6308	0
6309	2
6310	1
6311	2
6312	1
6313	0
6314	1
6315	5
6316	2
6317	2
6318	1
6319	3
6320	2
6321	3
6322	2
6323	5
6324	1
6325	2
6326	3
6327	2
6328	0
6329	8
6330	3
6331	1
6332	4
6333	4
6334	2
6335	3
6336	1
6337	3
6338	0
6339	2
6340	1
6341	3
6342	2
6343	1
6344	1
6345	4
6346	3
6347	2
6348	5
6349	1
6350	3
6351	1
6352	1
6353	2
6354	1
6355	0
6356	1
6357	0
6358	1
6359	3
6360	5
6361	1
6362	5
6363	2
6364	3
6365	2
6366	2
6367	2
6368	3
6369	4
6370	2
6371	2
6372	1
6373	2
6374	3
6375	2
6376	1
6377	4
6378	0
6379	3
6380	3
6381	3
6382	2
6383	1
6384	1
6385	3
6386	1
6387	3
6388	1
6389	2
6390	4
6391	3
6392	0
6393	2
6394	2
6395	0
6396	2
6397	2
6398	2
6399	3
6400	3
6401	0
6402	2
6403	4
6404	6
6405	1
6406	1
6407	2
6408	2
6409	2
6410	5
6411	2
6412	5
6413	1
6414	0
6415	1
6416	5
6417	1
6418	3
6419	1
6420	0
6421	2
6422	4
6423	2
6424	0
6425	2
6426	3
6427	4
6428	3
6429	2
6430	2
6431	0
6432	0
6433	1
6434	2
6435	0
6436	4
6437	4
6438	4
6439	0
6440	4
6441	6
6442	1
6443	5
6444	1
6445	1
6446	1
6447	1
6448	1
6449	2
6450	1
6451	2
6452	0
6453	1
6454	5
6455	3
6456	1
6457	2
6458	1
6459	3
6460	2
6461	2
6462	2
6463	3
6464	3
6465	2
6466	3
6467	3
6468	3
6469	1
6470	4
6471	3
6472	2
6473	1
6474	3
6475	1
6476	0
6477	3
6478	0
6479	2
6480	1
6481	5
6482	2
6483	1
6484	2
6485	0
6486	1
6487	2
6488	2
6489	1
6490	1
6491	4
6492	3
6493	1
6494	1
6495	2
6496	2
6497	2
6498	3
6499	1
6500	1
6501	6
6502	2
6503	1
6504	2
6505	5
6506	1
6507	2
6508	3
6509	1
6510	0
6511	2
6512	1
6513	2
6514	2
6515	3
6516	3
6517	4
6518	2
6519	1
6520	2
6521	3
6522	2
6523	4
6524	2
6525	4
6526	2
6527	1
6528	0
6529	2
6530	3
6531	1
6532	2
6533	1
6534	3
6535	0
6536	1
6537	3
6538	4
6539	1
6540	4
6541	4
6542	2
6543	1
6544	0
6545	5
6546	2
6547	0
6548	2
6549	3
6550	5
6551	4
6552	1
6553	1
6554	0
6555	2
6556	1
6557	1
6558	3
6559	1
6560	1
6561	4
6562	2
6563	1
6564	1
6565	1
6566	0
6567	1
6568	0
6569	4
6570	0
6571	3
6572	1
6573	3
6574	3
6575	1
6576	4
6577	2
6578	2
6579	2
6580	2
6581	3
6582	2
6583	2
6584	4
6585	2
6586	3
6587	2
6588	1
6589	7
6590	2
6591	1
6592	4
6593	1
6594	1
6595	0
6596	3
6597	1
6598	4
6599	2
6600	2
6601	2
6602	4
6603	2
6604	0
6605	2
6606	0
6607	4
6608	2
6609	1
6610	2
6611	1
6612	1
6613	3
6614	4
6615	1
6616	3
6617	0
6618	2
6619	1
6620	1
6621	2
6622	4
6623	3
6624	1
6625	1
6626	1
6627	5
6628	1
6629	0
6630	3
6631	3
6632	2
6633	1
6634	2
6635	1
6636	2
6637	1
6638	4
6639	3
6640	3
6641	2
6642	3
6643	1
6644	1
6645	1
6646	2
6647	3
6648	0
6649	0
6650	2
6651	0
6652	1
6653	1
6654	1
6655	1
6656	5
6657	2
6658	2
6659	2
6660	3
6661	2
6662	0
6663	2
6664	1
6665	1
6666	1
6667	2
6668	2
6669	0
6670	1
6671	1
6672	1
6673	3
6674	1
6675	0
6676	1
6677	4
6678	2
6679	6
6680	1
6681	2
6682	2
6683	1
6684	1
6685	3
6686	5
6687	1
6688	2
6689	5
6690	0
6691	1
6692	3
6693	1
6694	3
6695	2
6696	3
6697	1
6698	3
6699	1
6700	4
6701	1
6702	5
6703	2
6704	2
6705	2
6706	5
6707	0
6708	1
6709	4
6710	1
6711	2
6712	2
6713	1
6714	4
6715	1
6716	2
6717	1
6718	2
6719	2
6720	2
6721	1
6722	1
6723	1
6724	0
6725	3
6726	2
6727	4
6728	1
6729	1
6730	1
6731	1
6732	0
6733	2
6734	4
6735	0
6736	2
6737	1
6738	4
6739	4
6740	0
6741	1
6742	4
6743	1
6744	3
6745	4
6746	3
6747	4
6748	2
6749	2
6750	1
6751	1
6752	3
6753	2
6754	3
6755	3
6756	1
6757	4
6758	3
6759	1
6760	2
6761	2
6762	3
6763	3
6764	6
6765	0
6766	0
6767	5
6768	2
6769	1
6770	2
6771	2
6772	4
6773	1
6774	2
6775	2
6776	0
6777	3
6778	2
6779	2
6780	0
6781	2
6782	1
6783	2
6784	1
6785	4
6786	2
6787	1
6788	0
6789	0
6790	1
6791	4
6792	2
6793	1
6794	2
6795	0
6796	4
6797	1
6798	2
6799	0
6800	4
6801	4
6802	3
6803	6
6804	2
6805	2
6806	1
6807	0
6808	1
6809	1
6810	2
6811	1
6812	3
6813	4
6814	2
6815	0
6816	2
6817	2
6818	1
6819	3
6820	4
6821	2
6822	3
6823	2
6824	1
6825	0
6826	2
6827	0
6828	0
6829	2
6830	0
6831	1
6832	4
6833	2
6834	1
6835	3
6836	2
6837	1
6838	4
6839	2
6840	1
6841	1
6842	3
6843	3
6844	3
6845	0
6846	0
6847	1
6848	4
6849	3
6850	2
6851	3
6852	3
6853	2
6854	2
6855	7
6856	1
6857	4
6858	1
6859	2
6860	3
6861	3
6862	2
6863	0
6864	4
6865	2
6866	2
6867	2
6868	1
6869	0
6870	1
6871	1
6872	2
6873	3
6874	3
6875	3
6876	1
6877	3
6878	1
6879	0
6880	3
6881	1
6882	2
6883	1
6884	1
6885	3
6886	2
6887	4
6888	1
6889	1
6890	4
6891	3
6892	4
6893	3
6894	2
6895	5
6896	2
6897	1
6898	1
6899	2
6900	2
6901	1
6902	3
6903	1
6904	3
6905	1
6906	3
6907	0
6908	1
6909	2
6910	0
6911	0
6912	1
6913	0
6914	1
6915	3
6916	1
6917	2
6918	1
6919	2
6920	2
6921	1
6922	2
6923	2
6924	0
6925	3
6926	2
6927	2
6928	2
6929	0
6930	1
6931	3
6932	2
6933	1
6934	0
6935	3
6936	3
6937	5
6938	2
6939	1
6940	4
6941	0
6942	3
6943	4
6944	1
6945	3
6946	0
6947	3
6948	1
6949	1
6950	3
6951	4
6952	6
6953	1
6954	2
6955	2
6956	4
6957	0
6958	3
6959	4
6960	3
6961	2
6962	1
6963	1
6964	0
6965	1
6966	3
6967	3
6968	2
6969	2
6970	1
6971	0
6972	2
6973	1
6974	0
6975	2
6976	3
6977	3
6978	0
6979	2
6980	1
6981	1
6982	4
6983	0
6984	2
6985	2
6986	1
6987	2
6988	0
6989	1
6990	2
6991	5
6992	2
6993	2
6994	1
6995	1
6996	2
6997	0
6998	1
6999	2
7000	2
7001	1
7002	1
7003	3
7004	1
7005	2
7006	0
7007	0
7008	1
7009	2
7010	2
7011	1
7012	1
7013	3
7014	2
7015	4
7016	1
7017	1
7018	1
7019	2
7020	2
7021	1
7022	0
7023	7
7024	1
7025	2
7026	0
7027	0
7028	7
7029	3
7030	0
7031	2
7032	2
7033	1
7034	1
7035	0
7036	2
7037	2
7038	5
7039	1
7040	3
7041	4
7042	2
7043	4
7044	2
7045	1
7046	2
7047	4
7048	2
7049	3
7050	2
7051	2
7052	2
7053	2
7054	1
7055	1
7056	1
7057	3
7058	4
7059	1
7060	3
7061	1
7062	2
7063	1
7064	2
7065	0
7066	1
7067	1
7068	0
7069	1
7070	1
7071	0
7072	1
7073	1
7074	3
7075	1
7076	4
7077	2
7078	2
7079	2
7080	2
7081	3
7082	6
7083	2
7084	0
7085	1
7086	2
7087	1
7088	2
7089	4
7090	3
7091	1
7092	3
7093	2
7094	1
7095	1
7096	2
7097	3
7098	2
7099	1
7100	4
7101	0
7102	1
7103	4
7104	0
7105	0
7106	2
7107	1
7108	4
7109	1
7110	2
7111	2
7112	1
7113	2
7114	4
7115	3
7116	5
7117	1
7118	3
7119	1
7120	1
7121	4
7122	1
7123	3
7124	1
7125	2
7126	1
7127	0
7128	0
7129	3
7130	0
7131	2
7132	0
7133	1
7134	3
7135	1
7136	2
7137	1
7138	4
7139	0
7140	3
7141	3
7142	2
7143	4
7144	3
7145	4
7146	2
7147	2
7148	2
7149	3
7150	4
7151	3
7152	0
7153	2
7154	2
7155	1
7156	1
7157	2
7158	2
7159	1
7160	4
7161	4
7162	0
7163	0
7164	2
7165	2
7166	3
7167	1
7168	1
7169	2
7170	0
7171	2
7172	2
7173	1
7174	3
7175	3
7176	1
7177	2
7178	2
7179	2
7180	0
7181	1
7182	2
7183	4
7184	3
7185	3
7186	1
7187	2
7188	2
7189	2
7190	1
7191	1
7192	4
7193	5
7194	2
7195	0
7196	3
7197	1
7198	2
7199	2
7200	0
7201	0
7202	2
7203	3
7204	1
7205	5
7206	2
7207	3
7208	1
7209	1
7210	2
7211	1
7212	3
7213	2
7214	2
7215	4
7216	1
7217	1
7218	2
7219	3
7220	1
7221	1
7222	3
7223	0
7224	1
7225	1
7226	3
7227	1
7228	3
7229	2
7230	4
7231	2
7232	1
7233	2
7234	2
7235	1
7236	1
7237	1
7238	0
7239	1
7240	0
7241	2
7242	2
7243	2
7244	0
7245	4
7246	1
7247	1
7248	2
7249	7
7250	1
7251	2
7252	2
7253	2
7254	3
7255	1
7256	5
7257	3
7258	2
7259	3
7260	3
7261	1
7262	0
7263	2
7264	1
7265	8
7266	2
7267	4
7268	1
7269	5
7270	3
7271	2
7272	1
7273	0
7274	0
7275	2
7276	1
7277	2
7278	3
7279	3
7280	3
7281	2
7282	2
7283	2
7284	0
7285	1
7286	6
7287	1
7288	1
7289	2
7290	1
7291	1
7292	2
7293	1
7294	1
7295	1
7296	2
7297	5
7298	4
7299	3
7300	0
7301	5
7302	1
7303	3
7304	0
7305	3
7306	2
7307	3
7308	2
7309	1
7310	0
7311	1
7312	3
7313	2
7314	3
7315	2
7316	0
7317	2
7318	4
7319	1
7320	1
7321	2
7322	1
7323	4
7324	5
7325	2
7326	0
7327	0
7328	1
7329	0
7330	2
7331	1
7332	1
7333	4
7334	2
7335	4
7336	2
7337	4
7338	4
7339	2
7340	0
7341	2
7342	1
7343	3
7344	1
7345	3
7346	1
7347	2
7348	2
7349	3
7350	0
7351	0
7352	2
7353	5
7354	2
7355	1
7356	2
7357	1
7358	4
7359	2
7360	1
7361	0
7362	4
7363	2
7364	1
7365	1
7366	2
7367	3
7368	1
7369	3
7370	1
7371	1
7372	0
7373	2
7374	0
7375	2
7376	1
7377	1
7378	3
7379	3
7380	2
7381	1
7382	1
7383	5
7384	2
7385	2
7386	2
7387	4
7388	0
7389	3
7390	3
7391	0
7392	2
7393	4
7394	0
7395	4
7396	2
7397	0
7398	2
7399	3
7400	2
7401	3
7402	1
7403	0
7404	1
7405	3
7406	1
7407	3
7408	3
7409	1
7410	3
7411	0
7412	3
7413	3
7414	3
7415	0
7416	0
7417	1
7418	3
7419	0
7420	2
7421	2
7422	1
7423	3
7424	0
7425	1
7426	3
7427	3
7428	2
7429	5
7430	5
7431	1
7432	2
7433	2
7434	1
7435	2
7436	3
7437	2
7438	5
7439	1
7440	4
7441	3
7442	1
7443	1
7444	1
7445	4
7446	0
7447	4
7448	1
7449	2
7450	3
7451	0
7452	2
7453	0
7454	6
7455	1
7456	2
7457	0
7458	3
7459	1
7460	2
7461	3
7462	4
7463	2
7464	2
7465	1
7466	0
7467	1
7468	2
7469	1
7470	0
7471	3
7472	1
7473	1
7474	2
7475	1
7476	2
7477	1
7478	1
7479	0
7480	2
7481	4
7482	2
7483	4
7484	1
7485	0
7486	3
7487	3
7488	1
7489	0
7490	1
7491	2
7492	1
7493	2
7494	3
7495	2
7496	1
7497	3
7498	2
7499	1
7500	0
7501	0
7502	3
7503	1
7504	1
7505	2
7506	4
7507	4
7508	0
7509	2
7510	0
7511	3
7512	1
7513	2
7514	4
7515	2
7516	0
7517	4
7518	2
7519	2
7520	0
7521	1
7522	1
7523	0
7524	0
7525	2
7526	1
7527	2
7528	1
7529	1
7530	1
7531	1
7532	0
7533	1
7534	4
7535	1
7536	2
7537	3
7538	2
7539	2
7540	2
7541	2
7542	0
7543	2
7544	1
7545	2
7546	2
7547	2
7548	1
7549	1
7550	1
7551	3
7552	3
7553	0
7554	4
7555	1
7556	1
7557	5
7558	0
7559	1
7560	0
7561	2
7562	1
7563	3
7564	3
7565	0
7566	3
7567	2
7568	1
7569	2
7570	0
7571	2
7572	1
7573	0
7574	4
7575	0
7576	0
7577	2
7578	1
7579	0
7580	3
7581	3
7582	4
7583	2
7584	4
7585	0
7586	1
7587	1
7588	0
7589	0
7590	2
7591	2
7592	1
7593	2
7594	0
7595	1
7596	0
7597	0
7598	1
7599	1
7600	1
7601	1
7602	5
7603	0
7604	2
7605	3
7606	0
7607	2
7608	0
7609	1
7610	1
7611	3
7612	1
7613	0
7614	1
7615	0
7616	2
7617	2
7618	1
7619	4
7620	2
7621	2
7622	1
7623	3
7624	6
7625	0
7626	0
7627	2
7628	1
7629	6
7630	2
7631	1
7632	3
7633	2
7634	3
7635	1
7636	2
7637	0
7638	2
7639	1
7640	1
7641	2
7642	1
7643	1
7644	1
7645	2
7646	3
7647	1
7648	2
7649	1
7650	4
7651	1
7652	5
7653	0
7654	2
7655	2
7656	1
7657	0
7658	3
7659	1
7660	3
7661	1
7662	0
7663	5
7664	2
7665	1
7666	0
7667	1
7668	5
7669	2
7670	2
7671	1
7672	0
7673	1
7674	1
7675	1
7676	1
7677	5
7678	2
7679	3
7680	3
7681	1
7682	2
7683	3
7684	3
7685	1
7686	1
7687	2
7688	1
7689	0
7690	2
7691	3
7692	3
7693	1
7694	1
7695	2
7696	3
7697	1
7698	2
7699	2
7700	1
7701	3
7702	2
7703	2
7704	3
7705	4
7706	2
7707	0
7708	2
7709	2
7710	1
7711	1
7712	3
7713	2
7714	0
7715	2
7716	3
7717	2
7718	4
7719	0
7720	4
7721	1
7722	0
7723	2
7724	3
7725	1
7726	1
7727	0
7728	2
7729	1
7730	1
7731	4
7732	6
7733	4
7734	3
7735	3
7736	1
7737	0
7738	3
7739	2
7740	1
7741	0
7742	1
7743	2
7744	3
7745	2
7746	1
7747	3
7748	2
7749	3
7750	2
7751	2
7752	3
7753	2
7754	3
7755	0
7756	1
7757	1
7758	1
7759	3
7760	1
7761	2
7762	4
7763	1
7764	1
7765	3
7766	2
7767	4
7768	3
7769	1
7770	5
7771	0
7772	3
7773	0
7774	2
7775	1
7776	1
7777	2
7778	2
7779	1
7780	2
7781	6
7782	1
7783	2
7784	0
7785	1
7786	2
7787	0
7788	2
7789	2
7790	2
7791	3
7792	0
7793	3
7794	1
7795	4
7796	2
7797	2
7798	0
7799	1
7800	2
7801	1
7802	2
7803	1
7804	1
7805	1
7806	2
7807	0
7808	0
7809	4
7810	1
7811	3
7812	2
7813	1
7814	2
7815	3
7816	2
7817	2
7818	1
7819	3
7820	0
7821	3
7822	1
7823	2
7824	4
7825	2
7826	2
7827	1
7828	0
7829	4
7830	1
7831	0
7832	1
7833	3
7834	1
7835	0
7836	1
7837	0
7838	1
7839	1
7840	1
7841	2
7842	1
7843	1
7844	1
7845	0
7846	0
7847	1
7848	2
7849	3
7850	2
7851	2
7852	4
7853	6
7854	1
7855	2
7856	3
7857	2
7858	0
7859	1
7860	1
7861	3
7862	2
7863	3
7864	5
7865	1
7866	4
7867	4
7868	0
7869	1
7870	4
7871	0
7872	5
7873	2
7874	0
7875	3
7876	1
7877	1
7878	2
7879	1
7880	1
7881	2
7882	0
7883	1
7884	1
7885	0
7886	1
7887	3
7888	1
7889	2
7890	1
7891	2
7892	0
7893	0
7894	2
7895	3
7896	2
7897	1
7898	4
7899	2
7900	1
7901	0
7902	1
7903	1
7904	0
7905	4
7906	4
7907	2
7908	3
7909	1
7910	5
7911	2
7912	3
7913	2
7914	2
7915	5
7916	3
7917	3
7918	2
7919	1
7920	1
7921	2
7922	1
7923	2
7924	2
7925	1
7926	4
7927	1
7928	3
7929	1
7930	1
7931	2
7932	0
7933	0
7934	0
7935	4
7936	1
7937	2
7938	2
7939	5
7940	2
7941	0
7942	3
7943	2
7944	3
7945	1
7946	2
7947	1
7948	3
7949	2
7950	4
7951	5
7952	2
7953	2
7954	2
7955	2
7956	3
7957	3
7958	2
7959	2
7960	2
7961	0
7962	3
7963	4
7964	0
7965	3
7966	1
7967	1
7968	1
7969	1
7970	2
7971	4
7972	1
7973	1
7974	0
7975	0
7976	2
7977	5
7978	3
7979	0
7980	4
7981	0
7982	2
7983	0
7984	1
7985	4
7986	3
7987	2
7988	5
7989	1
7990	0
7991	3
7992	2
7993	3
7994	2
7995	5
7996	2
7997	2
7998	2
7999	0
8000	1
8001	1
8002	3
8003	4
8004	0
8005	2
8006	1
8007	0
8008	1
8009	2
8010	0
8011	1
8012	2
8013	3
8014	3
8015	3
8016	0
8017	3
8018	0
8019	1
8020	0
8021	3
8022	0
8023	1
8024	3
8025	1
8026	0
8027	1
8028	2
8029	2
8030	2
8031	1
8032	2
8033	0
8034	4
8035	0
8036	2
8037	0
8038	2
8039	1
8040	1
8041	3
8042	0
8043	1
8044	2
8045	3
8046	1
8047	2
8048	3
8049	0
8050	2
8051	2
8052	0
8053	1
8054	4
8055	3
8056	0
8057	2
8058	1
8059	0
8060	3
8061	4
8062	2
8063	3
8064	0
8065	0
8066	0
8067	0
8068	0
8069	0
8070	0
8071	0
8072	0
8073	0
8074	0
8075	0
8076	0
8077	0
8078	0
8079	0
8080	0
8081	0
8082	0
8083	0
8084	0
8085	0
8086	0
8087	0
8088	0
8089	0
8090	0
8091	0
8092	0
8093	0
8094	0
8095	0
8096	0
8097	0
8098	0
8099	0
8100	0
8101	0
8102	0
8103	0
8104	0
8105	0
8106	0
8107	0
8108	0
8109	0
8110	0
8111	0
8112	0
8113	0
8114	0
8115	0
8116	0
8117	0
8118	0
8119	0
8120	0
8121	0
8122	0
8123	0
8124	0
8125	0
8126	0
8127	0
8128	0
8129	0
8130	0
8131	0
8132	0
8133	0
8134	0
8135	0
8136	0
8137	0
8138	0
8139	0
8140	0
8141	0
8142	0
8143	0
8144	0
8145	0
8146	0
8147	0
8148	0
8149	0
8150	0
8151	0
8152	0
8153	0
8154	0
8155	0
8156	0
8157	0
8158	0
8159	0
8160	0
8161	0
8162	0
8163	0
8164	0
8165	0
8166	0
8167	0
8168	0
8169	0
8170	0
8171	0
8172	0
8173	0
8174	0
8175	0
8176	0
8177	0
8178	0
8179	0
8180	0
8181	0
8182	0
8183	0
8184	0
8185	0
8186	0
8187	0
8188	0
8189	0
8190	0
8191	0
