-2	67773.66
-1	67808.92
0	0
1	0
2	0
3	0
4	0
5	0
6	0
7	0
8	0
9	0
10	0
11	0
12	0
13	0
14	0
15	0
16	0
17	0
18	0
19	0
20	0
21	0
22	0
23	0
24	0
25	0
26	0
27	0
28	0
29	0
30	0
31	0
32	0
33	0
34	0
35	0
36	0
37	0
38	0
39	0
40	0
41	0
42	0
43	0
44	0
45	0
46	4
47	1
48	1
49	142
50	557
51	810
52	846
53	993
54	1190
55	1183
56	1334
57	1324
58	1331
59	1319
60	1215
61	1237
62	1201
63	1151
64	1270
65	1313
66	1299
67	1267
68	1212
69	1205
70	1200
71	1207
72	1275
73	1418
74	1427
75	1244
76	1237
77	1120
78	1136
79	1127
80	1150
81	1113
82	1048
83	1086
84	1053
85	1059
86	1101
87	1112
88	1028
89	1023
90	976
91	1022
92	1002
93	1099
94	1028
95	1056
96	992
97	1022
98	1057
99	1036
100	1083
101	1025
102	1044
103	1044
104	1031
105	1090
106	1070
107	1099
108	1106
109	1106
110	1105
111	1046
112	1166
113	1164
114	1166
115	1140
116	1138
117	1157
118	1174
119	1173
120	1279
121	1264
122	1236
123	1247
124	1215
125	1297
126	1262
127	1309
128	1346
129	1308
130	1250
131	1354
132	1334
133	1307
134	1487
135	1403
136	1384
137	1365
138	1387
139	1381
140	1394
141	1446
142	1397
143	1377
144	1411
145	1473
146	1496
147	1506
148	1465
149	1495
150	1475
151	1534
152	1484
153	1435
154	1582
155	1604
156	1570
157	1522
158	1567
159	1520
160	1565
161	1568
162	1544
163	1561
164	1520
165	1603
166	1606
167	1619
168	1579
169	1572
170	1608
171	1579
172	1614
173	1549
174	1647
175	1628
176	1638
177	1656
178	1566
179	1582
180	1625
181	1600
182	1684
183	1626
184	1562
185	1618
186	1617
187	1606
188	1603
189	1672
190	1583
191	1665
192	1663
193	1563
194	1622
195	1630
196	1698
197	1627
198	1555
199	1616
200	1614
201	1636
202	1529
203	1616
204	1625
205	1560
206	1648
207	1620
208	1596
209	1635
210	1573
211	1572
212	1541
213	1567
214	1566
215	1612
216	1569
217	1528
218	1592
219	1653
220	1725
221	1593
222	1488
223	1536
224	1535
225	1532
226	1559
227	1520
228	1611
229	1635
230	1708
231	1679
232	1597
233	1589
234	1445
235	1426
236	1467
237	1495
238	1500
239	1508
240	1464
241	1477
242	1412
243	1437
244	1422
245	1462
246	1492
247	1419
248	1362
249	1429
250	1467
251	1415
252	1425
253	1365
254	1389
255	1406
256	1340
257	1372
258	1463
259	1453
260	1352
261	1408
262	1376
263	1360
264	1347
265	1409
266	1307
267	1353
268	1384
269	1334
270	1300
271	1355
272	1272
273	1312
274	1322
275	1258
276	1231
277	1277
278	1302
279	1302
280	1280
281	1218
282	1263
283	1242
284	1270
285	1276
286	1279
287	1247
288	1219
289	1251
290	1180
291	1202
292	1260
293	1203
294	1273
295	1219
296	1247
297	1195
298	1188
299	1163
300	1241
301	1219
302	1240
303	1214
304	1184
305	1249
306	1150
307	1185
308	1119
309	1183
310	1154
311	1162
312	1150
313	1156
314	1138
315	1103
316	1139
317	1175
318	1161
319	1136
320	1140
321	1097
322	1103
323	1132
324	1231
325	1186
326	1209
327	1186
328	1096
329	1118
330	1089
331	1220
332	1264
333	1261
334	1195
335	1088
336	1083
337	1075
338	1081
339	1080
340	1097
341	1099
342	1132
343	1371
344	1801
345	2037
346	1880
347	1491
348	1252
349	1126
350	1042
351	1039
352	1047
353	1071
354	1046
355	1238
356	1438
357	1624
358	1500
359	1298
360	1077
361	990
362	1108
363	995
364	963
365	1100
366	1181
367	1629
368	1754
369	2086
370	2669
371	3311
372	2868
373	1987
374	1306
375	1099
376	1072
377	1054
378	1045
379	988
380	889
381	880
382	908
383	886
384	858
385	946
386	891
387	938
388	932
389	982
390	1023
391	936
392	840
393	875
394	876
395	898
396	818
397	909
398	859
399	836
400	851
401	832
402	843
403	855
404	868
405	923
406	1243
407	1797
408	2102
409	1922
410	1573
411	1195
412	1007
413	880
414	947
415	1211
416	1505
417	1681
418	1390
419	1012
420	821
421	782
422	801
423	824
424	896
425	962
426	885
427	782
428	776
429	741
430	740
431	795
432	753
433	758
434	726
435	743
436	753
437	764
438	711
439	794
440	773
441	790
442	780
443	716
444	711
445	719
446	661
447	669
448	670
449	704
450	745
451	723
452	707
453	749
454	744
455	680
456	687
457	787
458	728
459	791
460	784
461	792
462	837
463	831
464	879
465	838
466	716
467	708
468	667
469	694
470	759
471	784
472	821
473	754
474	702
475	745
476	683
477	644
478	699
479	684
480	646
481	660
482	647
483	605
484	692
485	641
486	702
487	648
488	744
489	739
490	638
491	677
492	599
493	627
494	655
495	662
496	645
497	661
498	646
499	689
500	663
501	651
502	733
503	686
504	659
505	683
506	639
507	680
508	704
509	654
510	641
511	631
512	670
513	642
514	679
515	677
516	629
517	642
518	618
519	642
520	606
521	617
522	583
523	606
524	597
525	597
526	608
527	598
528	610
529	591
530	603
531	565
532	573
533	583
534	560
535	578
536	591
537	592
538	564
539	547
540	558
541	571
542	572
543	579
544	543
545	535
546	544
547	525
548	533
549	561
550	580
551	610
552	505
553	557
554	527
555	570
556	554
557	562
558	600
559	591
560	634
561	842
562	1239
563	1910
564	2632
565	3103
566	2836
567	2212
568	1545
569	1009
570	752
571	659
572	550
573	538
574	513
575	534
576	526
577	511
578	499
579	537
580	516
581	487
582	500
583	523
584	489
585	494
586	475
587	487
588	456
589	494
590	482
591	455
592	495
593	449
594	462
595	449
596	465
597	453
598	461
599	406
600	464
601	497
602	474
603	463
604	450
605	457
606	428
607	464
608	454
609	424
610	447
611	435
612	434
613	439
614	488
615	437
616	398
617	439
618	412
619	434
620	440
621	439
622	455
623	420
624	460
625	430
626	442
627	464
628	444
629	401
630	486
631	453
632	423
633	458
634	442
635	412
636	442
637	393
638	430
639	402
640	395
641	444
642	477
643	507
644	557
645	609
646	587
647	445
648	447
649	401
650	432
651	395
652	428
653	417
654	424
655	394
656	412
657	396
658	442
659	480
660	542
661	560
662	541
663	513
664	498
665	468
666	487
667	494
668	516
669	516
670	485
671	513
672	629
673	705
674	725
675	638
676	576
677	412
678	493
679	463
680	461
681	515
682	583
683	716
684	910
685	947
686	769
687	563
688	466
689	442
690	409
691	413
692	438
693	391
694	444
695	389
696	425
697	420
698	397
699	405
700	436
701	395
702	403
703	391
704	399
705	382
706	406
707	425
708	426
709	453
710	437
711	441
712	357
713	398
714	367
715	365
716	383
717	382
718	398
719	438
720	480
721	612
722	700
723	647
724	474
725	416
726	384
727	350
728	379
729	570
730	1151
731	2405
732	3464
733	3415
734	2388
735	1100
736	540
737	330
738	336
739	360
740	408
741	365
742	342
743	315
744	287
745	332
746	343
747	315
748	330
749	305
750	316
751	314
752	343
753	319
754	306
755	301
756	327
757	305
758	346
759	353
760	480
761	557
762	594
763	497
764	411
765	358
766	381
767	414
768	406
769	373
770	402
771	419
772	363
773	367
774	347
775	341
776	326
777	355
778	348
779	349
780	320
781	326
782	334
783	354
784	398
785	375
786	334
787	317
788	326
789	309
790	291
791	333
792	309
793	300
794	370
795	435
796	868
797	1474
798	2016
799	1724
800	1189
801	627
802	393
803	333
804	341
805	325
806	324
807	317
808	286
809	271
810	296
811	289
812	303
813	294
814	366
815	394
816	408
817	343
818	324
819	314
820	293
821	311
822	247
823	277
824	263
825	267
826	243
827	261
828	279
829	289
830	250
831	296
832	273
833	277
834	301
835	342
836	313
837	316
838	324
839	270
840	293
841	265
842	276
843	269
844	255
845	276
846	291
847	281
848	312
849	372
850	354
851	362
852	346
853	323
854	327
855	269
856	273
857	234
858	242
859	243
860	244
861	236
862	235
863	257
864	234
865	270
866	253
867	243
868	245
869	276
870	264
871	245
872	258
873	251
874	308
875	260
876	294
877	277
878	284
879	279
880	262
881	266
882	201
883	243
884	234
885	239
886	236
887	248
888	243
889	235
890	254
891	250
892	224
893	230
894	260
895	253
896	245
897	251
898	248
899	236
900	236
901	242
902	227
903	210
904	227
905	217
906	248
907	235
908	230
909	228
910	218
911	220
912	219
913	239
914	223
915	212
916	252
917	242
918	221
919	235
920	225
921	247
922	252
923	288
924	244
925	286
926	272
927	291
928	297
929	269
930	290
931	256
932	254
933	284
934	280
935	304
936	312
937	301
938	259
939	277
940	253
941	272
942	247
943	218
944	248
945	246
946	244
947	240
948	268
949	278
950	277
951	251
952	277
953	281
954	246
955	263
956	233
957	238
958	281
959	248
960	242
961	270
962	280
963	251
964	247
965	246
966	224
967	224
968	220
969	219
970	247
971	232
972	217
973	237
974	222
975	230
976	240
977	230
978	219
979	223
980	238
981	235
982	212
983	235
984	228
985	224
986	224
987	232
988	277
989	236
990	251
991	234
992	255
993	236
994	213
995	220
996	217
997	216
998	244
999	273
1000	253
1001	209
1002	214
1003	238
1004	279
1005	332
1006	385
1007	461
1008	395
1009	290
1010	232
1011	209
1012	178
1013	195
1014	192
1015	213
1016	211
1017	239
1018	222
1019	183
1020	211
1021	180
1022	185
1023	216
1024	183
1025	195
1026	206
1027	217
1028	233
1029	208
1030	217
1031	210
1032	226
1033	227
1034	211
1035	188
1036	209
1037	201
1038	207
1039	207
1040	182
1041	172
1042	203
1043	227
1044	187
1045	163
1046	190
1047	196
1048	218
1049	202
1050	227
1051	209
1052	210
1053	201
1054	223
1055	199
1056	202
1057	212
1058	212
1059	178
1060	192
1061	217
1062	233
1063	272
1064	278
1065	263
1066	223
1067	261
1068	246
1069	299
1070	314
1071	325
1072	271
1073	208
1074	195
1075	190
1076	178
1077	161
1078	169
1079	184
1080	196
1081	168
1082	176
1083	234
1084	179
1085	196
1086	196
1087	176
1088	176
1089	180
1090	196
1091	153
1092	180
1093	153
1094	158
1095	172
1096	184
1097	178
1098	175
1099	162
1100	164
1101	176
1102	177
1103	190
1104	211
1105	181
1106	186
1107	168
1108	195
1109	183
1110	190
1111	180
1112	180
1113	165
1114	184
1115	213
1116	188
1117	178
1118	175
1119	194
1120	204
1121	184
1122	209
1123	204
1124	157
1125	161
1126	168
1127	165
1128	177
1129	178
1130	169
1131	180
1132	168
1133	182
1134	168
1135	189
1136	185
1137	161
1138	166
1139	174
1140	170
1141	141
1142	161
1143	170
1144	147
1145	163
1146	179
1147	186
1148	195
1149	180
1150	181
1151	186
1152	179
1153	198
1154	156
1155	188
1156	184
1157	178
1158	201
1159	204
1160	210
1161	197
1162	207
1163	200
1164	189
1165	177
1166	196
1167	173
1168	189
1169	197
1170	186
1171	148
1172	169
1173	180
1174	199
1175	170
1176	199
1177	196
1178	180
1179	182
1180	170
1181	171
1182	166
1183	211
1184	205
1185	171
1186	186
1187	163
1188	176
1189	167
1190	188
1191	167
1192	179
1193	171
1194	142
1195	160
1196	170
1197	170
1198	179
1199	193
1200	181
1201	190
1202	174
1203	180
1204	174
1205	144
1206	168
1207	160
1208	190
1209	180
1210	188
1211	158
1212	156
1213	169
1214	164
1215	149
1216	185
1217	141
1218	148
1219	173
1220	145
1221	146
1222	192
1223	176
1224	156
1225	167
1226	157
1227	180
1228	167
1229	194
1230	176
1231	197
1232	199
1233	196
1234	231
1235	216
1236	246
1237	282
1238	331
1239	344
1240	234
1241	226
1242	165
1243	171
1244	163
1245	176
1246	160
1247	162
1248	210
1249	180
1250	159
1251	170
1252	166
1253	171
1254	171
1255	173
1256	156
1257	160
1258	183
1259	174
1260	171
1261	159
1262	146
1263	154
1264	167
1265	147
1266	134
1267	162
1268	169
1269	184
1270	174
1271	179
1272	144
1273	141
1274	165
1275	175
1276	168
1277	203
1278	162
1279	157
1280	145
1281	148
1282	152
1283	151
1284	159
1285	150
1286	157
1287	163
1288	168
1289	166
1290	175
1291	143
1292	135
1293	164
1294	168
1295	170
1296	181
1297	176
1298	181
1299	154
1300	170
1301	146
1302	160
1303	131
1304	174
1305	133
1306	163
1307	149
1308	144
1309	155
1310	170
1311	151
1312	164
1313	164
1314	170
1315	164
1316	165
1317	159
1318	143
1319	142
1320	176
1321	165
1322	166
1323	148
1324	159
1325	174
1326	145
1327	169
1328	152
1329	157
1330	168
1331	150
1332	161
1333	160
1334	141
1335	176
1336	167
1337	161
1338	154
1339	160
1340	164
1341	199
1342	165
1343	163
1344	163
1345	178
1346	173
1347	162
1348	151
1349	191
1350	181
1351	162
1352	171
1353	176
1354	159
1355	160
1356	153
1357	170
1358	161
1359	162
1360	175
1361	208
1362	159
1363	171
1364	188
1365	183
1366	215
1367	201
1368	250
1369	181
1370	200
1371	174
1372	155
1373	163
1374	167
1375	151
1376	172
1377	149
1378	131
1379	141
1380	139
1381	157
1382	147
1383	154
1384	156
1385	133
1386	157
1387	141
1388	148
1389	143
1390	164
1391	139
1392	132
1393	142
1394	127
1395	145
1396	144
1397	127
1398	158
1399	130
1400	110
1401	129
1402	116
1403	136
1404	145
1405	128
1406	141
1407	116
1408	141
1409	148
1410	151
1411	127
1412	147
1413	136
1414	162
1415	123
1416	133
1417	151
1418	123
1419	119
1420	155
1421	158
1422	132
1423	113
1424	136
1425	120
1426	122
1427	136
1428	135
1429	116
1430	127
1431	126
1432	104
1433	134
1434	128
1435	110
1436	118
1437	112
1438	131
1439	117
1440	122
1441	128
1442	107
1443	111
1444	125
1445	113
1446	113
1447	113
1448	103
1449	123
1450	121
1451	125
1452	132
1453	145
1454	136
1455	139
1456	106
1457	122
1458	92
1459	117
1460	116
1461	97
1462	117
1463	119
1464	148
1465	146
1466	136
1467	125
1468	144
1469	106
1470	107
1471	104
1472	117
1473	116
1474	131
1475	126
1476	102
1477	112
1478	106
1479	119
1480	104
1481	116
1482	105
1483	97
1484	98
1485	113
1486	119
1487	126
1488	102
1489	127
1490	107
1491	123
1492	142
1493	115
1494	129
1495	133
1496	89
1497	102
1498	114
1499	116
1500	92
1501	93
1502	127
1503	94
1504	118
1505	99
1506	111
1507	93
1508	109
1509	101
1510	110
1511	91
1512	108
1513	94
1514	87
1515	106
1516	105
1517	100
1518	114
1519	118
1520	120
1521	140
1522	142
1523	152
1524	122
1525	90
1526	104
1527	115
1528	96
1529	112
1530	113
1531	102
1532	92
1533	84
1534	102
1535	100
1536	90
1537	108
1538	108
1539	108
1540	95
1541	86
1542	94
1543	103
1544	86
1545	88
1546	81
1547	85
1548	109
1549	119
1550	122
1551	105
1552	92
1553	119
1554	117
1555	135
1556	111
1557	133
1558	97
1559	145
1560	92
1561	105
1562	86
1563	100
1564	95
1565	103
1566	84
1567	109
1568	115
1569	101
1570	95
1571	85
1572	103
1573	99
1574	101
1575	101
1576	88
1577	100
1578	84
1579	88
1580	94
1581	104
1582	94
1583	100
1584	103
1585	121
1586	94
1587	98
1588	100
1589	107
1590	98
1591	108
1592	99
1593	100
1594	85
1595	111
1596	96
1597	114
1598	92
1599	82
1600	102
1601	110
1602	101
1603	112
1604	92
1605	92
1606	104
1607	96
1608	122
1609	163
1610	267
1611	664
1612	1335
1613	1939
1614	2084
1615	1680
1616	1011
1617	441
1618	192
1619	95
1620	83
1621	99
1622	66
1623	71
1624	85
1625	88
1626	89
1627	80
1628	91
1629	85
1630	65
1631	85
1632	98
1633	66
1634	85
1635	86
1636	92
1637	81
1638	102
1639	78
1640	84
1641	74
1642	80
1643	83
1644	66
1645	80
1646	66
1647	77
1648	72
1649	79
1650	85
1651	97
1652	91
1653	102
1654	82
1655	77
1656	90
1657	95
1658	93
1659	66
1660	92
1661	86
1662	60
1663	81
1664	62
1665	80
1666	114
1667	95
1668	99
1669	91
1670	91
1671	81
1672	83
1673	84
1674	77
1675	78
1676	66
1677	77
1678	69
1679	63
1680	73
1681	74
1682	87
1683	73
1684	78
1685	92
1686	87
1687	80
1688	78
1689	74
1690	78
1691	70
1692	68
1693	75
1694	68
1695	69
1696	78
1697	70
1698	77
1699	76
1700	72
1701	76
1702	69
1703	83
1704	90
1705	80
1706	79
1707	83
1708	80
1709	80
1710	65
1711	71
1712	82
1713	56
1714	79
1715	68
1716	74
1717	67
1718	70
1719	87
1720	79
1721	80
1722	55
1723	75
1724	75
1725	70
1726	76
1727	54
1728	72
1729	76
1730	74
1731	71
1732	45
1733	71
1734	84
1735	50
1736	76
1737	77
1738	55
1739	71
1740	61
1741	78
1742	58
1743	63
1744	77
1745	75
1746	80
1747	84
1748	84
1749	70
1750	74
1751	89
1752	73
1753	96
1754	120
1755	121
1756	94
1757	85
1758	99
1759	90
1760	91
1761	66
1762	89
1763	82
1764	77
1765	79
1766	61
1767	66
1768	76
1769	63
1770	68
1771	56
1772	70
1773	59
1774	71
1775	70
1776	57
1777	64
1778	58
1779	63
1780	61
1781	52
1782	76
1783	78
1784	73
1785	61
1786	79
1787	82
1788	80
1789	84
1790	88
1791	69
1792	85
1793	82
1794	84
1795	71
1796	71
1797	63
1798	80
1799	90
1800	81
1801	91
1802	82
1803	70
1804	79
1805	61
1806	61
1807	59
1808	68
1809	60
1810	68
1811	59
1812	65
1813	66
1814	69
1815	57
1816	68
1817	63
1818	80
1819	62
1820	53
1821	45
1822	66
1823	72
1824	59
1825	62
1826	53
1827	83
1828	68
1829	69
1830	52
1831	70
1832	65
1833	76
1834	74
1835	79
1836	72
1837	59
1838	60
1839	56
1840	58
1841	54
1842	62
1843	64
1844	63
1845	55
1846	57
1847	74
1848	46
1849	48
1850	67
1851	58
1852	50
1853	64
1854	60
1855	58
1856	63
1857	61
1858	52
1859	50
1860	54
1861	57
1862	64
1863	65
1864	54
1865	60
1866	56
1867	71
1868	68
1869	65
1870	73
1871	74
1872	62
1873	63
1874	56
1875	67
1876	50
1877	58
1878	69
1879	74
1880	50
1881	67
1882	59
1883	58
1884	60
1885	65
1886	64
1887	49
1888	73
1889	69
1890	60
1891	77
1892	70
1893	69
1894	68
1895	52
1896	53
1897	67
1898	74
1899	59
1900	70
1901	67
1902	76
1903	69
1904	56
1905	61
1906	85
1907	74
1908	86
1909	92
1910	102
1911	105
1912	96
1913	63
1914	78
1915	57
1916	75
1917	76
1918	58
1919	56
1920	63
1921	62
1922	62
1923	70
1924	56
1925	58
1926	80
1927	60
1928	51
1929	66
1930	55
1931	50
1932	69
1933	47
1934	61
1935	60
1936	64
1937	56
1938	79
1939	49
1940	58
1941	58
1942	44
1943	64
1944	69
1945	72
1946	95
1947	158
1948	213
1949	203
1950	211
1951	166
1952	119
1953	75
1954	53
1955	64
1956	63
1957	67
1958	69
1959	65
1960	51
1961	52
1962	69
1963	61
1964	59
1965	65
1966	53
1967	66
1968	57
1969	74
1970	63
1971	61
1972	50
1973	50
1974	50
1975	61
1976	59
1977	54
1978	61
1979	70
1980	59
1981	66
1982	58
1983	64
1984	48
1985	55
1986	55
1987	58
1988	51
1989	47
1990	69
1991	64
1992	56
1993	63
1994	63
1995	53
1996	68
1997	48
1998	53
1999	57
2000	59
2001	60
2002	59
2003	54
2004	59
2005	41
2006	54
2007	54
2008	68
2009	56
2010	58
2011	59
2012	66
2013	67
2014	51
2015	68
2016	54
2017	50
2018	59
2019	58
2020	45
2021	46
2022	65
2023	52
2024	56
2025	49
2026	65
2027	60
2028	56
2029	57
2030	57
2031	58
2032	73
2033	65
2034	65
2035	69
2036	64
2037	55
2038	61
2039	56
2040	76
2041	70
2042	73
2043	77
2044	61
2045	50
2046	50
2047	62
2048	44
2049	57
2050	52
2051	50
2052	54
2053	68
2054	57
2055	55
2056	45
2057	66
2058	64
2059	40
2060	55
2061	51
2062	64
2063	51
2064	49
2065	54
2066	52
2067	57
2068	47
2069	51
2070	63
2071	52
2072	66
2073	46
2074	47
2075	48
2076	53
2077	53
2078	50
2079	41
2080	52
2081	56
2082	58
2083	67
2084	55
2085	57
2086	61
2087	57
2088	47
2089	67
2090	53
2091	45
2092	64
2093	74
2094	56
2095	51
2096	60
2097	34
2098	64
2099	49
2100	54
2101	59
2102	37
2103	66
2104	43
2105	43
2106	45
2107	57
2108	41
2109	36
2110	46
2111	52
2112	39
2113	47
2114	49
2115	44
2116	44
2117	52
2118	51
2119	50
2120	62
2121	56
2122	65
2123	62
2124	50
2125	47
2126	69
2127	46
2128	43
2129	53
2130	47
2131	60
2132	46
2133	69
2134	63
2135	46
2136	53
2137	54
2138	57
2139	59
2140	56
2141	73
2142	55
2143	47
2144	52
2145	64
2146	54
2147	45
2148	49
2149	48
2150	58
2151	61
2152	45
2153	44
2154	49
2155	57
2156	51
2157	53
2158	46
2159	44
2160	45
2161	57
2162	62
2163	65
2164	39
2165	60
2166	66
2167	54
2168	58
2169	57
2170	52
2171	52
2172	53
2173	49
2174	63
2175	58
2176	53
2177	44
2178	62
2179	46
2180	61
2181	61
2182	56
2183	57
2184	61
2185	41
2186	51
2187	60
2188	47
2189	45
2190	49
2191	62
2192	52
2193	56
2194	62
2195	50
2196	56
2197	45
2198	45
2199	51
2200	60
2201	66
2202	50
2203	54
2204	67
2205	45
2206	54
2207	50
2208	48
2209	51
2210	51
2211	54
2212	48
2213	50
2214	45
2215	42
2216	61
2217	44
2218	54
2219	61
2220	51
2221	47
2222	47
2223	44
2224	57
2225	47
2226	50
2227	50
2228	55
2229	51
2230	59
2231	52
2232	45
2233	55
2234	44
2235	57
2236	47
2237	60
2238	53
2239	52
2240	56
2241	50
2242	53
2243	45
2244	51
2245	62
2246	63
2247	55
2248	44
2249	58
2250	36
2251	42
2252	49
2253	47
2254	53
2255	42
2256	63
2257	52
2258	56
2259	43
2260	47
2261	44
2262	45
2263	44
2264	47
2265	57
2266	50
2267	48
2268	47
2269	60
2270	44
2271	65
2272	51
2273	43
2274	53
2275	40
2276	55
2277	45
2278	47
2279	47
2280	50
2281	58
2282	45
2283	49
2284	57
2285	48
2286	47
2287	54
2288	55
2289	61
2290	60
2291	47
2292	51
2293	47
2294	50
2295	49
2296	62
2297	41
2298	47
2299	34
2300	53
2301	45
2302	37
2303	46
2304	57
2305	39
2306	62
2307	48
2308	48
2309	39
2310	46
2311	51
2312	62
2313	48
2314	44
2315	49
2316	54
2317	67
2318	54
2319	67
2320	85
2321	82
2322	88
2323	78
2324	85
2325	74
2326	79
2327	51
2328	57
2329	51
2330	65
2331	40
2332	53
2333	39
2334	47
2335	39
2336	52
2337	52
2338	60
2339	62
2340	58
2341	65
2342	65
2343	46
2344	45
2345	50
2346	47
2347	54
2348	50
2349	47
2350	34
2351	44
2352	59
2353	64
2354	46
2355	26
2356	53
2357	51
2358	55
2359	46
2360	46
2361	49
2362	54
2363	51
2364	51
2365	49
2366	42
2367	33
2368	56
2369	58
2370	48
2371	33
2372	52
2373	53
2374	51
2375	51
2376	42
2377	59
2378	44
2379	45
2380	45
2381	42
2382	40
2383	65
2384	38
2385	38
2386	49
2387	53
2388	43
2389	40
2390	42
2391	40
2392	55
2393	37
2394	56
2395	49
2396	37
2397	44
2398	45
2399	44
2400	50
2401	50
2402	50
2403	47
2404	50
2405	43
2406	44
2407	56
2408	60
2409	49
2410	55
2411	61
2412	51
2413	56
2414	48
2415	53
2416	57
2417	50
2418	46
2419	45
2420	37
2421	54
2422	52
2423	45
2424	45
2425	34
2426	44
2427	54
2428	53
2429	47
2430	43
2431	77
2432	71
2433	94
2434	113
2435	109
2436	105
2437	71
2438	51
2439	44
2440	43
2441	63
2442	48
2443	74
2444	58
2445	56
2446	50
2447	58
2448	51
2449	54
2450	53
2451	62
2452	66
2453	49
2454	48
2455	45
2456	45
2457	54
2458	63
2459	47
2460	41
2461	44
2462	57
2463	55
2464	37
2465	53
2466	55
2467	47
2468	57
2469	49
2470	55
2471	56
2472	47
2473	50
2474	52
2475	54
2476	35
2477	52
2478	44
2479	42
2480	41
2481	53
2482	50
2483	54
2484	45
2485	45
2486	33
2487	47
2488	49
2489	33
2490	34
2491	39
2492	51
2493	42
2494	40
2495	54
2496	39
2497	51
2498	47
2499	40
2500	45
2501	45
2502	44
2503	51
2504	52
2505	49
2506	51
2507	54
2508	52
2509	40
2510	44
2511	48
2512	50
2513	50
2514	54
2515	57
2516	60
2517	61
2518	41
2519	37
2520	51
2521	51
2522	45
2523	39
2524	50
2525	54
2526	48
2527	49
2528	46
2529	55
2530	41
2531	53
2532	42
2533	48
2534	50
2535	56
2536	51
2537	50
2538	51
2539	54
2540	53
2541	54
2542	47
2543	51
2544	42
2545	54
2546	48
2547	46
2548	48
2549	48
2550	49
2551	51
2552	45
2553	61
2554	35
2555	47
2556	44
2557	40
2558	50
2559	51
2560	61
2561	53
2562	43
2563	44
2564	48
2565	33
2566	38
2567	40
2568	49
2569	39
2570	43
2571	41
2572	53
2573	49
2574	29
2575	47
2576	42
2577	46
2578	43
2579	39
2580	48
2581	46
2582	54
2583	46
2584	41
2585	36
2586	49
2587	38
2588	49
2589	53
2590	53
2591	44
2592	45
2593	42
2594	51
2595	48
2596	45
2597	32
2598	48
2599	36
2600	54
2601	42
2602	36
2603	37
2604	58
2605	53
2606	54
2607	55
2608	53
2609	48
2610	54
2611	39
2612	43
2613	44
2614	53
2615	46
2616	52
2617	57
2618	40
2619	48
2620	48
2621	60
2622	57
2623	49
2624	71
2625	42
2626	38
2627	38
2628	41
2629	48
2630	52
2631	55
2632	42
2633	39
2634	31
2635	33
2636	47
2637	47
2638	35
2639	48
2640	54
2641	53
2642	40
2643	41
2644	53
2645	46
2646	30
2647	46
2648	42
2649	35
2650	40
2651	52
2652	43
2653	56
2654	48
2655	40
2656	37
2657	36
2658	36
2659	41
2660	36
2661	39
2662	49
2663	50
2664	55
2665	43
2666	51
2667	51
2668	55
2669	46
2670	62
2671	46
2672	35
2673	35
2674	50
2675	45
2676	46
2677	33
2678	48
2679	40
2680	39
2681	47
2682	47
2683	39
2684	45
2685	49
2686	49
2687	44
2688	37
2689	51
2690	42
2691	34
2692	53
2693	49
2694	34
2695	38
2696	49
2697	44
2698	44
2699	42
2700	47
2701	51
2702	56
2703	59
2704	53
2705	54
2706	51
2707	44
2708	34
2709	33
2710	25
2711	34
2712	41
2713	37
2714	34
2715	45
2716	40
2717	39
2718	45
2719	45
2720	41
2721	37
2722	35
2723	52
2724	37
2725	38
2726	40
2727	50
2728	34
2729	25
2730	32
2731	47
2732	53
2733	35
2734	33
2735	38
2736	43
2737	34
2738	35
2739	34
2740	25
2741	38
2742	45
2743	34
2744	47
2745	32
2746	34
2747	36
2748	43
2749	33
2750	41
2751	50
2752	29
2753	35
2754	36
2755	41
2756	36
2757	29
2758	47
2759	31
2760	44
2761	29
2762	35
2763	38
2764	34
2765	37
2766	46
2767	37
2768	45
2769	39
2770	40
2771	38
2772	37
2773	34
2774	22
2775	38
2776	35
2777	33
2778	37
2779	39
2780	26
2781	31
2782	30
2783	27
2784	42
2785	38
2786	38
2787	33
2788	35
2789	32
2790	46
2791	46
2792	37
2793	32
2794	38
2795	26
2796	30
2797	30
2798	40
2799	39
2800	26
2801	38
2802	27
2803	33
2804	29
2805	40
2806	33
2807	38
2808	37
2809	29
2810	34
2811	37
2812	35
2813	29
2814	41
2815	35
2816	32
2817	34
2818	44
2819	38
2820	26
2821	33
2822	25
2823	36
2824	41
2825	44
2826	35
2827	34
2828	27
2829	31
2830	36
2831	42
2832	35
2833	31
2834	33
2835	29
2836	36
2837	39
2838	33
2839	34
2840	34
2841	38
2842	35
2843	48
2844	38
2845	40
2846	42
2847	27
2848	23
2849	29
2850	33
2851	32
2852	26
2853	25
2854	29
2855	36
2856	39
2857	37
2858	39
2859	36
2860	35
2861	27
2862	36
2863	25
2864	29
2865	46
2866	35
2867	50
2868	48
2869	33
2870	33
2871	29
2872	42
2873	31
2874	44
2875	30
2876	23
2877	36
2878	27
2879	30
2880	43
2881	52
2882	68
2883	117
2884	209
2885	317
2886	439
2887	445
2888	439
2889	407
2890	248
2891	136
2892	73
2893	38
2894	35
2895	44
2896	24
2897	42
2898	30
2899	35
2900	28
2901	29
2902	28
2903	31
2904	38
2905	18
2906	33
2907	34
2908	31
2909	34
2910	38
2911	30
2912	33
2913	39
2914	22
2915	25
2916	35
2917	26
2918	28
2919	37
2920	25
2921	36
2922	31
2923	38
2924	28
2925	30
2926	35
2927	29
2928	22
2929	25
2930	29
2931	30
2932	39
2933	27
2934	26
2935	35
2936	34
2937	28
2938	30
2939	27
2940	29
2941	28
2942	23
2943	21
2944	36
2945	33
2946	19
2947	37
2948	25
2949	31
2950	27
2951	35
2952	36
2953	39
2954	44
2955	30
2956	41
2957	42
2958	28
2959	42
2960	37
2961	27
2962	29
2963	25
2964	33
2965	25
2966	19
2967	27
2968	33
2969	29
2970	36
2971	35
2972	30
2973	33
2974	33
2975	30
2976	34
2977	28
2978	38
2979	33
2980	30
2981	27
2982	31
2983	23
2984	30
2985	29
2986	25
2987	37
2988	37
2989	32
2990	26
2991	26
2992	36
2993	21
2994	29
2995	39
2996	27
2997	24
2998	30
2999	30
3000	32
3001	30
3002	39
3003	33
3004	29
3005	41
3006	31
3007	38
3008	34
3009	36
3010	28
3011	40
3012	21
3013	25
3014	33
3015	32
3016	30
3017	28
3018	32
3019	28
3020	31
3021	28
3022	37
3023	28
3024	21
3025	26
3026	31
3027	27
3028	32
3029	38
3030	33
3031	25
3032	26
3033	29
3034	34
3035	31
3036	27
3037	13
3038	38
3039	35
3040	23
3041	41
3042	33
3043	31
3044	24
3045	37
3046	34
3047	28
3048	25
3049	34
3050	41
3051	33
3052	20
3053	26
3054	27
3055	26
3056	34
3057	41
3058	32
3059	33
3060	34
3061	29
3062	23
3063	30
3064	36
3065	24
3066	23
3067	25
3068	21
3069	20
3070	30
3071	29
3072	34
3073	37
3074	20
3075	37
3076	24
3077	26
3078	29
3079	25
3080	33
3081	32
3082	33
3083	36
3084	39
3085	39
3086	25
3087	29
3088	24
3089	21
3090	35
3091	36
3092	31
3093	38
3094	32
3095	38
3096	29
3097	35
3098	35
3099	25
3100	33
3101	26
3102	19
3103	26
3104	27
3105	20
3106	34
3107	29
3108	32
3109	22
3110	35
3111	18
3112	21
3113	24
3114	36
3115	46
3116	24
3117	27
3118	18
3119	32
3120	23
3121	30
3122	28
3123	33
3124	24
3125	29
3126	33
3127	45
3128	23
3129	28
3130	30
3131	28
3132	22
3133	28
3134	30
3135	40
3136	43
3137	34
3138	29
3139	25
3140	32
3141	28
3142	29
3143	38
3144	35
3145	31
3146	32
3147	32
3148	21
3149	32
3150	36
3151	30
3152	41
3153	35
3154	39
3155	38
3156	28
3157	27
3158	40
3159	24
3160	36
3161	36
3162	27
3163	30
3164	25
3165	33
3166	24
3167	38
3168	30
3169	23
3170	23
3171	29
3172	16
3173	33
3174	25
3175	38
3176	28
3177	26
3178	36
3179	19
3180	22
3181	26
3182	32
3183	23
3184	21
3185	27
3186	29
3187	33
3188	24
3189	24
3190	32
3191	30
3192	36
3193	36
3194	32
3195	31
3196	23
3197	32
3198	27
3199	28
3200	23
3201	32
3202	20
3203	28
3204	33
3205	43
3206	26
3207	26
3208	23
3209	30
3210	35
3211	25
3212	28
3213	29
3214	28
3215	30
3216	26
3217	20
3218	21
3219	33
3220	31
3221	21
3222	29
3223	20
3224	30
3225	24
3226	24
3227	33
3228	33
3229	38
3230	24
3231	25
3232	27
3233	35
3234	18
3235	31
3236	26
3237	34
3238	34
3239	21
3240	23
3241	27
3242	33
3243	35
3244	35
3245	34
3246	39
3247	16
3248	44
3249	31
3250	22
3251	27
3252	25
3253	39
3254	30
3255	19
3256	25
3257	25
3258	22
3259	27
3260	30
3261	35
3262	26
3263	28
3264	28
3265	28
3266	31
3267	29
3268	34
3269	23
3270	25
3271	33
3272	29
3273	31
3274	29
3275	31
3276	30
3277	31
3278	22
3279	28
3280	25
3281	32
3282	24
3283	49
3284	35
3285	32
3286	24
3287	30
3288	32
3289	36
3290	40
3291	31
3292	25
3293	35
3294	34
3295	29
3296	23
3297	24
3298	23
3299	36
3300	28
3301	38
3302	32
3303	26
3304	33
3305	30
3306	32
3307	35
3308	23
3309	21
3310	22
3311	35
3312	34
3313	22
3314	32
3315	27
3316	37
3317	37
3318	33
3319	41
3320	33
3321	35
3322	32
3323	32
3324	24
3325	36
3326	36
3327	25
3328	29
3329	37
3330	38
3331	27
3332	38
3333	27
3334	34
3335	25
3336	26
3337	30
3338	27
3339	29
3340	37
3341	32
3342	23
3343	21
3344	38
3345	30
3346	24
3347	20
3348	24
3349	28
3350	27
3351	26
3352	27
3353	26
3354	26
3355	20
3356	35
3357	32
3358	32
3359	36
3360	34
3361	28
3362	28
3363	31
3364	31
3365	23
3366	27
3367	27
3368	21
3369	24
3370	25
3371	34
3372	34
3373	31
3374	31
3375	35
3376	22
3377	20
3378	21
3379	26
3380	27
3381	26
3382	25
3383	31
3384	24
3385	29
3386	24
3387	19
3388	39
3389	34
3390	25
3391	27
3392	25
3393	31
3394	33
3395	30
3396	29
3397	33
3398	22
3399	31
3400	21
3401	28
3402	31
3403	29
3404	26
3405	30
3406	35
3407	35
3408	40
3409	32
3410	31
3411	28
3412	22
3413	33
3414	28
3415	25
3416	24
3417	22
3418	26
3419	32
3420	38
3421	35
3422	27
3423	28
3424	43
3425	28
3426	28
3427	30
3428	22
3429	28
3430	30
3431	35
3432	26
3433	29
3434	23
3435	28
3436	24
3437	32
3438	40
3439	22
3440	30
3441	40
3442	24
3443	35
3444	31
3445	27
3446	22
3447	22
3448	40
3449	18
3450	33
3451	24
3452	33
3453	36
3454	20
3455	30
3456	25
3457	31
3458	28
3459	31
3460	36
3461	21
3462	27
3463	29
3464	30
3465	23
3466	29
3467	25
3468	24
3469	28
3470	28
3471	31
3472	29
3473	20
3474	25
3475	32
3476	27
3477	28
3478	28
3479	32
3480	32
3481	31
3482	20
3483	21
3484	41
3485	16
3486	28
3487	32
3488	19
3489	36
3490	29
3491	21
3492	32
3493	24
3494	33
3495	39
3496	20
3497	20
3498	27
3499	22
3500	24
3501	27
3502	31
3503	32
3504	26
3505	33
3506	32
3507	28
3508	26
3509	25
3510	36
3511	29
3512	37
3513	22
3514	36
3515	19
3516	19
3517	36
3518	26
3519	29
3520	25
3521	44
3522	27
3523	25
3524	17
3525	27
3526	26
3527	36
3528	26
3529	19
3530	26
3531	31
3532	22
3533	29
3534	34
3535	33
3536	26
3537	41
3538	24
3539	28
3540	39
3541	30
3542	27
3543	25
3544	26
3545	36
3546	35
3547	29
3548	32
3549	31
3550	34
3551	24
3552	23
3553	24
3554	15
3555	25
3556	27
3557	26
3558	31
3559	28
3560	27
3561	39
3562	27
3563	21
3564	35
3565	24
3566	25
3567	31
3568	32
3569	26
3570	34
3571	29
3572	36
3573	26
3574	26
3575	20
3576	28
3577	24
3578	25
3579	24
3580	28
3581	37
3582	18
3583	33
3584	20
3585	18
3586	29
3587	34
3588	32
3589	27
3590	21
3591	34
3592	27
3593	28
3594	25
3595	31
3596	32
3597	35
3598	31
3599	25
3600	39
3601	27
3602	30
3603	34
3604	32
3605	37
3606	29
3607	26
3608	31
3609	18
3610	27
3611	31
3612	29
3613	31
3614	22
3615	32
3616	38
3617	31
3618	33
3619	32
3620	29
3621	36
3622	33
3623	34
3624	26
3625	20
3626	27
3627	20
3628	22
3629	38
3630	22
3631	22
3632	30
3633	26
3634	29
3635	27
3636	17
3637	29
3638	23
3639	26
3640	26
3641	28
3642	28
3643	21
3644	36
3645	27
3646	31
3647	24
3648	26
3649	27
3650	24
3651	19
3652	38
3653	27
3654	33
3655	28
3656	29
3657	35
3658	25
3659	28
3660	34
3661	19
3662	35
3663	32
3664	32
3665	31
3666	26
3667	33
3668	27
3669	22
3670	28
3671	32
3672	33
3673	23
3674	29
3675	26
3676	29
3677	31
3678	30
3679	36
3680	26
3681	23
3682	31
3683	38
3684	27
3685	33
3686	30
3687	36
3688	30
3689	42
3690	25
3691	23
3692	21
3693	33
3694	31
3695	42
3696	21
3697	23
3698	33
3699	26
3700	28
3701	30
3702	35
3703	35
3704	40
3705	31
3706	34
3707	36
3708	20
3709	37
3710	26
3711	31
3712	29
3713	35
3714	32
3715	28
3716	28
3717	28
3718	44
3719	33
3720	33
3721	35
3722	39
3723	38
3724	31
3725	31
3726	30
3727	31
3728	32
3729	33
3730	30
3731	36
3732	41
3733	32
3734	35
3735	35
3736	38
3737	37
3738	33
3739	45
3740	40
3741	30
3742	33
3743	43
3744	47
3745	31
3746	38
3747	44
3748	42
3749	39
3750	43
3751	36
3752	44
3753	44
3754	36
3755	43
3756	39
3757	41
3758	38
3759	30
3760	29
3761	39
3762	36
3763	44
3764	41
3765	42
3766	47
3767	34
3768	36
3769	38
3770	35
3771	41
3772	28
3773	48
3774	49
3775	50
3776	43
3777	40
3778	46
3779	40
3780	39
3781	39
3782	43
3783	45
3784	42
3785	43
3786	40
3787	46
3788	42
3789	35
3790	35
3791	36
3792	45
3793	39
3794	36
3795	47
3796	55
3797	42
3798	44
3799	51
3800	52
3801	50
3802	30
3803	40
3804	39
3805	35
3806	39
3807	42
3808	38
3809	41
3810	44
3811	42
3812	35
3813	55
3814	46
3815	34
3816	49
3817	33
3818	41
3819	58
3820	44
3821	43
3822	49
3823	44
3824	51
3825	45
3826	27
3827	39
3828	44
3829	42
3830	33
3831	38
3832	28
3833	52
3834	30
3835	38
3836	41
3837	23
3838	32
3839	35
3840	35
3841	30
3842	43
3843	37
3844	29
3845	34
3846	44
3847	36
3848	41
3849	36
3850	38
3851	39
3852	43
3853	56
3854	42
3855	28
3856	48
3857	46
3858	46
3859	37
3860	41
3861	39
3862	34
3863	38
3864	21
3865	35
3866	28
3867	37
3868	42
3869	22
3870	29
3871	36
3872	37
3873	31
3874	40
3875	33
3876	38
3877	32
3878	45
3879	30
3880	34
3881	37
3882	35
3883	29
3884	28
3885	31
3886	36
3887	25
3888	38
3889	38
3890	57
3891	29
3892	43
3893	40
3894	37
3895	35
3896	24
3897	35
3898	32
3899	30
3900	40
3901	51
3902	39
3903	41
3904	35
3905	44
3906	44
3907	44
3908	37
3909	35
3910	35
3911	52
3912	27
3913	44
3914	38
3915	45
3916	49
3917	33
3918	40
3919	36
3920	37
3921	33
3922	33
3923	45
3924	38
3925	29
3926	39
3927	39
3928	53
3929	36
3930	35
3931	29
3932	40
3933	39
3934	41
3935	35
3936	43
3937	39
3938	37
3939	33
3940	44
3941	45
3942	45
3943	46
3944	46
3945	33
3946	42
3947	43
3948	36
3949	32
3950	31
3951	45
3952	42
3953	39
3954	36
3955	30
3956	35
3957	29
3958	36
3959	30
3960	29
3961	56
3962	38
3963	40
3964	36
3965	45
3966	35
3967	41
3968	35
3969	42
3970	32
3971	33
3972	46
3973	40
3974	45
3975	42
3976	32
3977	30
3978	48
3979	27
3980	45
3981	35
3982	38
3983	42
3984	40
3985	34
3986	34
3987	38
3988	41
3989	42
3990	38
3991	37
3992	49
3993	38
3994	46
3995	37
3996	36
3997	34
3998	32
3999	43
4000	41
4001	37
4002	37
4003	48
4004	32
4005	43
4006	42
4007	45
4008	46
4009	35
4010	40
4011	50
4012	44
4013	39
4014	45
4015	32
4016	44
4017	34
4018	49
4019	45
4020	40
4021	36
4022	40
4023	45
4024	42
4025	33
4026	40
4027	37
4028	50
4029	41
4030	33
4031	44
4032	34
4033	45
4034	43
4035	38
4036	45
4037	30
4038	34
4039	42
4040	37
4041	42
4042	49
4043	43
4044	41
4045	46
4046	43
4047	41
4048	40
4049	48
4050	38
4051	40
4052	36
4053	37
4054	52
4055	48
4056	33
4057	44
4058	45
4059	37
4060	43
4061	36
4062	44
4063	38
4064	48
4065	40
4066	41
4067	45
4068	45
4069	44
4070	38
4071	44
4072	42
4073	31
4074	33
4075	38
4076	50
4077	34
4078	47
4079	32
4080	43
4081	54
4082	45
4083	41
4084	49
4085	44
4086	36
4087	31
4088	48
4089	46
4090	49
4091	49
4092	46
4093	45
4094	48
4095	36
4096	40
4097	62
4098	43
4099	38
4100	33
4101	51
4102	46
4103	36
4104	50
4105	37
4106	42
4107	42
4108	36
4109	49
4110	53
4111	38
4112	53
4113	39
4114	46
4115	27
4116	51
4117	51
4118	35
4119	36
4120	38
4121	34
4122	32
4123	47
4124	32
4125	36
4126	34
4127	45
4128	35
4129	42
4130	40
4131	44
4132	43
4133	33
4134	48
4135	34
4136	41
4137	38
4138	50
4139	45
4140	42
4141	41
4142	29
4143	35
4144	42
4145	33
4146	40
4147	43
4148	38
4149	43
4150	48
4151	32
4152	41
4153	53
4154	39
4155	34
4156	37
4157	46
4158	41
4159	45
4160	40
4161	44
4162	31
4163	38
4164	31
4165	39
4166	38
4167	49
4168	34
4169	36
4170	39
4171	47
4172	38
4173	42
4174	48
4175	47
4176	35
4177	32
4178	32
4179	40
4180	41
4181	37
4182	40
4183	40
4184	27
4185	36
4186	37
4187	28
4188	38
4189	29
4190	24
4191	41
4192	35
4193	31
4194	33
4195	28
4196	33
4197	43
4198	37
4199	43
4200	32
4201	47
4202	35
4203	40
4204	41
4205	34
4206	32
4207	37
4208	39
4209	42
4210	51
4211	39
4212	39
4213	38
4214	42
4215	52
4216	38
4217	38
4218	42
4219	44
4220	38
4221	23
4222	37
4223	38
4224	36
4225	38
4226	29
4227	43
4228	39
4229	42
4230	37
4231	33
4232	31
4233	44
4234	39
4235	42
4236	41
4237	38
4238	36
4239	39
4240	36
4241	39
4242	31
4243	33
4244	47
4245	38
4246	44
4247	42
4248	41
4249	40
4250	34
4251	39
4252	56
4253	37
4254	36
4255	37
4256	46
4257	46
4258	40
4259	46
4260	50
4261	51
4262	35
4263	52
4264	51
4265	38
4266	46
4267	43
4268	46
4269	50
4270	39
4271	48
4272	49
4273	49
4274	51
4275	50
4276	51
4277	47
4278	52
4279	43
4280	55
4281	41
4282	49
4283	42
4284	46
4285	59
4286	51
4287	55
4288	60
4289	61
4290	55
4291	59
4292	63
4293	56
4294	51
4295	69
4296	62
4297	54
4298	51
4299	76
4300	73
4301	62
4302	72
4303	73
4304	80
4305	78
4306	74
4307	64
4308	92
4309	63
4310	75
4311	62
4312	79
4313	83
4314	71
4315	73
4316	73
4317	77
4318	76
4319	70
4320	75
4321	84
4322	78
4323	67
4324	69
4325	67
4326	88
4327	63
4328	83
4329	75
4330	74
4331	79
4332	76
4333	65
4334	73
4335	65
4336	63
4337	66
4338	71
4339	79
4340	76
4341	81
4342	66
4343	71
4344	65
4345	60
4346	78
4347	80
4348	85
4349	74
4350	70
4351	63
4352	87
4353	83
4354	86
4355	69
4356	71
4357	74
4358	73
4359	70
4360	72
4361	64
4362	65
4363	72
4364	66
4365	81
4366	54
4367	59
4368	69
4369	77
4370	71
4371	90
4372	65
4373	72
4374	71
4375	71
4376	64
4377	52
4378	63
4379	72
4380	59
4381	69
4382	102
4383	57
4384	79
4385	67
4386	61
4387	65
4388	61
4389	63
4390	65
4391	68
4392	56
4393	58
4394	66
4395	53
4396	62
4397	61
4398	44
4399	64
4400	56
4401	47
4402	50
4403	54
4404	51
4405	62
4406	62
4407	61
4408	58
4409	47
4410	55
4411	72
4412	42
4413	39
4414	60
4415	52
4416	60
4417	42
4418	52
4419	47
4420	39
4421	54
4422	42
4423	40
4424	56
4425	43
4426	46
4427	42
4428	59
4429	62
4430	36
4431	68
4432	43
4433	42
4434	43
4435	53
4436	42
4437	48
4438	46
4439	47
4440	32
4441	47
4442	49
4443	51
4444	54
4445	53
4446	47
4447	53
4448	43
4449	54
4450	37
4451	36
4452	33
4453	48
4454	49
4455	42
4456	48
4457	45
4458	52
4459	50
4460	52
4461	37
4462	52
4463	43
4464	53
4465	62
4466	46
4467	56
4468	52
4469	40
4470	42
4471	50
4472	43
4473	44
4474	34
4475	58
4476	34
4477	43
4478	40
4479	46
4480	44
4481	51
4482	48
4483	43
4484	55
4485	53
4486	40
4487	55
4488	47
4489	40
4490	42
4491	43
4492	46
4493	34
4494	52
4495	44
4496	40
4497	47
4498	50
4499	38
4500	46
4501	42
4502	43
4503	42
4504	48
4505	47
4506	45
4507	34
4508	41
4509	54
4510	41
4511	46
4512	49
4513	44
4514	50
4515	49
4516	47
4517	46
4518	53
4519	50
4520	48
4521	51
4522	42
4523	30
4524	45
4525	38
4526	49
4527	58
4528	51
4529	49
4530	56
4531	53
4532	47
4533	60
4534	60
4535	47
4536	47
4537	44
4538	39
4539	50
4540	50
4541	57
4542	34
4543	49
4544	64
4545	44
4546	48
4547	46
4548	45
4549	41
4550	45
4551	57
4552	47
4553	57
4554	48
4555	52
4556	45
4557	42
4558	57
4559	53
4560	62
4561	65
4562	35
4563	50
4564	43
4565	52
4566	52
4567	48
4568	50
4569	51
4570	55
4571	50
4572	42
4573	47
4574	44
4575	60
4576	53
4577	56
4578	41
4579	50
4580	40
4581	57
4582	54
4583	55
4584	46
4585	47
4586	55
4587	60
4588	45
4589	43
4590	36
4591	55
4592	55
4593	61
4594	45
4595	53
4596	55
4597	52
4598	54
4599	55
4600	46
4601	55
4602	53
4603	34
4604	49
4605	58
4606	50
4607	42
4608	59
4609	42
4610	40
4611	47
4612	43
4613	47
4614	41
4615	51
4616	36
4617	49
4618	43
4619	49
4620	42
4621	38
4622	58
4623	51
4624	47
4625	44
4626	44
4627	45
4628	57
4629	55
4630	50
4631	53
4632	46
4633	42
4634	41
4635	50
4636	40
4637	41
4638	39
4639	52
4640	34
4641	45
4642	43
4643	47
4644	51
4645	49
4646	39
4647	34
4648	44
4649	46
4650	48
4651	45
4652	59
4653	51
4654	45
4655	48
4656	51
4657	37
4658	31
4659	42
4660	37
4661	48
4662	39
4663	47
4664	31
4665	39
4666	47
4667	53
4668	40
4669	37
4670	40
4671	42
4672	27
4673	53
4674	38
4675	35
4676	57
4677	39
4678	44
4679	51
4680	21
4681	36
4682	28
4683	38
4684	46
4685	47
4686	32
4687	47
4688	33
4689	40
4690	36
4691	41
4692	46
4693	36
4694	40
4695	44
4696	43
4697	37
4698	32
4699	38
4700	31
4701	46
4702	34
4703	38
4704	44
4705	46
4706	34
4707	52
4708	31
4709	26
4710	38
4711	27
4712	34
4713	33
4714	37
4715	35
4716	42
4717	33
4718	32
4719	43
4720	39
4721	27
4722	26
4723	32
4724	28
4725	30
4726	28
4727	31
4728	53
4729	32
4730	36
4731	24
4732	28
4733	36
4734	34
4735	32
4736	25
4737	27
4738	25
4739	29
4740	32
4741	21
4742	36
4743	27
4744	26
4745	22
4746	25
4747	27
4748	33
4749	20
4750	29
4751	26
4752	23
4753	23
4754	25
4755	21
4756	17
4757	25
4758	26
4759	24
4760	28
4761	29
4762	26
4763	23
4764	21
4765	24
4766	19
4767	21
4768	22
4769	21
4770	16
4771	19
4772	24
4773	36
4774	22
4775	16
4776	25
4777	15
4778	21
4779	26
4780	25
4781	15
4782	12
4783	17
4784	20
4785	14
4786	20
4787	20
4788	22
4789	13
4790	24
4791	20
4792	21
4793	18
4794	11
4795	23
4796	19
4797	24
4798	16
4799	27
4800	23
4801	20
4802	29
4803	17
4804	17
4805	22
4806	20
4807	25
4808	17
4809	22
4810	17
4811	25
4812	28
4813	27
4814	20
4815	31
4816	26
4817	22
4818	36
4819	22
4820	34
4821	31
4822	32
4823	25
4824	33
4825	31
4826	26
4827	33
4828	28
4829	38
4830	40
4831	28
4832	52
4833	38
4834	41
4835	35
4836	41
4837	53
4838	56
4839	49
4840	46
4841	48
4842	48
4843	52
4844	39
4845	53
4846	51
4847	53
4848	46
4849	72
4850	63
4851	54
4852	73
4853	69
4854	64
4855	67
4856	65
4857	70
4858	79
4859	100
4860	71
4861	59
4862	82
4863	76
4864	80
4865	93
4866	91
4867	92
4868	87
4869	94
4870	97
4871	112
4872	103
4873	92
4874	103
4875	98
4876	110
4877	84
4878	78
4879	91
4880	99
4881	84
4882	101
4883	107
4884	115
4885	87
4886	103
4887	98
4888	77
4889	103
4890	108
4891	94
4892	94
4893	99
4894	97
4895	115
4896	102
4897	84
4898	92
4899	100
4900	88
4901	96
4902	107
4903	96
4904	90
4905	108
4906	76
4907	106
4908	95
4909	96
4910	106
4911	89
4912	96
4913	108
4914	98
4915	84
4916	104
4917	103
4918	80
4919	107
4920	81
4921	90
4922	95
4923	87
4924	108
4925	95
4926	89
4927	93
4928	90
4929	120
4930	94
4931	80
4932	80
4933	96
4934	60
4935	89
4936	94
4937	85
4938	92
4939	72
4940	58
4941	73
4942	57
4943	72
4944	90
4945	65
4946	65
4947	58
4948	48
4949	57
4950	63
4951	65
4952	47
4953	70
4954	49
4955	56
4956	64
4957	54
4958	47
4959	40
4960	40
4961	37
4962	55
4963	36
4964	49
4965	41
4966	47
4967	46
4968	48
4969	30
4970	35
4971	40
4972	43
4973	38
4974	38
4975	32
4976	20
4977	32
4978	31
4979	21
4980	36
4981	39
4982	32
4983	23
4984	30
4985	32
4986	18
4987	24
4988	28
4989	26
4990	25
4991	24
4992	22
4993	15
4994	23
4995	15
4996	15
4997	17
4998	12
4999	16
5000	13
5001	12
5002	14
5003	14
5004	15
5005	17
5006	10
5007	14
5008	16
5009	9
5010	9
5011	8
5012	10
5013	12
5014	9
5015	8
5016	6
5017	11
5018	13
5019	10
5020	10
5021	16
5022	5
5023	9
5024	14
5025	4
5026	11
5027	13
5028	17
5029	10
5030	5
5031	11
5032	12
5033	13
5034	11
5035	12
5036	9
5037	9
5038	7
5039	8
5040	8
5041	14
5042	9
5043	9
5044	9
5045	12
5046	13
5047	6
5048	7
5049	13
5050	10
5051	8
5052	10
5053	10
5054	9
5055	9
5056	10
5057	4
5058	11
5059	8
5060	8
5061	7
5062	7
5063	13
5064	6
5065	4
5066	12
5067	13
5068	11
5069	16
5070	6
5071	12
5072	10
5073	10
5074	5
5075	7
5076	8
5077	7
5078	9
5079	6
5080	13
5081	10
5082	8
5083	11
5084	7
5085	10
5086	15
5087	10
5088	8
5089	11
5090	15
5091	9
5092	10
5093	7
5094	11
5095	13
5096	14
5097	16
5098	6
5099	4
5100	12
5101	11
5102	9
5103	9
5104	5
5105	8
5106	8
5107	6
5108	11
5109	13
5110	7
5111	5
5112	12
5113	11
5114	17
5115	10
5116	5
5117	8
5118	6
5119	14
5120	10
5121	11
5122	4
5123	6
5124	10
5125	5
5126	13
5127	9
5128	9
5129	13
5130	13
5131	10
5132	3
5133	4
5134	6
5135	12
5136	6
5137	4
5138	10
5139	3
5140	9
5141	11
5142	9
5143	8
5144	10
5145	12
5146	9
5147	7
5148	8
5149	13
5150	5
5151	5
5152	10
5153	12
5154	15
5155	11
5156	14
5157	9
5158	9
5159	5
5160	7
5161	12
5162	8
5163	9
5164	10
5165	6
5166	10
5167	9
5168	7
5169	10
5170	6
5171	15
5172	13
5173	11
5174	11
5175	14
5176	9
5177	12
5178	6
5179	11
5180	9
5181	9
5182	7
5183	4
5184	11
5185	9
5186	9
5187	9
5188	8
5189	9
5190	11
5191	7
5192	10
5193	11
5194	11
5195	8
5196	10
5197	9
5198	6
5199	9
5200	6
5201	9
5202	10
5203	5
5204	6
5205	9
5206	17
5207	4
5208	12
5209	6
5210	12
5211	6
5212	11
5213	8
5214	10
5215	6
5216	9
5217	12
5218	7
5219	5
5220	9
5221	8
5222	4
5223	7
5224	6
5225	6
5226	11
5227	11
5228	10
5229	6
5230	10
5231	7
5232	8
5233	6
5234	10
5235	7
5236	4
5237	8
5238	10
5239	8
5240	2
5241	4
5242	8
5243	9
5244	14
5245	8
5246	6
5247	9
5248	10
5249	9
5250	9
5251	9
5252	5
5253	9
5254	5
5255	4
5256	11
5257	7
5258	5
5259	11
5260	5
5261	8
5262	12
5263	9
5264	7
5265	7
5266	5
5267	9
5268	8
5269	6
5270	2
5271	11
5272	6
5273	8
5274	11
5275	11
5276	7
5277	11
5278	7
5279	14
5280	8
5281	9
5282	4
5283	10
5284	5
5285	14
5286	7
5287	14
5288	8
5289	6
5290	6
5291	7
5292	9
5293	8
5294	11
5295	7
5296	9
5297	8
5298	13
5299	9
5300	8
5301	5
5302	8
5303	9
5304	6
5305	6
5306	6
5307	4
5308	10
5309	13
5310	5
5311	3
5312	4
5313	7
5314	14
5315	10
5316	8
5317	7
5318	12
5319	9
5320	12
5321	5
5322	6
5323	8
5324	8
5325	4
5326	7
5327	6
5328	6
5329	10
5330	4
5331	11
5332	4
5333	7
5334	6
5335	9
5336	7
5337	9
5338	6
5339	2
5340	7
5341	11
5342	5
5343	8
5344	10
5345	6
5346	9
5347	8
5348	7
5349	9
5350	3
5351	14
5352	4
5353	5
5354	5
5355	9
5356	6
5357	8
5358	6
5359	9
5360	13
5361	7
5362	10
5363	8
5364	4
5365	13
5366	1
5367	4
5368	6
5369	6
5370	8
5371	8
5372	6
5373	11
5374	10
5375	8
5376	10
5377	7
5378	10
5379	6
5380	8
5381	6
5382	8
5383	8
5384	9
5385	5
5386	10
5387	6
5388	11
5389	7
5390	4
5391	9
5392	12
5393	6
5394	10
5395	4
5396	6
5397	6
5398	7
5399	8
5400	6
5401	4
5402	5
5403	13
5404	9
5405	9
5406	15
5407	8
5408	8
5409	8
5410	11
5411	10
5412	4
5413	9
5414	7
5415	5
5416	7
5417	8
5418	5
5419	11
5420	7
5421	5
5422	5
5423	7
5424	4
5425	5
5426	11
5427	6
5428	5
5429	11
5430	8
5431	17
5432	10
5433	8
5434	8
5435	2
5436	10
5437	2
5438	10
5439	7
5440	5
5441	10
5442	5
5443	7
5444	8
5445	5
5446	5
5447	7
5448	7
5449	5
5450	7
5451	7
5452	10
5453	5
5454	6
5455	6
5456	7
5457	3
5458	5
5459	6
5460	8
5461	6
5462	10
5463	3
5464	11
5465	13
5466	8
5467	7
5468	6
5469	8
5470	6
5471	5
5472	8
5473	3
5474	7
5475	9
5476	8
5477	2
5478	9
5479	7
5480	8
5481	8
5482	5
5483	6
5484	1
5485	5
5486	9
5487	13
5488	4
5489	9
5490	9
5491	7
5492	9
5493	8
5494	6
5495	8
5496	4
5497	6
5498	5
5499	8
5500	9
5501	8
5502	4
5503	10
5504	5
5505	2
5506	4
5507	9
5508	3
5509	10
5510	7
5511	9
5512	17
5513	9
5514	7
5515	6
5516	5
5517	7
5518	9
5519	7
5520	9
5521	15
5522	5
5523	7
5524	9
5525	4
5526	12
5527	4
5528	3
5529	6
5530	11
5531	11
5532	14
5533	9
5534	8
5535	6
5536	11
5537	8
5538	8
5539	8
5540	12
5541	10
5542	2
5543	5
5544	10
5545	7
5546	14
5547	13
5548	2
5549	7
5550	4
5551	8
5552	7
5553	6
5554	10
5555	9
5556	5
5557	4
5558	9
5559	7
5560	10
5561	4
5562	7
5563	7
5564	5
5565	8
5566	6
5567	5
5568	7
5569	7
5570	7
5571	6
5572	8
5573	10
5574	10
5575	9
5576	11
5577	6
5578	10
5579	9
5580	5
5581	11
5582	8
5583	7
5584	11
5585	12
5586	8
5587	5
5588	10
5589	12
5590	16
5591	6
5592	8
5593	9
5594	7
5595	4
5596	8
5597	5
5598	9
5599	4
5600	9
5601	4
5602	4
5603	10
5604	5
5605	6
5606	4
5607	4
5608	8
5609	8
5610	9
5611	4
5612	4
5613	1
5614	6
5615	2
5616	12
5617	4
5618	8
5619	3
5620	13
5621	6
5622	9
5623	9
5624	4
5625	5
5626	3
5627	6
5628	8
5629	6
5630	8
5631	9
5632	8
5633	9
5634	6
5635	5
5636	5
5637	7
5638	7
5639	9
5640	4
5641	5
5642	9
5643	4
5644	9
5645	5
5646	13
5647	5
5648	9
5649	9
5650	6
5651	6
5652	10
5653	13
5654	7
5655	6
5656	6
5657	5
5658	4
5659	6
5660	8
5661	5
5662	12
5663	8
5664	4
5665	5
5666	8
5667	3
5668	7
5669	9
5670	5
5671	6
5672	4
5673	7
5674	5
5675	3
5676	3
5677	4
5678	3
5679	5
5680	12
5681	4
5682	8
5683	10
5684	5
5685	6
5686	4
5687	3
5688	5
5689	7
5690	8
5691	11
5692	6
5693	8
5694	7
5695	4
5696	11
5697	3
5698	5
5699	5
5700	9
5701	5
5702	5
5703	5
5704	5
5705	2
5706	8
5707	5
5708	4
5709	4
5710	6
5711	9
5712	5
5713	4
5714	5
5715	8
5716	10
5717	11
5718	2
5719	8
5720	5
5721	3
5722	10
5723	4
5724	5
5725	7
5726	6
5727	7
5728	8
5729	6
5730	6
5731	9
5732	2
5733	2
5734	1
5735	7
5736	5
5737	7
5738	5
5739	7
5740	5
5741	5
5742	4
5743	6
5744	8
5745	7
5746	6
5747	6
5748	8
5749	2
5750	7
5751	6
5752	5
5753	3
5754	3
5755	6
5756	1
5757	5
5758	6
5759	8
5760	5
5761	8
5762	8
5763	8
5764	2
5765	5
5766	10
5767	6
5768	8
5769	9
5770	8
5771	6
5772	7
5773	7
5774	5
5775	7
5776	4
5777	7
5778	8
5779	3
5780	9
5781	7
5782	2
5783	7
5784	4
5785	9
5786	5
5787	6
5788	4
5789	7
5790	7
5791	5
5792	3
5793	6
5794	4
5795	10
5796	6
5797	4
5798	13
5799	5
5800	11
5801	7
5802	3
5803	4
5804	6
5805	6
5806	6
5807	4
5808	7
5809	3
5810	7
5811	7
5812	4
5813	5
5814	5
5815	5
5816	7
5817	6
5818	5
5819	8
5820	2
5821	6
5822	9
5823	4
5824	4
5825	5
5826	6
5827	4
5828	9
5829	6
5830	7
5831	4
5832	8
5833	7
5834	4
5835	6
5836	4
5837	11
5838	7
5839	7
5840	6
5841	4
5842	8
5843	7
5844	4
5845	7
5846	6
5847	4
5848	7
5849	6
5850	5
5851	6
5852	7
5853	6
5854	5
5855	3
5856	8
5857	6
5858	4
5859	5
5860	5
5861	10
5862	6
5863	10
5864	6
5865	4
5866	5
5867	4
5868	7
5869	2
5870	7
5871	5
5872	7
5873	6
5874	4
5875	7
5876	5
5877	4
5878	7
5879	6
5880	8
5881	5
5882	5
5883	2
5884	4
5885	5
5886	11
5887	6
5888	7
5889	4
5890	6
5891	2
5892	8
5893	5
5894	7
5895	4
5896	2
5897	10
5898	4
5899	7
5900	3
5901	5
5902	4
5903	7
5904	2
5905	2
5906	7
5907	8
5908	7
5909	7
5910	7
5911	6
5912	11
5913	2
5914	6
5915	7
5916	6
5917	3
5918	4
5919	3
5920	3
5921	2
5922	4
5923	5
5924	7
5925	4
5926	3
5927	5
5928	11
5929	6
5930	5
5931	6
5932	4
5933	4
5934	2
5935	4
5936	1
5937	2
5938	2
5939	6
5940	7
5941	10
5942	4
5943	6
5944	10
5945	2
5946	6
5947	5
5948	6
5949	7
5950	7
5951	3
5952	7
5953	9
5954	4
5955	4
5956	6
5957	8
5958	11
5959	5
5960	11
5961	3
5962	3
5963	4
5964	2
5965	9
5966	7
5967	6
5968	2
5969	4
5970	3
5971	2
5972	7
5973	9
5974	7
5975	7
5976	6
5977	7
5978	4
5979	3
5980	5
5981	3
5982	12
5983	10
5984	6
5985	5
5986	3
5987	4
5988	6
5989	9
5990	5
5991	7
5992	7
5993	8
5994	2
5995	4
5996	5
5997	4
5998	3
5999	3
6000	4
6001	4
6002	6
6003	7
6004	1
6005	4
6006	3
6007	4
6008	4
6009	3
6010	9
6011	3
6012	7
6013	9
6014	7
6015	5
6016	3
6017	6
6018	5
6019	7
6020	6
6021	4
6022	7
6023	8
6024	3
6025	5
6026	9
6027	6
6028	4
6029	4
6030	3
6031	6
6032	5
6033	7
6034	3
6035	6
6036	6
6037	5
6038	3
6039	6
6040	1
6041	3
6042	5
6043	5
6044	3
6045	4
6046	2
6047	2
6048	4
6049	6
6050	3
6051	3
6052	6
6053	3
6054	6
6055	5
6056	7
6057	9
6058	5
6059	5
6060	3
6061	4
6062	5
6063	2
6064	7
6065	2
6066	5
6067	3
6068	5
6069	4
6070	4
6071	6
6072	3
6073	4
6074	4
6075	4
6076	3
6077	2
6078	3
6079	1
6080	6
6081	3
6082	8
6083	7
6084	4
6085	6
6086	4
6087	2
6088	5
6089	3
6090	4
6091	7
6092	7
6093	6
6094	7
6095	6
6096	7
6097	6
6098	5
6099	3
6100	4
6101	4
6102	7
6103	5
6104	3
6105	11
6106	2
6107	3
6108	0
6109	4
6110	8
6111	3
6112	4
6113	2
6114	7
6115	4
6116	3
6117	8
6118	4
6119	3
6120	7
6121	2
6122	10
6123	5
6124	6
6125	8
6126	5
6127	2
6128	9
6129	10
6130	5
6131	2
6132	3
6133	3
6134	8
6135	3
6136	4
6137	4
6138	3
6139	6
6140	5
6141	3
6142	7
6143	4
6144	7
6145	4
6146	8
6147	5
6148	4
6149	3
6150	7
6151	6
6152	9
6153	4
6154	5
6155	7
6156	11
6157	4
6158	6
6159	1
6160	7
6161	4
6162	6
6163	6
6164	9
6165	10
6166	5
6167	1
6168	5
6169	4
6170	4
6171	3
6172	4
6173	3
6174	4
6175	3
6176	9
6177	2
6178	3
6179	6
6180	4
6181	6
6182	3
6183	5
6184	2
6185	6
6186	6
6187	10
6188	6
6189	6
6190	6
6191	3
6192	4
6193	2
6194	5
6195	3
6196	4
6197	2
6198	1
6199	6
6200	5
6201	5
6202	8
6203	7
6204	2
6205	4
6206	8
6207	5
6208	4
6209	0
6210	4
6211	5
6212	7
6213	5
6214	6
6215	6
6216	5
6217	3
6218	6
6219	0
6220	6
6221	9
6222	3
6223	4
6224	7
6225	3
6226	2
6227	6
6228	7
6229	4
6230	6
6231	7
6232	3
6233	1
6234	4
6235	5
6236	3
6237	5
6238	6
6239	7
6240	0
6241	5
6242	9
6243	4
6244	1
6245	9
6246	4
6247	4
6248	3
6249	5
6250	4
6251	4
6252	3
6253	8
6254	4
6255	4
6256	3
6257	2
6258	6
6259	7
6260	6
6261	0
6262	4
6263	5
6264	3
6265	4
6266	5
6267	4
6268	2
6269	2
6270	7
6271	3
6272	3
6273	5
6274	3
6275	3
6276	3
6277	3
6278	4
6279	4
6280	8
6281	3
6282	5
6283	8
6284	3
6285	9
6286	2
6287	3
6288	6
6289	8
6290	0
6291	2
6292	6
6293	5
6294	5
6295	4
6296	1
6297	1
6298	3
6299	1
6300	5
6301	6
6302	5
6303	3
6304	1
6305	4
6306	3
6307	3
6308	3
6309	3
6310	7
6311	6
6312	2
6313	3
6314	4
6315	5
6316	5
6317	2
6318	5
6319	0
6320	2
6321	4
6322	4
6323	5
6324	3
6325	3
6326	4
6327	2
6328	7
6329	3
6330	1
6331	4
6332	5
6333	2
6334	2
6335	4
6336	5
6337	6
6338	3
6339	3
6340	5
6341	1
6342	4
6343	4
6344	4
6345	5
6346	3
6347	3
6348	3
6349	3
6350	5
6351	4
6352	5
6353	3
6354	3
6355	4
6356	1
6357	3
6358	3
6359	4
6360	4
6361	4
6362	3
6363	4
6364	7
6365	1
6366	3
6367	6
6368	10
6369	5
6370	3
6371	3
6372	2
6373	2
6374	5
6375	2
6376	6
6377	2
6378	3
6379	3
6380	6
6381	1
6382	3
6383	5
6384	1
6385	3
6386	0
6387	2
6388	3
6389	1
6390	1
6391	5
6392	4
6393	4
6394	4
6395	3
6396	2
6397	5
6398	4
6399	4
6400	3
6401	2
6402	5
6403	5
6404	6
6405	5
6406	5
6407	3
6408	4
6409	8
6410	2
6411	3
6412	6
6413	4
6414	5
6415	5
6416	4
6417	8
6418	9
6419	7
6420	4
6421	5
6422	4
6423	3
6424	5
6425	3
6426	4
6427	4
6428	6
6429	4
6430	4
6431	5
6432	3
6433	8
6434	6
6435	7
6436	3
6437	2
6438	0
6439	5
6440	5
6441	3
6442	5
6443	1
6444	4
6445	2
6446	3
6447	5
6448	5
6449	3
6450	3
6451	6
6452	1
6453	3
6454	1
6455	7
6456	6
6457	5
6458	2
6459	5
6460	4
6461	9
6462	5
6463	3
6464	5
6465	3
6466	3
6467	5
6468	1
6469	3
6470	2
6471	6
6472	2
6473	2
6474	6
6475	2
6476	3
6477	3
6478	3
6479	5
6480	5
6481	2
6482	2
6483	4
6484	2
6485	5
6486	8
6487	4
6488	3
6489	3
6490	5
6491	8
6492	3
6493	6
6494	4
6495	2
6496	1
6497	4
6498	3
6499	5
6500	2
6501	6
6502	5
6503	5
6504	4
6505	6
6506	5
6507	2
6508	6
6509	5
6510	4
6511	4
6512	8
6513	5
6514	9
6515	5
6516	1
6517	2
6518	5
6519	2
6520	2
6521	3
6522	2
6523	4
6524	6
6525	1
6526	6
6527	3
6528	3
6529	3
6530	0
6531	5
6532	4
6533	2
6534	2
6535	3
6536	3
6537	2
6538	3
6539	0
6540	3
6541	6
6542	6
6543	5
6544	5
6545	6
6546	6
6547	5
6548	2
6549	8
6550	6
6551	6
6552	6
6553	5
6554	5
6555	3
6556	4
6557	3
6558	4
6559	2
6560	5
6561	3
6562	1
6563	2
6564	6
6565	3
6566	6
6567	11
6568	3
6569	6
6570	1
6571	1
6572	5
6573	3
6574	4
6575	1
6576	3
6577	4
6578	5
6579	10
6580	5
6581	2
6582	4
6583	5
6584	3
6585	2
6586	5
6587	6
6588	5
6589	4
6590	3
6591	7
6592	6
6593	6
6594	1
6595	4
6596	7
6597	3
6598	3
6599	1
6600	3
6601	3
6602	3
6603	4
6604	5
6605	3
6606	5
6607	3
6608	7
6609	4
6610	5
6611	5
6612	1
6613	4
6614	2
6615	6
6616	3
6617	4
6618	3
6619	0
6620	3
6621	4
6622	1
6623	5
6624	4
6625	3
6626	5
6627	3
6628	4
6629	8
6630	4
6631	2
6632	4
6633	3
6634	1
6635	5
6636	1
6637	2
6638	4
6639	5
6640	3
6641	4
6642	2
6643	4
6644	4
6645	4
6646	3
6647	8
6648	2
6649	3
6650	2
6651	1
6652	5
6653	2
6654	3
6655	2
6656	6
6657	7
6658	7
6659	2
6660	6
6661	1
6662	7
6663	4
6664	3
6665	4
6666	2
6667	5
6668	4
6669	4
6670	2
6671	1
6672	2
6673	1
6674	2
6675	6
6676	7
6677	6
6678	3
6679	4
6680	4
6681	4
6682	3
6683	3
6684	3
6685	1
6686	1
6687	3
6688	0
6689	1
6690	3
6691	1
6692	3
6693	2
6694	2
6695	4
6696	0
6697	2
6698	4
6699	3
6700	4
6701	6
6702	5
6703	5
6704	1
6705	2
6706	5
6707	3
6708	8
6709	1
6710	3
6711	3
6712	5
6713	7
6714	0
6715	6
6716	7
6717	3
6718	0
6719	5
6720	5
6721	3
6722	0
6723	4
6724	4
6725	2
6726	3
6727	4
6728	3
6729	6
6730	4
6731	1
6732	5
6733	1
6734	4
6735	9
6736	3
6737	4
6738	2
6739	1
6740	4
6741	1
6742	4
6743	4
6744	3
6745	5
6746	5
6747	4
6748	3
6749	1
6750	5
6751	1
6752	1
6753	2
6754	6
6755	2
6756	2
6757	2
6758	4
6759	3
6760	1
6761	4
6762	5
6763	2
6764	1
6765	3
6766	4
6767	3
6768	5
6769	4
6770	4
6771	2
6772	2
6773	5
6774	1
6775	4
6776	3
6777	3
6778	4
6779	4
6780	4
6781	4
6782	6
6783	3
6784	6
6785	3
6786	2
6787	2
6788	2
6789	5
6790	3
6791	4
6792	3
6793	1
6794	3
6795	3
6796	2
6797	4
6798	5
6799	2
6800	3
6801	1
6802	0
6803	5
6804	3
6805	5
6806	6
6807	3
6808	3
6809	5
6810	4
6811	8
6812	6
6813	1
6814	3
6815	2
6816	2
6817	3
6818	1
6819	3
6820	4
6821	0
6822	4
6823	3
6824	0
6825	3
6826	3
6827	2
6828	7
6829	2
6830	3
6831	4
6832	0
6833	4
6834	5
6835	1
6836	0
6837	0
6838	3
6839	3
6840	4
6841	2
6842	4
6843	4
6844	2
6845	1
6846	4
6847	4
6848	4
6849	3
6850	2
6851	7
6852	6
6853	6
6854	2
6855	3
6856	2
6857	3
6858	2
6859	3
6860	2
6861	1
6862	4
6863	2
6864	6
6865	1
6866	4
6867	5
6868	1
6869	4
6870	1
6871	5
6872	5
6873	6
6874	4
6875	2
6876	1
6877	3
6878	4
6879	3
6880	4
6881	1
6882	3
6883	1
6884	8
6885	3
6886	2
6887	4
6888	4
6889	6
6890	3
6891	3
6892	1
6893	4
6894	2
6895	3
6896	2
6897	4
6898	2
6899	3
6900	2
6901	2
6902	2
6903	4
6904	3
6905	2
6906	6
6907	4
6908	2
6909	3
6910	0
6911	2
6912	4
6913	4
6914	7
6915	4
6916	2
6917	4
6918	2
6919	5
6920	3
6921	3
6922	0
6923	6
6924	4
6925	4
6926	1
6927	5
6928	6
6929	5
6930	4
6931	4
6932	3
6933	3
6934	0
6935	2
6936	2
6937	3
6938	2
6939	5
6940	2
6941	3
6942	2
6943	1
6944	2
6945	2
6946	2
6947	6
6948	2
6949	5
6950	3
6951	2
6952	3
6953	2
6954	3
6955	2
6956	3
6957	2
6958	2
6959	3
6960	1
6961	1
6962	4
6963	7
6964	8
6965	1
6966	4
6967	1
6968	1
6969	5
6970	6
6971	5
6972	2
6973	0
6974	0
6975	3
6976	3
6977	3
6978	6
6979	2
6980	5
6981	1
6982	2
6983	2
6984	3
6985	3
6986	2
6987	2
6988	3
6989	3
6990	0
6991	3
6992	5
6993	1
6994	3
6995	6
6996	2
6997	1
6998	4
6999	7
7000	2
7001	5
7002	3
7003	0
7004	1
7005	3
7006	3
7007	2
7008	3
7009	1
7010	2
7011	4
7012	4
7013	3
7014	1
7015	6
7016	4
7017	3
7018	1
7019	5
7020	1
7021	3
7022	1
7023	6
7024	2
7025	1
7026	2
7027	1
7028	5
7029	6
7030	2
7031	3
7032	4
7033	3
7034	4
7035	3
7036	0
7037	3
7038	2
7039	4
7040	3
7041	4
7042	1
7043	5
7044	8
7045	6
7046	3
7047	2
7048	2
7049	1
7050	2
7051	5
7052	0
7053	2
7054	2
7055	6
7056	3
7057	3
7058	2
7059	1
7060	2
7061	2
7062	3
7063	4
7064	3
7065	3
7066	4
7067	4
7068	4
7069	3
7070	3
7071	3
7072	4
7073	4
7074	3
7075	1
7076	0
7077	0
7078	3
7079	2
7080	6
7081	4
7082	0
7083	3
7084	4
7085	2
7086	4
7087	4
7088	5
7089	1
7090	5
7091	3
7092	5
7093	2
7094	3
7095	4
7096	2
7097	4
7098	5
7099	2
7100	1
7101	4
7102	4
7103	6
7104	2
7105	1
7106	2
7107	3
7108	5
7109	2
7110	3
7111	1
7112	0
7113	2
7114	3
7115	0
7116	5
7117	3
7118	0
7119	3
7120	7
7121	3
7122	3
7123	2
7124	4
7125	4
7126	6
7127	3
7128	4
7129	2
7130	3
7131	3
7132	2
7133	3
7134	1
7135	3
7136	4
7137	2
7138	1
7139	1
7140	4
7141	1
7142	1
7143	2
7144	3
7145	2
7146	8
7147	2
7148	2
7149	3
7150	4
7151	5
7152	4
7153	2
7154	2
7155	3
7156	2
7157	2
7158	2
7159	1
7160	4
7161	2
7162	1
7163	3
7164	3
7165	3
7166	3
7167	7
7168	6
7169	1
7170	2
7171	3
7172	5
7173	5
7174	1
7175	0
7176	1
7177	5
7178	1
7179	5
7180	4
7181	4
7182	2
7183	4
7184	2
7185	3
7186	0
7187	5
7188	3
7189	5
7190	1
7191	0
7192	6
7193	2
7194	4
7195	2
7196	5
7197	2
7198	2
7199	3
7200	4
7201	1
7202	3
7203	2
7204	3
7205	1
7206	4
7207	4
7208	1
7209	5
7210	2
7211	2
7212	2
7213	5
7214	1
7215	1
7216	2
7217	5
7218	5
7219	4
7220	1
7221	4
7222	5
7223	0
7224	4
7225	4
7226	4
7227	3
7228	1
7229	3
7230	3
7231	4
7232	2
7233	1
7234	1
7235	0
7236	1
7237	1
7238	0
7239	3
7240	3
7241	6
7242	3
7243	2
7244	5
7245	3
7246	4
7247	1
7248	2
7249	3
7250	1
7251	1
7252	3
7253	5
7254	2
7255	3
7256	5
7257	6
7258	1
7259	2
7260	4
7261	4
7262	2
7263	5
7264	1
7265	4
7266	3
7267	4
7268	1
7269	2
7270	2
7271	3
7272	0
7273	2
7274	3
7275	1
7276	6
7277	3
7278	4
7279	2
7280	4
7281	0
7282	3
7283	4
7284	3
7285	3
7286	3
7287	0
7288	2
7289	4
7290	3
7291	3
7292	1
7293	3
7294	1
7295	4
7296	0
7297	4
7298	0
7299	1
7300	1
7301	7
7302	1
7303	0
7304	4
7305	1
7306	3
7307	0
7308	1
7309	2
7310	3
7311	2
7312	3
7313	1
7314	0
7315	2
7316	6
7317	0
7318	0
7319	3
7320	5
7321	5
7322	2
7323	3
7324	2
7325	1
7326	4
7327	1
7328	3
7329	6
7330	4
7331	2
7332	2
7333	3
7334	2
7335	1
7336	3
7337	0
7338	2
7339	1
7340	1
7341	1
7342	2
7343	1
7344	2
7345	3
7346	3
7347	4
7348	4
7349	2
7350	3
7351	6
7352	3
7353	2
7354	4
7355	2
7356	1
7357	1
7358	2
7359	3
7360	2
7361	2
7362	1
7363	2
7364	1
7365	3
7366	2
7367	3
7368	5
7369	4
7370	1
7371	3
7372	3
7373	3
7374	3
7375	3
7376	4
7377	0
7378	3
7379	2
7380	4
7381	0
7382	2
7383	1
7384	3
7385	2
7386	1
7387	0
7388	3
7389	4
7390	5
7391	5
7392	1
7393	1
7394	3
7395	2
7396	4
7397	1
7398	4
7399	3
7400	5
7401	4
7402	2
7403	1
7404	2
7405	3
7406	0
7407	1
7408	2
7409	4
7410	4
7411	3
7412	0
7413	1
7414	1
7415	3
7416	1
7417	3
7418	2
7419	1
7420	3
7421	4
7422	2
7423	3
7424	6
7425	3
7426	2
7427	1
7428	2
7429	1
7430	3
7431	1
7432	4
7433	0
7434	3
7435	2
7436	2
7437	3
7438	1
7439	3
7440	2
7441	1
7442	4
7443	0
7444	3
7445	4
7446	1
7447	2
7448	2
7449	4
7450	2
7451	4
7452	3
7453	1
7454	4
7455	3
7456	1
7457	4
7458	1
7459	3
7460	1
7461	2
7462	4
7463	6
7464	2
7465	1
7466	2
7467	1
7468	3
7469	0
7470	3
7471	3
7472	3
7473	3
7474	5
7475	2
7476	2
7477	0
7478	4
7479	6
7480	1
7481	0
7482	1
7483	2
7484	1
7485	4
7486	5
7487	4
7488	3
7489	4
7490	5
7491	5
7492	2
7493	1
7494	1
7495	5
7496	3
7497	1
7498	3
7499	5
7500	0
7501	1
7502	2
7503	2
7504	4
7505	1
7506	0
7507	3
7508	1
7509	4
7510	3
7511	3
7512	1
7513	2
7514	5
7515	4
7516	3
7517	3
7518	3
7519	2
7520	3
7521	0
7522	1
7523	6
7524	1
7525	4
7526	2
7527	5
7528	2
7529	5
7530	2
7531	1
7532	5
7533	5
7534	2
7535	2
7536	2
7537	4
7538	4
7539	5
7540	0
7541	2
7542	3
7543	0
7544	3
7545	4
7546	1
7547	1
7548	4
7549	4
7550	3
7551	4
7552	3
7553	3
7554	1
7555	2
7556	2
7557	3
7558	0
7559	0
7560	2
7561	1
7562	3
7563	2
7564	1
7565	4
7566	1
7567	4
7568	5
7569	3
7570	2
7571	3
7572	3
7573	3
7574	3
7575	1
7576	2
7577	5
7578	2
7579	4
7580	1
7581	3
7582	2
7583	6
7584	0
7585	1
7586	2
7587	5
7588	5
7589	4
7590	0
7591	1
7592	3
7593	6
7594	2
7595	4
7596	3
7597	1
7598	5
7599	4
7600	6
7601	1
7602	1
7603	3
7604	3
7605	3
7606	0
7607	3
7608	2
7609	4
7610	2
7611	5
7612	3
7613	5
7614	3
7615	0
7616	2
7617	1
7618	6
7619	0
7620	1
7621	2
7622	4
7623	1
7624	2
7625	1
7626	2
7627	1
7628	1
7629	3
7630	5
7631	3
7632	2
7633	2
7634	2
7635	3
7636	1
7637	2
7638	4
7639	1
7640	5
7641	2
7642	1
7643	2
7644	1
7645	1
7646	4
7647	2
7648	2
7649	4
7650	2
7651	3
7652	4
7653	2
7654	1
7655	2
7656	4
7657	1
7658	0
7659	4
7660	1
7661	2
7662	3
7663	2
7664	1
7665	1
7666	3
7667	0
7668	7
7669	2
7670	1
7671	2
7672	3
7673	3
7674	1
7675	3
7676	1
7677	1
7678	1
7679	5
7680	3
7681	4
7682	1
7683	4
7684	2
7685	0
7686	5
7687	3
7688	2
7689	3
7690	1
7691	1
7692	1
7693	1
7694	4
7695	2
7696	1
7697	4
7698	6
7699	2
7700	1
7701	2
7702	0
7703	2
7704	2
7705	2
7706	1
7707	1
7708	3
7709	1
7710	2
7711	2
7712	2
7713	2
7714	0
7715	1
7716	2
7717	2
7718	1
7719	5
7720	0
7721	1
7722	4
7723	4
7724	4
7725	5
7726	1
7727	2
7728	1
7729	2
7730	2
7731	1
7732	2
7733	1
7734	5
7735	0
7736	2
7737	3
7738	4
7739	1
7740	0
7741	5
7742	4
7743	4
7744	2
7745	2
7746	4
7747	2
7748	5
7749	3
7750	4
7751	1
7752	2
7753	2
7754	1
7755	4
7756	2
7757	2
7758	4
7759	4
7760	1
7761	1
7762	0
7763	4
7764	1
7765	2
7766	3
7767	3
7768	3
7769	5
7770	2
7771	4
7772	1
7773	1
7774	2
7775	1
7776	4
7777	1
7778	2
7779	6
7780	4
7781	4
7782	1
7783	2
7784	5
7785	2
7786	3
7787	2
7788	3
7789	2
7790	3
7791	1
7792	1
7793	1
7794	2
7795	3
7796	0
7797	2
7798	1
7799	3
7800	0
7801	2
7802	3
7803	4
7804	0
7805	0
7806	3
7807	3
7808	2
7809	5
7810	6
7811	1
7812	2
7813	1
7814	2
7815	2
7816	3
7817	3
7818	2
7819	3
7820	2
7821	1
7822	3
7823	2
7824	4
7825	3
7826	2
7827	4
7828	3
7829	2
7830	1
7831	3
7832	3
7833	4
7834	4
7835	0
7836	0
7837	1
7838	3
7839	0
7840	1
7841	2
7842	2
7843	4
7844	1
7845	2
7846	2
7847	2
7848	3
7849	2
7850	3
7851	0
7852	3
7853	1
7854	1
7855	1
7856	1
7857	2
7858	1
7859	1
7860	1
7861	1
7862	4
7863	2
7864	1
7865	4
7866	2
7867	1
7868	1
7869	3
7870	1
7871	3
7872	0
7873	4
7874	1
7875	1
7876	4
7877	2
7878	2
7879	2
7880	0
7881	3
7882	1
7883	1
7884	1
7885	4
7886	4
7887	4
7888	1
7889	2
7890	2
7891	1
7892	4
7893	1
7894	2
7895	2
7896	3
7897	1
7898	1
7899	1
7900	1
7901	3
7902	0
7903	2
7904	3
7905	1
7906	1
7907	2
7908	0
7909	1
7910	2
7911	0
7912	2
7913	4
7914	3
7915	3
7916	3
7917	3
7918	2
7919	1
7920	0
7921	2
7922	2
7923	2
7924	5
7925	1
7926	4
7927	3
7928	1
7929	2
7930	1
7931	4
7932	2
7933	0
7934	0
7935	3
7936	2
7937	1
7938	3
7939	0
7940	2
7941	1
7942	0
7943	1
7944	2
7945	3
7946	1
7947	2
7948	4
7949	1
7950	3
7951	3
7952	4
7953	2
7954	6
7955	0
7956	2
7957	3
7958	1
7959	3
7960	0
7961	2
7962	4
7963	3
7964	1
7965	1
7966	2
7967	1
7968	1
7969	1
7970	0
7971	3
7972	2
7973	5
7974	2
7975	1
7976	2
7977	3
7978	0
7979	0
7980	4
7981	2
7982	3
7983	0
7984	1
7985	2
7986	4
7987	1
7988	2
7989	1
7990	5
7991	2
7992	0
7993	2
7994	3
7995	1
7996	1
7997	3
7998	2
7999	4
8000	2
8001	1
8002	0
8003	2
8004	2
8005	1
8006	2
8007	0
8008	2
8009	2
8010	1
8011	1
8012	1
8013	2
8014	1
8015	1
8016	2
8017	3
8018	4
8019	5
8020	2
8021	2
8022	1
8023	2
8024	5
8025	1
8026	1
8027	1
8028	2
8029	3
8030	1
8031	0
8032	2
8033	4
8034	1
8035	0
8036	4
8037	1
8038	0
8039	1
8040	3
8041	3
8042	2
8043	4
8044	4
8045	1
8046	0
8047	1
8048	1
8049	4
8050	0
8051	2
8052	0
8053	2
8054	3
8055	1
8056	3
8057	3
8058	3
8059	0
8060	2
8061	2
8062	2
8063	2
8064	0
8065	0
8066	0
8067	0
8068	0
8069	0
8070	0
8071	0
8072	0
8073	0
8074	0
8075	0
8076	0
8077	0
8078	0
8079	0
8080	0
8081	0
8082	0
8083	0
8084	0
8085	0
8086	0
8087	0
8088	0
8089	0
8090	0
8091	0
8092	0
8093	0
8094	0
8095	0
8096	0
8097	0
8098	0
8099	0
8100	0
8101	0
8102	0
8103	0
8104	0
8105	0
8106	0
8107	0
8108	0
8109	0
8110	0
8111	0
8112	0
8113	0
8114	0
8115	0
8116	0
8117	0
8118	0
8119	0
8120	0
8121	0
8122	0
8123	0
8124	0
8125	0
8126	0
8127	0
8128	0
8129	0
8130	0
8131	0
8132	0
8133	0
8134	0
8135	0
8136	0
8137	0
8138	0
8139	0
8140	0
8141	0
8142	0
8143	0
8144	0
8145	0
8146	0
8147	0
8148	0
8149	0
8150	0
8151	0
8152	0
8153	0
8154	0
8155	0
8156	0
8157	0
8158	0
8159	0
8160	0
8161	0
8162	0
8163	0
8164	0
8165	0
8166	0
8167	0
8168	0
8169	0
8170	0
8171	0
8172	0
8173	0
8174	0
8175	0
8176	0
8177	0
8178	0
8179	0
8180	0
8181	0
8182	0
8183	0
8184	0
8185	0
8186	0
8187	0
8188	0
8189	0
8190	0
8191	0
