-2	64395.92
-1	64429.16
0	0
1	0
2	0
3	0
4	0
5	0
6	0
7	0
8	0
9	0
10	0
11	0
12	0
13	0
14	0
15	0
16	0
17	0
18	0
19	0
20	0
21	0
22	0
23	0
24	0
25	0
26	0
27	0
28	0
29	0
30	0
31	0
32	0
33	0
34	0
35	0
36	0
37	0
38	0
39	0
40	0
41	0
42	0
43	0
44	0
45	1
46	0
47	0
48	0
49	155
50	564
51	712
52	894
53	939
54	1060
55	1139
56	1255
57	1189
58	1236
59	1254
60	1190
61	1181
62	1119
63	1151
64	1232
65	1276
66	1293
67	1237
68	1094
69	1139
70	1111
71	1149
72	1216
73	1261
74	1280
75	1217
76	1179
77	1097
78	1064
79	1070
80	1043
81	1024
82	1009
83	1022
84	1014
85	1016
86	1013
87	919
88	996
89	933
90	966
91	969
92	1007
93	1026
94	982
95	996
96	991
97	915
98	1037
99	963
100	981
101	995
102	995
103	1015
104	1009
105	1069
106	1026
107	1032
108	1070
109	996
110	1049
111	1102
112	1101
113	1161
114	1075
115	1101
116	1122
117	1145
118	1137
119	1105
120	1138
121	1104
122	1153
123	1201
124	1214
125	1219
126	1209
127	1182
128	1160
129	1222
130	1257
131	1258
132	1197
133	1342
134	1327
135	1323
136	1306
137	1340
138	1295
139	1349
140	1425
141	1339
142	1393
143	1321
144	1397
145	1402
146	1508
147	1333
148	1355
149	1381
150	1491
151	1423
152	1400
153	1454
154	1476
155	1599
156	1538
157	1521
158	1481
159	1540
160	1500
161	1479
162	1526
163	1474
164	1458
165	1561
166	1441
167	1556
168	1493
169	1463
170	1540
171	1515
172	1518
173	1546
174	1489
175	1544
176	1604
177	1525
178	1511
179	1514
180	1484
181	1522
182	1522
183	1610
184	1563
185	1499
186	1564
187	1588
188	1496
189	1570
190	1515
191	1504
192	1509
193	1586
194	1531
195	1480
196	1540
197	1545
198	1553
199	1578
200	1554
201	1493
202	1539
203	1482
204	1539
205	1521
206	1539
207	1574
208	1516
209	1583
210	1552
211	1547
212	1462
213	1539
214	1549
215	1505
216	1475
217	1525
218	1510
219	1502
220	1502
221	1492
222	1461
223	1507
224	1416
225	1457
226	1475
227	1513
228	1442
229	1517
230	1670
231	1633
232	1451
233	1473
234	1415
235	1459
236	1416
237	1423
238	1381
239	1443
240	1394
241	1441
242	1430
243	1337
244	1400
245	1375
246	1344
247	1315
248	1364
249	1361
250	1332
251	1282
252	1342
253	1351
254	1288
255	1324
256	1333
257	1317
258	1295
259	1284
260	1253
261	1247
262	1309
263	1253
264	1341
265	1355
266	1365
267	1274
268	1267
269	1312
270	1249
271	1217
272	1193
273	1292
274	1238
275	1222
276	1234
277	1161
278	1213
279	1221
280	1179
281	1207
282	1224
283	1219
284	1221
285	1126
286	1187
287	1161
288	1177
289	1117
290	1089
291	1141
292	1172
293	1197
294	1194
295	1190
296	1145
297	1206
298	1159
299	1165
300	1100
301	1111
302	1109
303	1128
304	1131
305	1136
306	1160
307	1106
308	1109
309	1151
310	1086
311	1042
312	1052
313	1030
314	1104
315	1134
316	1079
317	1070
318	1096
319	1058
320	1036
321	1066
322	1124
323	1014
324	1076
325	1136
326	1092
327	1108
328	1063
329	1019
330	1110
331	1159
332	1117
333	1123
334	1089
335	1094
336	978
337	1050
338	1054
339	1040
340	943
341	1037
342	1025
343	1247
344	1516
345	1899
346	1775
347	1493
348	1128
349	1006
350	971
351	928
352	980
353	965
354	934
355	1141
356	1390
357	1471
358	1440
359	1229
360	1028
361	956
362	977
363	936
364	917
365	981
366	1181
367	1347
368	1613
369	1867
370	2410
371	2966
372	2886
373	1913
374	1335
375	1035
376	1014
377	980
378	922
379	899
380	829
381	799
382	842
383	864
384	818
385	849
386	861
387	860
388	908
389	937
390	946
391	886
392	867
393	810
394	836
395	792
396	764
397	833
398	839
399	836
400	827
401	859
402	810
403	781
404	759
405	850
406	1111
407	1649
408	1979
409	1869
410	1440
411	1112
412	950
413	756
414	845
415	1108
416	1328
417	1524
418	1285
419	991
420	821
421	715
422	777
423	782
424	804
425	909
426	838
427	799
428	747
429	709
430	673
431	701
432	680
433	711
434	697
435	701
436	735
437	637
438	626
439	696
440	705
441	736
442	758
443	724
444	680
445	647
446	617
447	677
448	673
449	679
450	663
451	669
452	658
453	666
454	612
455	684
456	656
457	686
458	679
459	701
460	788
461	750
462	764
463	797
464	862
465	780
466	735
467	678
468	650
469	685
470	734
471	772
472	800
473	818
474	696
475	649
476	642
477	655
478	659
479	619
480	655
481	569
482	663
483	639
484	605
485	650
486	587
487	618
488	618
489	665
490	678
491	634
492	602
493	571
494	591
495	577
496	645
497	591
498	651
499	634
500	621
501	643
502	639
503	665
504	699
505	649
506	583
507	590
508	633
509	631
510	593
511	565
512	638
513	597
514	552
515	567
516	622
517	534
518	589
519	582
520	600
521	579
522	561
523	521
524	589
525	579
526	588
527	558
528	528
529	567
530	578
531	543
532	561
533	561
534	548
535	534
536	536
537	526
538	542
539	524
540	584
541	542
542	496
543	543
544	521
545	486
546	561
547	495
548	548
549	530
550	529
551	505
552	541
553	500
554	525
555	568
556	489
557	559
558	523
559	557
560	590
561	701
562	1041
563	1678
564	2374
565	2887
566	2792
567	2250
568	1527
569	1014
570	737
571	639
572	511
573	532
574	480
575	513
576	524
577	473
578	457
579	442
580	473
581	485
582	495
583	497
584	486
585	475
586	472
587	452
588	428
589	427
590	404
591	439
592	403
593	428
594	422
595	432
596	442
597	448
598	433
599	426
600	460
601	420
602	467
603	446
604	440
605	418
606	454
607	418
608	415
609	446
610	392
611	414
612	440
613	387
614	411
615	403
616	392
617	397
618	436
619	360
620	429
621	420
622	433
623	407
624	431
625	427
626	425
627	409
628	431
629	458
630	384
631	387
632	423
633	427
634	407
635	411
636	373
637	419
638	434
639	419
640	423
641	447
642	435
643	483
644	559
645	598
646	508
647	447
648	435
649	415
650	413
651	357
652	364
653	458
654	419
655	404
656	351
657	352
658	392
659	425
660	489
661	535
662	505
663	484
664	502
665	473
666	495
667	462
668	461
669	426
670	404
671	449
672	584
673	723
674	706
675	610
676	537
677	496
678	461
679	454
680	440
681	507
682	546
683	661
684	898
685	937
686	753
687	538
688	459
689	408
690	374
691	424
692	374
693	365
694	391
695	389
696	377
697	365
698	377
699	363
700	383
701	401
702	373
703	335
704	389
705	379
706	382
707	378
708	411
709	414
710	427
711	359
712	367
713	397
714	359
715	328
716	352
717	335
718	328
719	321
720	467
721	556
722	630
723	601
724	526
725	397
726	340
727	336
728	348
729	444
730	889
731	1918
732	3112
733	3462
734	2366
735	1209
736	571
737	365
738	320
739	324
740	349
741	349
742	351
743	327
744	327
745	291
746	305
747	305
748	281
749	334
750	296
751	321
752	333
753	284
754	293
755	295
756	318
757	300
758	293
759	369
760	414
761	556
762	531
763	484
764	378
765	343
766	352
767	363
768	386
769	374
770	404
771	395
772	337
773	308
774	310
775	327
776	349
777	314
778	365
779	331
780	328
781	326
782	345
783	334
784	362
785	336
786	342
787	319
788	293
789	305
790	305
791	299
792	297
793	281
794	327
795	388
796	719
797	1229
798	1783
799	1847
800	1309
801	683
802	388
803	324
804	320
805	335
806	305
807	274
808	245
809	255
810	272
811	262
812	261
813	306
814	304
815	358
816	359
817	362
818	325
819	257
820	286
821	240
822	268
823	264
824	268
825	268
826	252
827	269
828	242
829	238
830	249
831	246
832	217
833	261
834	270
835	294
836	333
837	268
838	275
839	249
840	276
841	246
842	259
843	236
844	288
845	248
846	260
847	289
848	325
849	337
850	318
851	326
852	299
853	324
854	273
855	282
856	254
857	233
858	223
859	223
860	243
861	206
862	230
863	260
864	216
865	210
866	232
867	235
868	250
869	267
870	260
871	251
872	235
873	221
874	254
875	243
876	240
877	261
878	259
879	266
880	264
881	247
882	225
883	213
884	223
885	224
886	232
887	249
888	207
889	229
890	212
891	234
892	215
893	215
894	234
895	250
896	240
897	236
898	237
899	254
900	211
901	220
902	229
903	256
904	200
905	207
906	205
907	218
908	226
909	212
910	219
911	224
912	225
913	202
914	219
915	217
916	198
917	226
918	208
919	216
920	196
921	207
922	227
923	234
924	221
925	258
926	250
927	243
928	272
929	230
930	272
931	268
932	273
933	273
934	275
935	283
936	269
937	291
938	291
939	254
940	260
941	245
942	268
943	251
944	248
945	262
946	236
947	229
948	255
949	256
950	277
951	306
952	269
953	237
954	223
955	200
956	204
957	239
958	239
959	225
960	240
961	222
962	241
963	262
964	221
965	224
966	234
967	229
968	201
969	199
970	227
971	210
972	199
973	215
974	234
975	204
976	199
977	231
978	228
979	193
980	198
981	200
982	189
983	211
984	175
985	235
986	208
987	227
988	228
989	236
990	223
991	219
992	207
993	204
994	223
995	210
996	211
997	199
998	226
999	237
1000	231
1001	231
1002	196
1003	223
1004	213
1005	283
1006	347
1007	420
1008	394
1009	342
1010	248
1011	248
1012	196
1013	217
1014	186
1015	203
1016	193
1017	209
1018	178
1019	218
1020	182
1021	185
1022	189
1023	177
1024	193
1025	177
1026	182
1027	175
1028	168
1029	214
1030	203
1031	182
1032	210
1033	214
1034	228
1035	179
1036	182
1037	175
1038	191
1039	205
1040	185
1041	180
1042	171
1043	200
1044	181
1045	190
1046	190
1047	179
1048	217
1049	206
1050	192
1051	197
1052	182
1053	181
1054	188
1055	177
1056	171
1057	170
1058	174
1059	182
1060	192
1061	168
1062	214
1063	255
1064	266
1065	264
1066	247
1067	238
1068	222
1069	255
1070	340
1071	321
1072	312
1073	230
1074	214
1075	172
1076	186
1077	148
1078	170
1079	179
1080	171
1081	164
1082	160
1083	177
1084	166
1085	165
1086	218
1087	163
1088	179
1089	163
1090	127
1091	174
1092	145
1093	181
1094	164
1095	176
1096	151
1097	163
1098	171
1099	157
1100	160
1101	159
1102	174
1103	169
1104	199
1105	154
1106	182
1107	179
1108	179
1109	169
1110	169
1111	178
1112	175
1113	153
1114	185
1115	192
1116	145
1117	171
1118	159
1119	185
1120	176
1121	170
1122	197
1123	209
1124	172
1125	177
1126	164
1127	163
1128	140
1129	188
1130	192
1131	191
1132	174
1133	175
1134	156
1135	151
1136	182
1137	158
1138	147
1139	168
1140	166
1141	148
1142	144
1143	158
1144	167
1145	155
1146	163
1147	185
1148	146
1149	165
1150	152
1151	213
1152	195
1153	182
1154	166
1155	194
1156	178
1157	186
1158	190
1159	172
1160	184
1161	173
1162	191
1163	158
1164	179
1165	164
1166	178
1167	181
1168	176
1169	170
1170	181
1171	189
1172	172
1173	174
1174	168
1175	178
1176	179
1177	148
1178	175
1179	173
1180	167
1181	158
1182	184
1183	185
1184	169
1185	156
1186	155
1187	162
1188	153
1189	161
1190	171
1191	180
1192	194
1193	188
1194	175
1195	162
1196	180
1197	158
1198	169
1199	159
1200	176
1201	167
1202	161
1203	143
1204	149
1205	147
1206	158
1207	157
1208	148
1209	160
1210	159
1211	145
1212	162
1213	148
1214	152
1215	169
1216	164
1217	171
1218	158
1219	159
1220	173
1221	167
1222	190
1223	177
1224	167
1225	164
1226	152
1227	160
1228	172
1229	180
1230	173
1231	179
1232	196
1233	193
1234	171
1235	186
1236	220
1237	262
1238	332
1239	318
1240	255
1241	200
1242	149
1243	154
1244	171
1245	150
1246	156
1247	150
1248	175
1249	151
1250	180
1251	150
1252	155
1253	167
1254	164
1255	149
1256	154
1257	146
1258	137
1259	159
1260	133
1261	145
1262	160
1263	143
1264	136
1265	146
1266	135
1267	155
1268	143
1269	149
1270	145
1271	157
1272	158
1273	172
1274	164
1275	132
1276	159
1277	147
1278	172
1279	149
1280	159
1281	157
1282	137
1283	137
1284	124
1285	172
1286	147
1287	155
1288	162
1289	168
1290	153
1291	106
1292	138
1293	145
1294	152
1295	152
1296	163
1297	154
1298	154
1299	139
1300	112
1301	133
1302	155
1303	133
1304	151
1305	161
1306	137
1307	125
1308	141
1309	158
1310	142
1311	149
1312	136
1313	150
1314	126
1315	169
1316	142
1317	151
1318	133
1319	172
1320	155
1321	140
1322	148
1323	147
1324	153
1325	158
1326	147
1327	151
1328	145
1329	130
1330	147
1331	126
1332	129
1333	164
1334	178
1335	173
1336	160
1337	147
1338	165
1339	139
1340	161
1341	142
1342	150
1343	151
1344	156
1345	151
1346	166
1347	163
1348	163
1349	179
1350	174
1351	165
1352	159
1353	181
1354	174
1355	157
1356	169
1357	149
1358	154
1359	161
1360	164
1361	142
1362	173
1363	147
1364	185
1365	159
1366	165
1367	173
1368	201
1369	201
1370	197
1371	170
1372	173
1373	148
1374	152
1375	140
1376	142
1377	162
1378	144
1379	146
1380	133
1381	139
1382	138
1383	127
1384	145
1385	138
1386	139
1387	145
1388	140
1389	141
1390	151
1391	122
1392	132
1393	131
1394	122
1395	128
1396	115
1397	132
1398	140
1399	119
1400	128
1401	130
1402	108
1403	122
1404	130
1405	123
1406	127
1407	125
1408	135
1409	110
1410	113
1411	126
1412	134
1413	123
1414	138
1415	128
1416	141
1417	140
1418	127
1419	117
1420	141
1421	118
1422	104
1423	137
1424	106
1425	145
1426	120
1427	124
1428	123
1429	124
1430	122
1431	93
1432	113
1433	107
1434	107
1435	107
1436	123
1437	108
1438	100
1439	105
1440	117
1441	109
1442	118
1443	111
1444	102
1445	110
1446	111
1447	109
1448	115
1449	108
1450	119
1451	115
1452	125
1453	123
1454	110
1455	114
1456	125
1457	108
1458	109
1459	110
1460	110
1461	105
1462	117
1463	123
1464	115
1465	122
1466	148
1467	147
1468	140
1469	117
1470	118
1471	106
1472	131
1473	100
1474	113
1475	116
1476	106
1477	112
1478	101
1479	94
1480	84
1481	106
1482	107
1483	109
1484	131
1485	123
1486	114
1487	97
1488	104
1489	109
1490	68
1491	86
1492	95
1493	114
1494	101
1495	96
1496	97
1497	100
1498	103
1499	112
1500	94
1501	88
1502	97
1503	105
1504	109
1505	102
1506	97
1507	96
1508	105
1509	86
1510	88
1511	86
1512	94
1513	89
1514	90
1515	90
1516	89
1517	93
1518	107
1519	87
1520	132
1521	117
1522	135
1523	139
1524	106
1525	113
1526	100
1527	102
1528	101
1529	94
1530	103
1531	91
1532	97
1533	103
1534	92
1535	66
1536	84
1537	92
1538	101
1539	106
1540	91
1541	84
1542	90
1543	98
1544	81
1545	97
1546	85
1547	102
1548	96
1549	93
1550	104
1551	90
1552	94
1553	92
1554	93
1555	105
1556	124
1557	104
1558	99
1559	95
1560	106
1561	106
1562	92
1563	85
1564	101
1565	91
1566	80
1567	96
1568	85
1569	83
1570	66
1571	95
1572	84
1573	68
1574	96
1575	78
1576	99
1577	83
1578	92
1579	84
1580	97
1581	94
1582	73
1583	100
1584	83
1585	97
1586	99
1587	112
1588	83
1589	66
1590	75
1591	65
1592	89
1593	104
1594	110
1595	84
1596	80
1597	95
1598	89
1599	72
1600	103
1601	95
1602	82
1603	87
1604	81
1605	102
1606	97
1607	83
1608	102
1609	118
1610	191
1611	412
1612	897
1613	1560
1614	2000
1615	1868
1616	1248
1617	659
1618	264
1619	102
1620	67
1621	69
1622	87
1623	81
1624	75
1625	77
1626	68
1627	84
1628	71
1629	86
1630	72
1631	86
1632	70
1633	72
1634	79
1635	88
1636	91
1637	74
1638	86
1639	107
1640	82
1641	82
1642	67
1643	71
1644	80
1645	85
1646	69
1647	78
1648	74
1649	78
1650	80
1651	78
1652	97
1653	80
1654	85
1655	65
1656	78
1657	79
1658	91
1659	87
1660	81
1661	76
1662	69
1663	78
1664	84
1665	71
1666	90
1667	101
1668	88
1669	93
1670	99
1671	75
1672	61
1673	73
1674	73
1675	62
1676	76
1677	61
1678	66
1679	73
1680	60
1681	58
1682	65
1683	56
1684	76
1685	78
1686	82
1687	71
1688	49
1689	66
1690	66
1691	64
1692	79
1693	71
1694	79
1695	69
1696	66
1697	64
1698	66
1699	65
1700	82
1701	73
1702	60
1703	61
1704	69
1705	59
1706	80
1707	69
1708	79
1709	67
1710	69
1711	65
1712	73
1713	59
1714	51
1715	63
1716	68
1717	73
1718	76
1719	55
1720	68
1721	74
1722	72
1723	72
1724	56
1725	59
1726	69
1727	57
1728	67
1729	67
1730	67
1731	63
1732	58
1733	35
1734	51
1735	58
1736	70
1737	72
1738	64
1739	83
1740	64
1741	53
1742	73
1743	78
1744	66
1745	86
1746	69
1747	66
1748	68
1749	82
1750	87
1751	71
1752	83
1753	102
1754	86
1755	105
1756	96
1757	86
1758	95
1759	88
1760	80
1761	71
1762	73
1763	83
1764	63
1765	67
1766	66
1767	63
1768	66
1769	66
1770	53
1771	50
1772	68
1773	67
1774	65
1775	73
1776	58
1777	72
1778	54
1779	58
1780	65
1781	53
1782	74
1783	54
1784	66
1785	52
1786	52
1787	60
1788	58
1789	77
1790	76
1791	78
1792	87
1793	75
1794	69
1795	66
1796	61
1797	58
1798	68
1799	60
1800	73
1801	82
1802	83
1803	76
1804	80
1805	65
1806	54
1807	61
1808	52
1809	62
1810	62
1811	57
1812	68
1813	60
1814	62
1815	49
1816	67
1817	44
1818	58
1819	54
1820	43
1821	47
1822	62
1823	59
1824	57
1825	74
1826	70
1827	60
1828	56
1829	57
1830	59
1831	41
1832	51
1833	67
1834	68
1835	67
1836	70
1837	80
1838	66
1839	48
1840	70
1841	64
1842	69
1843	51
1844	48
1845	63
1846	49
1847	64
1848	66
1849	59
1850	65
1851	56
1852	51
1853	55
1854	62
1855	63
1856	74
1857	52
1858	50
1859	60
1860	59
1861	59
1862	67
1863	77
1864	55
1865	63
1866	55
1867	62
1868	60
1869	57
1870	62
1871	55
1872	73
1873	60
1874	64
1875	60
1876	65
1877	54
1878	55
1879	54
1880	53
1881	50
1882	49
1883	63
1884	60
1885	46
1886	52
1887	53
1888	55
1889	54
1890	66
1891	54
1892	58
1893	62
1894	58
1895	70
1896	65
1897	67
1898	66
1899	80
1900	41
1901	59
1902	77
1903	64
1904	71
1905	76
1906	72
1907	65
1908	58
1909	77
1910	86
1911	83
1912	78
1913	67
1914	80
1915	72
1916	52
1917	66
1918	71
1919	51
1920	62
1921	57
1922	51
1923	57
1924	53
1925	66
1926	55
1927	71
1928	57
1929	49
1930	56
1931	58
1932	59
1933	69
1934	59
1935	56
1936	56
1937	62
1938	56
1939	62
1940	64
1941	58
1942	61
1943	67
1944	59
1945	63
1946	76
1947	123
1948	174
1949	202
1950	226
1951	182
1952	123
1953	78
1954	66
1955	55
1956	61
1957	63
1958	52
1959	37
1960	59
1961	48
1962	60
1963	54
1964	47
1965	50
1966	46
1967	45
1968	74
1969	46
1970	44
1971	65
1972	60
1973	58
1974	36
1975	47
1976	67
1977	59
1978	54
1979	47
1980	47
1981	57
1982	49
1983	48
1984	57
1985	56
1986	55
1987	66
1988	58
1989	60
1990	60
1991	53
1992	48
1993	50
1994	67
1995	50
1996	58
1997	63
1998	54
1999	69
2000	66
2001	56
2002	53
2003	36
2004	61
2005	53
2006	51
2007	50
2008	42
2009	45
2010	59
2011	52
2012	57
2013	66
2014	58
2015	54
2016	52
2017	56
2018	51
2019	46
2020	46
2021	50
2022	48
2023	53
2024	48
2025	55
2026	50
2027	44
2028	55
2029	54
2030	48
2031	60
2032	62
2033	56
2034	44
2035	52
2036	37
2037	52
2038	50
2039	48
2040	77
2041	67
2042	78
2043	51
2044	55
2045	49
2046	62
2047	60
2048	48
2049	52
2050	63
2051	60
2052	63
2053	70
2054	56
2055	54
2056	56
2057	70
2058	54
2059	59
2060	43
2061	32
2062	46
2063	40
2064	54
2065	56
2066	59
2067	44
2068	48
2069	63
2070	43
2071	50
2072	46
2073	59
2074	52
2075	59
2076	41
2077	47
2078	51
2079	57
2080	50
2081	37
2082	44
2083	61
2084	48
2085	45
2086	44
2087	41
2088	40
2089	51
2090	48
2091	42
2092	42
2093	54
2094	67
2095	39
2096	38
2097	53
2098	55
2099	38
2100	59
2101	43
2102	43
2103	50
2104	43
2105	49
2106	50
2107	44
2108	43
2109	39
2110	46
2111	51
2112	54
2113	58
2114	35
2115	43
2116	37
2117	41
2118	47
2119	45
2120	46
2121	47
2122	38
2123	34
2124	50
2125	58
2126	45
2127	57
2128	46
2129	50
2130	47
2131	48
2132	39
2133	51
2134	57
2135	58
2136	44
2137	46
2138	58
2139	50
2140	49
2141	45
2142	54
2143	57
2144	40
2145	49
2146	70
2147	45
2148	41
2149	47
2150	50
2151	60
2152	46
2153	53
2154	50
2155	55
2156	60
2157	59
2158	40
2159	54
2160	54
2161	43
2162	42
2163	56
2164	50
2165	55
2166	49
2167	38
2168	47
2169	39
2170	45
2171	56
2172	48
2173	67
2174	61
2175	46
2176	56
2177	47
2178	33
2179	46
2180	44
2181	57
2182	47
2183	61
2184	43
2185	50
2186	52
2187	54
2188	48
2189	44
2190	53
2191	51
2192	50
2193	54
2194	66
2195	52
2196	56
2197	50
2198	51
2199	38
2200	40
2201	46
2202	41
2203	50
2204	48
2205	40
2206	50
2207	50
2208	45
2209	45
2210	53
2211	44
2212	55
2213	48
2214	45
2215	42
2216	49
2217	45
2218	46
2219	50
2220	43
2221	61
2222	49
2223	44
2224	35
2225	54
2226	40
2227	54
2228	45
2229	47
2230	53
2231	45
2232	49
2233	36
2234	43
2235	48
2236	47
2237	45
2238	46
2239	44
2240	45
2241	34
2242	42
2243	54
2244	37
2245	46
2246	43
2247	48
2248	48
2249	41
2250	52
2251	39
2252	49
2253	49
2254	54
2255	48
2256	45
2257	49
2258	53
2259	49
2260	41
2261	42
2262	41
2263	48
2264	52
2265	43
2266	48
2267	49
2268	33
2269	38
2270	55
2271	43
2272	50
2273	54
2274	40
2275	46
2276	53
2277	61
2278	47
2279	51
2280	56
2281	54
2282	53
2283	47
2284	50
2285	36
2286	53
2287	47
2288	35
2289	48
2290	43
2291	52
2292	46
2293	44
2294	43
2295	48
2296	48
2297	46
2298	45
2299	39
2300	44
2301	49
2302	49
2303	39
2304	47
2305	43
2306	44
2307	49
2308	55
2309	43
2310	48
2311	59
2312	36
2313	40
2314	60
2315	46
2316	29
2317	62
2318	49
2319	54
2320	62
2321	71
2322	82
2323	95
2324	92
2325	91
2326	67
2327	66
2328	54
2329	35
2330	47
2331	48
2332	45
2333	49
2334	39
2335	48
2336	54
2337	41
2338	45
2339	60
2340	61
2341	70
2342	51
2343	52
2344	51
2345	51
2346	41
2347	32
2348	46
2349	32
2350	35
2351	38
2352	42
2353	36
2354	36
2355	35
2356	37
2357	50
2358	44
2359	46
2360	48
2361	39
2362	40
2363	48
2364	39
2365	45
2366	36
2367	42
2368	66
2369	45
2370	51
2371	42
2372	34
2373	51
2374	46
2375	45
2376	50
2377	36
2378	42
2379	49
2380	34
2381	38
2382	47
2383	39
2384	45
2385	35
2386	41
2387	55
2388	48
2389	42
2390	53
2391	32
2392	35
2393	44
2394	34
2395	57
2396	50
2397	35
2398	41
2399	44
2400	57
2401	27
2402	53
2403	37
2404	44
2405	43
2406	50
2407	55
2408	46
2409	42
2410	36
2411	45
2412	41
2413	51
2414	50
2415	41
2416	43
2417	52
2418	59
2419	39
2420	50
2421	37
2422	39
2423	47
2424	59
2425	49
2426	40
2427	46
2428	50
2429	56
2430	50
2431	52
2432	68
2433	88
2434	103
2435	96
2436	107
2437	73
2438	68
2439	56
2440	42
2441	48
2442	47
2443	50
2444	47
2445	46
2446	52
2447	61
2448	50
2449	40
2450	45
2451	39
2452	46
2453	51
2454	46
2455	44
2456	54
2457	60
2458	57
2459	47
2460	52
2461	44
2462	41
2463	57
2464	38
2465	53
2466	29
2467	41
2468	49
2469	38
2470	47
2471	54
2472	49
2473	48
2474	31
2475	50
2476	44
2477	55
2478	47
2479	51
2480	40
2481	41
2482	48
2483	44
2484	45
2485	33
2486	43
2487	45
2488	32
2489	44
2490	43
2491	46
2492	37
2493	44
2494	36
2495	40
2496	54
2497	54
2498	63
2499	43
2500	51
2501	46
2502	39
2503	52
2504	54
2505	46
2506	43
2507	31
2508	41
2509	34
2510	46
2511	46
2512	41
2513	45
2514	46
2515	39
2516	43
2517	48
2518	43
2519	36
2520	34
2521	31
2522	40
2523	53
2524	44
2525	39
2526	36
2527	43
2528	50
2529	45
2530	40
2531	55
2532	51
2533	35
2534	46
2535	44
2536	40
2537	51
2538	42
2539	46
2540	58
2541	54
2542	38
2543	35
2544	42
2545	51
2546	41
2547	43
2548	59
2549	42
2550	54
2551	40
2552	36
2553	47
2554	36
2555	42
2556	50
2557	45
2558	46
2559	41
2560	47
2561	37
2562	43
2563	47
2564	47
2565	46
2566	36
2567	46
2568	46
2569	38
2570	43
2571	45
2572	47
2573	36
2574	47
2575	44
2576	48
2577	45
2578	42
2579	50
2580	47
2581	42
2582	43
2583	43
2584	40
2585	45
2586	36
2587	32
2588	39
2589	43
2590	54
2591	56
2592	50
2593	48
2594	52
2595	30
2596	36
2597	46
2598	40
2599	60
2600	44
2601	48
2602	44
2603	45
2604	54
2605	46
2606	47
2607	45
2608	53
2609	50
2610	49
2611	43
2612	58
2613	37
2614	40
2615	37
2616	42
2617	40
2618	40
2619	38
2620	44
2621	40
2622	57
2623	50
2624	42
2625	46
2626	36
2627	58
2628	39
2629	45
2630	42
2631	52
2632	37
2633	51
2634	39
2635	37
2636	50
2637	38
2638	36
2639	39
2640	46
2641	47
2642	43
2643	40
2644	42
2645	35
2646	40
2647	33
2648	35
2649	34
2650	27
2651	41
2652	42
2653	37
2654	50
2655	42
2656	43
2657	32
2658	32
2659	39
2660	27
2661	34
2662	47
2663	42
2664	48
2665	48
2666	40
2667	42
2668	47
2669	42
2670	38
2671	37
2672	32
2673	41
2674	49
2675	41
2676	36
2677	37
2678	39
2679	45
2680	35
2681	45
2682	38
2683	43
2684	34
2685	49
2686	45
2687	35
2688	46
2689	33
2690	52
2691	37
2692	41
2693	22
2694	29
2695	44
2696	54
2697	34
2698	44
2699	34
2700	43
2701	47
2702	51
2703	47
2704	40
2705	53
2706	32
2707	37
2708	46
2709	33
2710	36
2711	29
2712	32
2713	40
2714	49
2715	52
2716	26
2717	30
2718	35
2719	31
2720	44
2721	28
2722	33
2723	33
2724	33
2725	38
2726	42
2727	30
2728	45
2729	25
2730	36
2731	37
2732	45
2733	33
2734	48
2735	27
2736	33
2737	33
2738	32
2739	40
2740	42
2741	29
2742	37
2743	44
2744	36
2745	41
2746	21
2747	46
2748	35
2749	42
2750	33
2751	37
2752	39
2753	28
2754	31
2755	37
2756	36
2757	29
2758	50
2759	31
2760	47
2761	35
2762	25
2763	37
2764	33
2765	37
2766	31
2767	28
2768	31
2769	33
2770	33
2771	36
2772	35
2773	22
2774	33
2775	37
2776	34
2777	21
2778	31
2779	36
2780	36
2781	35
2782	39
2783	40
2784	30
2785	29
2786	43
2787	35
2788	26
2789	35
2790	28
2791	37
2792	21
2793	38
2794	35
2795	26
2796	31
2797	29
2798	29
2799	33
2800	27
2801	31
2802	31
2803	24
2804	30
2805	37
2806	35
2807	36
2808	28
2809	33
2810	35
2811	29
2812	37
2813	34
2814	37
2815	32
2816	29
2817	24
2818	26
2819	41
2820	31
2821	27
2822	27
2823	33
2824	34
2825	35
2826	26
2827	36
2828	31
2829	36
2830	29
2831	44
2832	33
2833	42
2834	39
2835	33
2836	26
2837	28
2838	19
2839	25
2840	35
2841	31
2842	29
2843	36
2844	31
2845	40
2846	46
2847	39
2848	39
2849	32
2850	27
2851	35
2852	27
2853	33
2854	25
2855	22
2856	28
2857	38
2858	25
2859	28
2860	31
2861	33
2862	30
2863	33
2864	29
2865	41
2866	33
2867	29
2868	35
2869	21
2870	29
2871	29
2872	34
2873	30
2874	30
2875	22
2876	33
2877	29
2878	34
2879	26
2880	34
2881	26
2882	32
2883	67
2884	132
2885	204
2886	329
2887	437
2888	413
2889	379
2890	339
2891	225
2892	118
2893	64
2894	28
2895	33
2896	29
2897	36
2898	33
2899	22
2900	23
2901	29
2902	42
2903	17
2904	36
2905	34
2906	28
2907	30
2908	27
2909	43
2910	27
2911	35
2912	28
2913	34
2914	15
2915	32
2916	23
2917	28
2918	26
2919	31
2920	26
2921	23
2922	27
2923	28
2924	33
2925	25
2926	32
2927	23
2928	33
2929	37
2930	30
2931	31
2932	35
2933	36
2934	28
2935	36
2936	36
2937	34
2938	43
2939	32
2940	29
2941	22
2942	11
2943	27
2944	32
2945	31
2946	23
2947	24
2948	20
2949	28
2950	22
2951	24
2952	21
2953	25
2954	31
2955	24
2956	27
2957	21
2958	14
2959	22
2960	16
2961	28
2962	32
2963	33
2964	32
2965	22
2966	20
2967	33
2968	32
2969	40
2970	27
2971	32
2972	28
2973	27
2974	14
2975	28
2976	30
2977	23
2978	33
2979	23
2980	28
2981	21
2982	31
2983	27
2984	35
2985	30
2986	17
2987	27
2988	36
2989	33
2990	29
2991	35
2992	19
2993	30
2994	30
2995	36
2996	19
2997	32
2998	37
2999	28
3000	19
3001	32
3002	27
3003	28
3004	23
3005	17
3006	42
3007	33
3008	35
3009	21
3010	24
3011	27
3012	33
3013	28
3014	30
3015	32
3016	29
3017	28
3018	32
3019	35
3020	25
3021	32
3022	27
3023	36
3024	31
3025	21
3026	26
3027	25
3028	17
3029	36
3030	28
3031	25
3032	20
3033	27
3034	30
3035	22
3036	37
3037	27
3038	22
3039	26
3040	27
3041	32
3042	21
3043	31
3044	23
3045	23
3046	29
3047	25
3048	32
3049	18
3050	30
3051	32
3052	31
3053	32
3054	34
3055	37
3056	29
3057	27
3058	15
3059	24
3060	42
3061	29
3062	27
3063	24
3064	34
3065	31
3066	24
3067	29
3068	36
3069	34
3070	28
3071	25
3072	24
3073	21
3074	28
3075	30
3076	25
3077	26
3078	36
3079	17
3080	36
3081	29
3082	27
3083	22
3084	30
3085	30
3086	27
3087	35
3088	25
3089	27
3090	27
3091	30
3092	41
3093	30
3094	28
3095	28
3096	21
3097	30
3098	28
3099	27
3100	28
3101	16
3102	30
3103	29
3104	27
3105	18
3106	39
3107	24
3108	36
3109	24
3110	21
3111	23
3112	28
3113	27
3114	27
3115	19
3116	31
3117	35
3118	26
3119	29
3120	33
3121	24
3122	21
3123	23
3124	31
3125	36
3126	24
3127	41
3128	35
3129	24
3130	28
3131	26
3132	22
3133	30
3134	28
3135	29
3136	30
3137	30
3138	23
3139	21
3140	30
3141	29
3142	29
3143	25
3144	25
3145	34
3146	38
3147	19
3148	31
3149	28
3150	23
3151	27
3152	22
3153	19
3154	30
3155	25
3156	26
3157	24
3158	27
3159	23
3160	24
3161	28
3162	26
3163	32
3164	33
3165	26
3166	26
3167	28
3168	16
3169	26
3170	22
3171	36
3172	28
3173	24
3174	20
3175	25
3176	24
3177	16
3178	26
3179	23
3180	17
3181	37
3182	19
3183	32
3184	19
3185	32
3186	27
3187	25
3188	23
3189	21
3190	30
3191	29
3192	27
3193	14
3194	26
3195	33
3196	30
3197	24
3198	18
3199	29
3200	32
3201	20
3202	34
3203	24
3204	27
3205	23
3206	32
3207	21
3208	33
3209	30
3210	25
3211	14
3212	22
3213	22
3214	29
3215	23
3216	21
3217	29
3218	25
3219	32
3220	29
3221	28
3222	33
3223	24
3224	32
3225	25
3226	21
3227	39
3228	26
3229	29
3230	36
3231	29
3232	23
3233	32
3234	24
3235	36
3236	28
3237	21
3238	27
3239	37
3240	26
3241	31
3242	20
3243	22
3244	29
3245	24
3246	34
3247	24
3248	22
3249	27
3250	25
3251	24
3252	23
3253	24
3254	43
3255	20
3256	23
3257	30
3258	33
3259	31
3260	19
3261	25
3262	37
3263	29
3264	26
3265	32
3266	18
3267	29
3268	20
3269	20
3270	25
3271	28
3272	29
3273	29
3274	25
3275	20
3276	26
3277	32
3278	28
3279	20
3280	22
3281	29
3282	36
3283	30
3284	19
3285	30
3286	24
3287	32
3288	27
3289	25
3290	27
3291	21
3292	24
3293	27
3294	21
3295	21
3296	32
3297	29
3298	36
3299	22
3300	19
3301	28
3302	24
3303	18
3304	19
3305	37
3306	25
3307	26
3308	21
3309	31
3310	29
3311	23
3312	41
3313	23
3314	34
3315	34
3316	24
3317	33
3318	41
3319	32
3320	31
3321	30
3322	24
3323	27
3324	21
3325	27
3326	26
3327	24
3328	24
3329	19
3330	33
3331	31
3332	31
3333	31
3334	23
3335	28
3336	15
3337	34
3338	31
3339	23
3340	19
3341	28
3342	27
3343	23
3344	36
3345	31
3346	20
3347	31
3348	34
3349	20
3350	28
3351	27
3352	15
3353	28
3354	23
3355	31
3356	25
3357	29
3358	25
3359	23
3360	21
3361	20
3362	26
3363	22
3364	29
3365	25
3366	29
3367	31
3368	19
3369	24
3370	20
3371	21
3372	22
3373	28
3374	26
3375	21
3376	28
3377	31
3378	23
3379	21
3380	32
3381	28
3382	38
3383	32
3384	32
3385	27
3386	20
3387	21
3388	28
3389	31
3390	24
3391	35
3392	33
3393	31
3394	18
3395	18
3396	17
3397	22
3398	27
3399	8
3400	23
3401	27
3402	21
3403	25
3404	24
3405	23
3406	32
3407	30
3408	22
3409	25
3410	34
3411	36
3412	26
3413	21
3414	23
3415	32
3416	22
3417	40
3418	24
3419	28
3420	27
3421	30
3422	22
3423	22
3424	29
3425	27
3426	25
3427	28
3428	28
3429	27
3430	34
3431	18
3432	26
3433	29
3434	32
3435	26
3436	28
3437	29
3438	28
3439	28
3440	27
3441	31
3442	25
3443	19
3444	26
3445	32
3446	20
3447	23
3448	31
3449	19
3450	27
3451	29
3452	35
3453	20
3454	24
3455	27
3456	25
3457	22
3458	17
3459	30
3460	24
3461	20
3462	26
3463	31
3464	31
3465	21
3466	19
3467	26
3468	31
3469	19
3470	35
3471	22
3472	19
3473	26
3474	24
3475	32
3476	23
3477	27
3478	35
3479	39
3480	29
3481	35
3482	19
3483	29
3484	25
3485	28
3486	25
3487	30
3488	22
3489	25
3490	19
3491	23
3492	25
3493	29
3494	27
3495	23
3496	20
3497	26
3498	28
3499	23
3500	24
3501	25
3502	30
3503	25
3504	23
3505	20
3506	26
3507	29
3508	31
3509	23
3510	31
3511	25
3512	31
3513	21
3514	22
3515	25
3516	32
3517	27
3518	32
3519	26
3520	23
3521	36
3522	28
3523	25
3524	24
3525	31
3526	28
3527	30
3528	22
3529	22
3530	22
3531	15
3532	25
3533	32
3534	32
3535	19
3536	27
3537	26
3538	31
3539	27
3540	27
3541	21
3542	20
3543	27
3544	27
3545	23
3546	27
3547	31
3548	22
3549	35
3550	16
3551	19
3552	26
3553	27
3554	23
3555	21
3556	25
3557	19
3558	31
3559	35
3560	21
3561	21
3562	20
3563	22
3564	29
3565	20
3566	22
3567	29
3568	20
3569	25
3570	23
3571	23
3572	33
3573	26
3574	26
3575	29
3576	33
3577	25
3578	25
3579	17
3580	20
3581	29
3582	18
3583	23
3584	22
3585	33
3586	25
3587	30
3588	26
3589	19
3590	25
3591	20
3592	22
3593	16
3594	21
3595	31
3596	24
3597	21
3598	22
3599	32
3600	17
3601	29
3602	22
3603	32
3604	23
3605	24
3606	34
3607	28
3608	25
3609	15
3610	30
3611	27
3612	38
3613	21
3614	29
3615	34
3616	23
3617	31
3618	25
3619	24
3620	24
3621	27
3622	20
3623	24
3624	19
3625	30
3626	25
3627	25
3628	36
3629	35
3630	32
3631	27
3632	27
3633	24
3634	19
3635	23
3636	30
3637	23
3638	31
3639	25
3640	30
3641	26
3642	22
3643	23
3644	23
3645	31
3646	31
3647	20
3648	19
3649	23
3650	30
3651	32
3652	28
3653	30
3654	26
3655	25
3656	26
3657	26
3658	28
3659	24
3660	16
3661	26
3662	21
3663	26
3664	31
3665	37
3666	21
3667	22
3668	19
3669	21
3670	24
3671	25
3672	20
3673	22
3674	30
3675	28
3676	27
3677	28
3678	26
3679	33
3680	27
3681	27
3682	23
3683	28
3684	15
3685	24
3686	24
3687	29
3688	33
3689	15
3690	25
3691	34
3692	24
3693	27
3694	29
3695	27
3696	25
3697	24
3698	25
3699	23
3700	24
3701	36
3702	25
3703	23
3704	29
3705	26
3706	24
3707	23
3708	24
3709	29
3710	30
3711	24
3712	31
3713	26
3714	27
3715	28
3716	43
3717	40
3718	33
3719	33
3720	42
3721	25
3722	26
3723	29
3724	30
3725	31
3726	33
3727	30
3728	35
3729	37
3730	39
3731	39
3732	37
3733	35
3734	29
3735	26
3736	34
3737	21
3738	41
3739	18
3740	37
3741	37
3742	33
3743	39
3744	29
3745	33
3746	33
3747	43
3748	46
3749	48
3750	32
3751	31
3752	37
3753	29
3754	39
3755	45
3756	36
3757	39
3758	42
3759	43
3760	47
3761	30
3762	36
3763	29
3764	36
3765	31
3766	37
3767	37
3768	32
3769	37
3770	41
3771	39
3772	40
3773	38
3774	35
3775	30
3776	35
3777	43
3778	44
3779	42
3780	34
3781	32
3782	29
3783	34
3784	57
3785	45
3786	33
3787	55
3788	39
3789	36
3790	30
3791	40
3792	50
3793	29
3794	51
3795	36
3796	43
3797	43
3798	44
3799	42
3800	31
3801	37
3802	47
3803	31
3804	30
3805	28
3806	40
3807	45
3808	39
3809	40
3810	36
3811	44
3812	36
3813	47
3814	41
3815	36
3816	41
3817	37
3818	36
3819	31
3820	51
3821	25
3822	31
3823	36
3824	32
3825	45
3826	38
3827	43
3828	45
3829	38
3830	29
3831	34
3832	32
3833	43
3834	31
3835	53
3836	39
3837	26
3838	37
3839	34
3840	32
3841	30
3842	33
3843	39
3844	37
3845	31
3846	43
3847	27
3848	37
3849	37
3850	43
3851	30
3852	33
3853	39
3854	30
3855	30
3856	36
3857	34
3858	50
3859	38
3860	32
3861	20
3862	34
3863	49
3864	28
3865	32
3866	34
3867	31
3868	39
3869	31
3870	33
3871	42
3872	41
3873	33
3874	33
3875	31
3876	39
3877	34
3878	25
3879	34
3880	28
3881	41
3882	36
3883	29
3884	33
3885	33
3886	30
3887	33
3888	40
3889	22
3890	38
3891	25
3892	27
3893	38
3894	30
3895	30
3896	34
3897	39
3898	33
3899	36
3900	45
3901	33
3902	25
3903	38
3904	37
3905	50
3906	25
3907	42
3908	33
3909	30
3910	28
3911	26
3912	39
3913	27
3914	32
3915	37
3916	38
3917	28
3918	39
3919	28
3920	37
3921	31
3922	44
3923	29
3924	25
3925	39
3926	42
3927	36
3928	37
3929	24
3930	36
3931	34
3932	42
3933	32
3934	25
3935	42
3936	41
3937	46
3938	39
3939	26
3940	36
3941	38
3942	37
3943	40
3944	41
3945	31
3946	36
3947	31
3948	35
3949	40
3950	24
3951	34
3952	36
3953	32
3954	29
3955	28
3956	32
3957	37
3958	35
3959	32
3960	36
3961	31
3962	37
3963	38
3964	38
3965	38
3966	25
3967	36
3968	41
3969	35
3970	35
3971	31
3972	34
3973	37
3974	44
3975	36
3976	36
3977	37
3978	32
3979	37
3980	40
3981	30
3982	34
3983	32
3984	35
3985	39
3986	36
3987	29
3988	44
3989	36
3990	36
3991	34
3992	40
3993	31
3994	31
3995	33
3996	28
3997	40
3998	40
3999	35
4000	47
4001	36
4002	35
4003	34
4004	33
4005	49
4006	34
4007	37
4008	33
4009	35
4010	28
4011	33
4012	39
4013	31
4014	41
4015	39
4016	37
4017	32
4018	40
4019	36
4020	40
4021	45
4022	34
4023	41
4024	33
4025	40
4026	39
4027	32
4028	33
4029	32
4030	36
4031	51
4032	27
4033	43
4034	35
4035	35
4036	30
4037	36
4038	30
4039	42
4040	29
4041	33
4042	44
4043	29
4044	37
4045	36
4046	36
4047	36
4048	47
4049	41
4050	36
4051	39
4052	37
4053	37
4054	39
4055	36
4056	46
4057	37
4058	49
4059	36
4060	36
4061	33
4062	44
4063	41
4064	35
4065	32
4066	49
4067	32
4068	42
4069	38
4070	45
4071	43
4072	38
4073	38
4074	36
4075	34
4076	40
4077	43
4078	37
4079	41
4080	47
4081	42
4082	32
4083	42
4084	43
4085	38
4086	42
4087	36
4088	51
4089	38
4090	40
4091	37
4092	40
4093	42
4094	31
4095	43
4096	39
4097	42
4098	41
4099	35
4100	38
4101	40
4102	32
4103	34
4104	47
4105	42
4106	40
4107	40
4108	40
4109	35
4110	35
4111	42
4112	45
4113	43
4114	34
4115	34
4116	39
4117	35
4118	49
4119	41
4120	42
4121	35
4122	36
4123	36
4124	36
4125	43
4126	30
4127	40
4128	36
4129	27
4130	40
4131	39
4132	45
4133	40
4134	38
4135	42
4136	43
4137	44
4138	47
4139	36
4140	38
4141	40
4142	49
4143	37
4144	42
4145	38
4146	36
4147	32
4148	43
4149	28
4150	30
4151	50
4152	35
4153	46
4154	35
4155	38
4156	37
4157	39
4158	38
4159	40
4160	35
4161	32
4162	35
4163	39
4164	39
4165	34
4166	40
4167	39
4168	43
4169	41
4170	31
4171	32
4172	34
4173	23
4174	34
4175	41
4176	32
4177	35
4178	30
4179	30
4180	28
4181	34
4182	40
4183	41
4184	40
4185	37
4186	40
4187	41
4188	39
4189	31
4190	30
4191	40
4192	52
4193	33
4194	36
4195	32
4196	47
4197	30
4198	35
4199	35
4200	42
4201	24
4202	25
4203	39
4204	29
4205	28
4206	31
4207	32
4208	29
4209	28
4210	36
4211	25
4212	38
4213	31
4214	34
4215	30
4216	35
4217	39
4218	28
4219	36
4220	30
4221	35
4222	28
4223	34
4224	34
4225	44
4226	27
4227	29
4228	29
4229	32
4230	44
4231	44
4232	39
4233	39
4234	32
4235	24
4236	26
4237	30
4238	34
4239	29
4240	28
4241	33
4242	33
4243	39
4244	38
4245	36
4246	39
4247	35
4248	38
4249	41
4250	39
4251	41
4252	33
4253	48
4254	44
4255	35
4256	32
4257	42
4258	39
4259	41
4260	35
4261	38
4262	33
4263	40
4264	49
4265	32
4266	46
4267	46
4268	52
4269	42
4270	43
4271	44
4272	46
4273	45
4274	40
4275	46
4276	50
4277	36
4278	42
4279	53
4280	52
4281	45
4282	55
4283	54
4284	49
4285	43
4286	50
4287	52
4288	51
4289	40
4290	51
4291	52
4292	59
4293	55
4294	50
4295	49
4296	45
4297	49
4298	61
4299	46
4300	56
4301	69
4302	53
4303	55
4304	58
4305	65
4306	66
4307	58
4308	73
4309	70
4310	70
4311	65
4312	51
4313	58
4314	69
4315	51
4316	67
4317	59
4318	62
4319	77
4320	69
4321	60
4322	66
4323	81
4324	57
4325	66
4326	70
4327	68
4328	68
4329	70
4330	63
4331	62
4332	82
4333	74
4334	56
4335	69
4336	61
4337	64
4338	58
4339	74
4340	72
4341	71
4342	52
4343	58
4344	61
4345	80
4346	57
4347	71
4348	67
4349	65
4350	79
4351	61
4352	72
4353	75
4354	85
4355	73
4356	65
4357	71
4358	58
4359	68
4360	84
4361	69
4362	86
4363	68
4364	46
4365	69
4366	73
4367	62
4368	67
4369	58
4370	67
4371	49
4372	52
4373	74
4374	62
4375	72
4376	64
4377	67
4378	78
4379	74
4380	61
4381	61
4382	65
4383	61
4384	58
4385	69
4386	61
4387	62
4388	66
4389	50
4390	51
4391	54
4392	59
4393	59
4394	34
4395	37
4396	55
4397	54
4398	53
4399	44
4400	51
4401	56
4402	37
4403	50
4404	53
4405	54
4406	44
4407	53
4408	49
4409	54
4410	48
4411	50
4412	60
4413	50
4414	45
4415	45
4416	53
4417	41
4418	58
4419	54
4420	38
4421	45
4422	33
4423	42
4424	48
4425	60
4426	62
4427	34
4428	46
4429	34
4430	51
4431	46
4432	44
4433	50
4434	43
4435	45
4436	37
4437	39
4438	40
4439	43
4440	39
4441	38
4442	35
4443	47
4444	43
4445	39
4446	35
4447	32
4448	44
4449	33
4450	52
4451	48
4452	36
4453	36
4454	47
4455	41
4456	45
4457	31
4458	35
4459	41
4460	30
4461	28
4462	32
4463	40
4464	33
4465	39
4466	44
4467	48
4468	37
4469	42
4470	38
4471	42
4472	55
4473	36
4474	46
4475	43
4476	54
4477	44
4478	35
4479	39
4480	41
4481	37
4482	42
4483	32
4484	50
4485	42
4486	37
4487	34
4488	37
4489	36
4490	31
4491	45
4492	39
4493	42
4494	44
4495	34
4496	48
4497	32
4498	39
4499	48
4500	35
4501	32
4502	37
4503	45
4504	53
4505	40
4506	42
4507	45
4508	34
4509	40
4510	38
4511	45
4512	34
4513	42
4514	44
4515	37
4516	48
4517	41
4518	41
4519	44
4520	61
4521	37
4522	36
4523	49
4524	39
4525	45
4526	40
4527	47
4528	42
4529	43
4530	34
4531	38
4532	45
4533	39
4534	39
4535	34
4536	35
4537	44
4538	42
4539	50
4540	45
4541	41
4542	43
4543	58
4544	44
4545	41
4546	53
4547	44
4548	46
4549	43
4550	43
4551	39
4552	53
4553	52
4554	55
4555	47
4556	41
4557	50
4558	44
4559	48
4560	34
4561	39
4562	36
4563	48
4564	42
4565	46
4566	44
4567	37
4568	54
4569	40
4570	36
4571	45
4572	44
4573	53
4574	48
4575	36
4576	41
4577	50
4578	42
4579	44
4580	55
4581	53
4582	38
4583	41
4584	50
4585	40
4586	51
4587	53
4588	49
4589	58
4590	51
4591	43
4592	50
4593	47
4594	37
4595	46
4596	58
4597	46
4598	45
4599	48
4600	51
4601	55
4602	47
4603	56
4604	53
4605	53
4606	42
4607	49
4608	42
4609	44
4610	48
4611	48
4612	53
4613	39
4614	52
4615	44
4616	41
4617	37
4618	49
4619	51
4620	39
4621	41
4622	42
4623	43
4624	43
4625	46
4626	50
4627	41
4628	41
4629	45
4630	56
4631	62
4632	41
4633	49
4634	41
4635	47
4636	52
4637	47
4638	41
4639	42
4640	44
4641	49
4642	42
4643	42
4644	55
4645	34
4646	44
4647	43
4648	35
4649	41
4650	36
4651	38
4652	47
4653	31
4654	34
4655	53
4656	41
4657	42
4658	42
4659	29
4660	42
4661	39
4662	36
4663	34
4664	39
4665	40
4666	36
4667	39
4668	32
4669	45
4670	39
4671	38
4672	43
4673	40
4674	31
4675	24
4676	48
4677	42
4678	37
4679	40
4680	33
4681	35
4682	43
4683	36
4684	34
4685	44
4686	38
4687	42
4688	36
4689	39
4690	41
4691	36
4692	26
4693	37
4694	37
4695	25
4696	33
4697	38
4698	38
4699	29
4700	27
4701	30
4702	30
4703	43
4704	27
4705	26
4706	30
4707	37
4708	25
4709	39
4710	42
4711	21
4712	33
4713	33
4714	33
4715	25
4716	38
4717	27
4718	32
4719	24
4720	28
4721	28
4722	28
4723	34
4724	32
4725	24
4726	22
4727	35
4728	23
4729	23
4730	24
4731	18
4732	23
4733	31
4734	33
4735	24
4736	19
4737	22
4738	30
4739	26
4740	23
4741	30
4742	24
4743	22
4744	29
4745	31
4746	22
4747	17
4748	27
4749	24
4750	23
4751	23
4752	24
4753	26
4754	23
4755	26
4756	29
4757	19
4758	14
4759	18
4760	31
4761	35
4762	23
4763	26
4764	24
4765	12
4766	20
4767	26
4768	17
4769	20
4770	15
4771	24
4772	26
4773	22
4774	21
4775	18
4776	17
4777	14
4778	19
4779	20
4780	14
4781	25
4782	21
4783	13
4784	21
4785	17
4786	25
4787	18
4788	24
4789	17
4790	19
4791	23
4792	24
4793	20
4794	17
4795	18
4796	15
4797	18
4798	26
4799	10
4800	23
4801	18
4802	22
4803	20
4804	23
4805	20
4806	23
4807	21
4808	25
4809	15
4810	25
4811	19
4812	23
4813	15
4814	28
4815	33
4816	14
4817	29
4818	21
4819	21
4820	19
4821	34
4822	14
4823	23
4824	25
4825	22
4826	34
4827	39
4828	27
4829	36
4830	27
4831	41
4832	28
4833	31
4834	42
4835	38
4836	35
4837	37
4838	37
4839	45
4840	41
4841	39
4842	61
4843	51
4844	47
4845	43
4846	43
4847	60
4848	38
4849	47
4850	45
4851	50
4852	62
4853	59
4854	61
4855	61
4856	48
4857	49
4858	67
4859	67
4860	81
4861	75
4862	62
4863	72
4864	62
4865	68
4866	87
4867	92
4868	103
4869	76
4870	96
4871	87
4872	90
4873	88
4874	86
4875	114
4876	92
4877	84
4878	90
4879	107
4880	80
4881	83
4882	85
4883	90
4884	103
4885	76
4886	75
4887	107
4888	110
4889	97
4890	81
4891	89
4892	79
4893	88
4894	83
4895	85
4896	83
4897	83
4898	113
4899	89
4900	103
4901	88
4902	102
4903	104
4904	113
4905	98
4906	112
4907	89
4908	100
4909	90
4910	80
4911	118
4912	86
4913	102
4914	91
4915	100
4916	91
4917	90
4918	91
4919	95
4920	84
4921	90
4922	93
4923	78
4924	80
4925	84
4926	89
4927	75
4928	73
4929	88
4930	96
4931	90
4932	88
4933	73
4934	70
4935	69
4936	69
4937	84
4938	90
4939	76
4940	63
4941	68
4942	75
4943	68
4944	62
4945	61
4946	68
4947	59
4948	67
4949	69
4950	62
4951	53
4952	51
4953	66
4954	62
4955	56
4956	56
4957	47
4958	67
4959	50
4960	63
4961	60
4962	45
4963	48
4964	53
4965	35
4966	47
4967	32
4968	37
4969	34
4970	44
4971	45
4972	31
4973	46
4974	28
4975	32
4976	36
4977	25
4978	22
4979	27
4980	34
4981	31
4982	30
4983	26
4984	28
4985	27
4986	31
4987	33
4988	23
4989	23
4990	21
4991	22
4992	22
4993	20
4994	24
4995	10
4996	16
4997	14
4998	19
4999	12
5000	26
5001	11
5002	19
5003	13
5004	11
5005	19
5006	7
5007	10
5008	13
5009	5
5010	13
5011	16
5012	11
5013	11
5014	6
5015	8
5016	9
5017	9
5018	10
5019	11
5020	17
5021	11
5022	7
5023	13
5024	6
5025	8
5026	17
5027	5
5028	13
5029	6
5030	12
5031	18
5032	2
5033	13
5034	7
5035	17
5036	10
5037	11
5038	5
5039	7
5040	5
5041	12
5042	8
5043	5
5044	6
5045	6
5046	10
5047	9
5048	10
5049	10
5050	8
5051	7
5052	7
5053	2
5054	9
5055	9
5056	10
5057	12
5058	8
5059	9
5060	7
5061	10
5062	7
5063	14
5064	10
5065	9
5066	11
5067	7
5068	5
5069	7
5070	8
5071	11
5072	6
5073	8
5074	10
5075	6
5076	9
5077	8
5078	10
5079	9
5080	4
5081	10
5082	9
5083	5
5084	4
5085	11
5086	13
5087	8
5088	12
5089	4
5090	15
5091	7
5092	13
5093	9
5094	7
5095	10
5096	10
5097	10
5098	11
5099	7
5100	7
5101	6
5102	7
5103	4
5104	7
5105	11
5106	7
5107	8
5108	11
5109	14
5110	7
5111	7
5112	9
5113	10
5114	15
5115	14
5116	1
5117	9
5118	9
5119	10
5120	6
5121	6
5122	11
5123	2
5124	6
5125	8
5126	11
5127	9
5128	7
5129	7
5130	10
5131	10
5132	4
5133	11
5134	13
5135	7
5136	11
5137	8
5138	7
5139	12
5140	8
5141	9
5142	6
5143	7
5144	10
5145	11
5146	13
5147	9
5148	9
5149	8
5150	5
5151	5
5152	8
5153	6
5154	8
5155	11
5156	11
5157	9
5158	3
5159	8
5160	8
5161	8
5162	9
5163	8
5164	5
5165	10
5166	5
5167	7
5168	10
5169	4
5170	5
5171	3
5172	9
5173	9
5174	6
5175	5
5176	11
5177	9
5178	7
5179	5
5180	2
5181	11
5182	14
5183	8
5184	5
5185	10
5186	6
5187	6
5188	7
5189	6
5190	8
5191	7
5192	13
5193	11
5194	3
5195	11
5196	10
5197	6
5198	5
5199	9
5200	4
5201	5
5202	8
5203	8
5204	9
5205	7
5206	13
5207	7
5208	10
5209	11
5210	5
5211	11
5212	8
5213	14
5214	8
5215	9
5216	7
5217	8
5218	3
5219	12
5220	7
5221	4
5222	6
5223	8
5224	7
5225	7
5226	8
5227	10
5228	4
5229	4
5230	10
5231	3
5232	8
5233	7
5234	11
5235	6
5236	2
5237	8
5238	5
5239	7
5240	7
5241	10
5242	6
5243	11
5244	3
5245	13
5246	5
5247	7
5248	6
5249	10
5250	8
5251	12
5252	10
5253	4
5254	11
5255	7
5256	9
5257	9
5258	13
5259	14
5260	6
5261	8
5262	5
5263	7
5264	5
5265	9
5266	4
5267	7
5268	8
5269	9
5270	2
5271	10
5272	9
5273	9
5274	7
5275	4
5276	9
5277	5
5278	10
5279	11
5280	9
5281	7
5282	6
5283	9
5284	8
5285	9
5286	3
5287	6
5288	5
5289	7
5290	10
5291	9
5292	5
5293	6
5294	8
5295	6
5296	4
5297	9
5298	5
5299	5
5300	10
5301	10
5302	7
5303	4
5304	5
5305	11
5306	6
5307	9
5308	9
5309	7
5310	9
5311	8
5312	5
5313	5
5314	7
5315	3
5316	6
5317	11
5318	8
5319	8
5320	6
5321	7
5322	8
5323	11
5324	8
5325	5
5326	7
5327	9
5328	7
5329	11
5330	9
5331	10
5332	7
5333	9
5334	7
5335	4
5336	5
5337	9
5338	10
5339	10
5340	5
5341	9
5342	8
5343	6
5344	7
5345	6
5346	7
5347	11
5348	8
5349	3
5350	9
5351	7
5352	2
5353	7
5354	7
5355	5
5356	8
5357	8
5358	9
5359	3
5360	8
5361	4
5362	4
5363	6
5364	4
5365	6
5366	6
5367	3
5368	10
5369	7
5370	7
5371	5
5372	10
5373	3
5374	9
5375	9
5376	5
5377	11
5378	2
5379	5
5380	1
5381	7
5382	8
5383	9
5384	6
5385	9
5386	9
5387	3
5388	5
5389	8
5390	4
5391	2
5392	6
5393	3
5394	4
5395	6
5396	9
5397	5
5398	9
5399	9
5400	9
5401	6
5402	8
5403	4
5404	9
5405	6
5406	9
5407	6
5408	3
5409	1
5410	1
5411	10
5412	3
5413	8
5414	7
5415	5
5416	11
5417	9
5418	8
5419	9
5420	7
5421	6
5422	8
5423	8
5424	11
5425	9
5426	8
5427	7
5428	9
5429	7
5430	4
5431	7
5432	5
5433	5
5434	7
5435	3
5436	13
5437	7
5438	7
5439	2
5440	6
5441	7
5442	3
5443	3
5444	7
5445	10
5446	2
5447	6
5448	9
5449	10
5450	4
5451	6
5452	9
5453	6
5454	9
5455	7
5456	6
5457	8
5458	7
5459	6
5460	5
5461	11
5462	6
5463	3
5464	9
5465	8
5466	3
5467	11
5468	6
5469	6
5470	5
5471	9
5472	6
5473	7
5474	10
5475	7
5476	7
5477	6
5478	7
5479	6
5480	2
5481	7
5482	9
5483	10
5484	5
5485	6
5486	8
5487	7
5488	6
5489	10
5490	7
5491	5
5492	6
5493	7
5494	9
5495	3
5496	3
5497	4
5498	10
5499	8
5500	8
5501	5
5502	5
5503	3
5504	5
5505	5
5506	10
5507	3
5508	6
5509	3
5510	14
5511	7
5512	5
5513	5
5514	8
5515	13
5516	14
5517	5
5518	7
5519	3
5520	6
5521	7
5522	5
5523	8
5524	9
5525	4
5526	12
5527	4
5528	6
5529	8
5530	5
5531	7
5532	4
5533	3
5534	5
5535	10
5536	4
5537	4
5538	7
5539	4
5540	12
5541	6
5542	6
5543	7
5544	8
5545	13
5546	10
5547	6
5548	9
5549	8
5550	7
5551	9
5552	10
5553	11
5554	4
5555	11
5556	9
5557	8
5558	4
5559	9
5560	8
5561	5
5562	6
5563	7
5564	9
5565	8
5566	6
5567	7
5568	9
5569	7
5570	10
5571	6
5572	8
5573	6
5574	1
5575	5
5576	9
5577	5
5578	3
5579	6
5580	1
5581	10
5582	3
5583	10
5584	5
5585	13
5586	9
5587	6
5588	9
5589	4
5590	9
5591	6
5592	5
5593	8
5594	3
5595	5
5596	8
5597	8
5598	8
5599	12
5600	6
5601	5
5602	9
5603	9
5604	12
5605	6
5606	6
5607	8
5608	10
5609	5
5610	9
5611	7
5612	4
5613	3
5614	7
5615	7
5616	7
5617	8
5618	3
5619	10
5620	4
5621	6
5622	4
5623	7
5624	9
5625	6
5626	8
5627	6
5628	4
5629	11
5630	14
5631	6
5632	4
5633	5
5634	7
5635	5
5636	6
5637	10
5638	6
5639	4
5640	10
5641	4
5642	4
5643	3
5644	7
5645	6
5646	4
5647	9
5648	5
5649	8
5650	4
5651	4
5652	4
5653	2
5654	6
5655	6
5656	5
5657	4
5658	4
5659	2
5660	4
5661	4
5662	4
5663	8
5664	7
5665	5
5666	2
5667	11
5668	1
5669	7
5670	4
5671	4
5672	6
5673	5
5674	7
5675	8
5676	4
5677	3
5678	2
5679	9
5680	5
5681	4
5682	6
5683	8
5684	6
5685	4
5686	8
5687	9
5688	4
5689	5
5690	13
5691	3
5692	4
5693	2
5694	5
5695	3
5696	7
5697	5
5698	8
5699	7
5700	3
5701	5
5702	8
5703	4
5704	4
5705	5
5706	7
5707	10
5708	11
5709	6
5710	4
5711	5
5712	4
5713	5
5714	5
5715	3
5716	5
5717	2
5718	7
5719	4
5720	2
5721	4
5722	2
5723	9
5724	5
5725	5
5726	4
5727	4
5728	9
5729	7
5730	4
5731	6
5732	4
5733	3
5734	3
5735	6
5736	6
5737	3
5738	6
5739	4
5740	10
5741	5
5742	6
5743	2
5744	3
5745	3
5746	6
5747	9
5748	2
5749	0
5750	8
5751	3
5752	3
5753	8
5754	3
5755	5
5756	5
5757	4
5758	4
5759	7
5760	7
5761	8
5762	9
5763	8
5764	6
5765	4
5766	10
5767	8
5768	6
5769	7
5770	3
5771	6
5772	1
5773	3
5774	10
5775	3
5776	4
5777	6
5778	1
5779	7
5780	4
5781	5
5782	6
5783	8
5784	3
5785	8
5786	7
5787	4
5788	9
5789	5
5790	8
5791	7
5792	6
5793	7
5794	4
5795	5
5796	4
5797	6
5798	8
5799	3
5800	5
5801	8
5802	4
5803	5
5804	3
5805	5
5806	6
5807	2
5808	9
5809	7
5810	3
5811	8
5812	1
5813	7
5814	5
5815	4
5816	13
5817	8
5818	8
5819	5
5820	9
5821	9
5822	6
5823	7
5824	8
5825	5
5826	6
5827	3
5828	6
5829	5
5830	9
5831	5
5832	8
5833	7
5834	7
5835	3
5836	7
5837	5
5838	7
5839	2
5840	6
5841	6
5842	6
5843	8
5844	5
5845	5
5846	1
5847	3
5848	4
5849	4
5850	6
5851	2
5852	6
5853	5
5854	8
5855	4
5856	8
5857	7
5858	6
5859	5
5860	4
5861	4
5862	4
5863	3
5864	6
5865	1
5866	3
5867	5
5868	5
5869	6
5870	2
5871	5
5872	7
5873	3
5874	9
5875	7
5876	6
5877	6
5878	4
5879	1
5880	6
5881	4
5882	4
5883	4
5884	7
5885	6
5886	5
5887	4
5888	1
5889	3
5890	7
5891	5
5892	7
5893	4
5894	5
5895	7
5896	4
5897	3
5898	6
5899	8
5900	2
5901	3
5902	9
5903	3
5904	4
5905	8
5906	4
5907	7
5908	4
5909	7
5910	3
5911	0
5912	6
5913	0
5914	7
5915	6
5916	4
5917	7
5918	9
5919	5
5920	10
5921	2
5922	6
5923	4
5924	5
5925	4
5926	6
5927	3
5928	9
5929	8
5930	7
5931	7
5932	4
5933	6
5934	2
5935	6
5936	5
5937	5
5938	8
5939	3
5940	6
5941	3
5942	9
5943	6
5944	0
5945	10
5946	5
5947	6
5948	5
5949	2
5950	4
5951	5
5952	3
5953	3
5954	8
5955	4
5956	1
5957	6
5958	4
5959	5
5960	6
5961	2
5962	3
5963	7
5964	6
5965	3
5966	6
5967	6
5968	4
5969	5
5970	5
5971	2
5972	7
5973	5
5974	6
5975	3
5976	2
5977	5
5978	4
5979	3
5980	5
5981	5
5982	9
5983	3
5984	3
5985	4
5986	9
5987	4
5988	3
5989	2
5990	4
5991	3
5992	4
5993	4
5994	1
5995	3
5996	7
5997	7
5998	4
5999	4
6000	6
6001	3
6002	5
6003	4
6004	8
6005	3
6006	9
6007	2
6008	6
6009	7
6010	3
6011	6
6012	3
6013	4
6014	5
6015	4
6016	9
6017	6
6018	3
6019	0
6020	4
6021	12
6022	2
6023	7
6024	8
6025	6
6026	3
6027	4
6028	5
6029	2
6030	0
6031	6
6032	4
6033	7
6034	3
6035	6
6036	8
6037	4
6038	4
6039	4
6040	1
6041	7
6042	8
6043	6
6044	4
6045	4
6046	6
6047	3
6048	6
6049	3
6050	9
6051	2
6052	2
6053	2
6054	2
6055	0
6056	3
6057	6
6058	5
6059	11
6060	3
6061	8
6062	7
6063	7
6064	4
6065	4
6066	6
6067	5
6068	8
6069	5
6070	3
6071	3
6072	2
6073	2
6074	4
6075	9
6076	3
6077	10
6078	0
6079	6
6080	2
6081	3
6082	7
6083	6
6084	5
6085	1
6086	9
6087	4
6088	3
6089	0
6090	9
6091	3
6092	2
6093	9
6094	7
6095	4
6096	3
6097	5
6098	4
6099	5
6100	1
6101	1
6102	2
6103	12
6104	6
6105	4
6106	6
6107	3
6108	4
6109	10
6110	8
6111	4
6112	9
6113	2
6114	1
6115	3
6116	7
6117	4
6118	6
6119	5
6120	2
6121	7
6122	5
6123	5
6124	7
6125	4
6126	5
6127	3
6128	3
6129	2
6130	6
6131	4
6132	8
6133	4
6134	1
6135	3
6136	4
6137	6
6138	1
6139	3
6140	2
6141	8
6142	4
6143	5
6144	2
6145	6
6146	4
6147	2
6148	5
6149	5
6150	2
6151	5
6152	5
6153	5
6154	4
6155	4
6156	3
6157	11
6158	3
6159	4
6160	5
6161	2
6162	4
6163	2
6164	4
6165	4
6166	4
6167	5
6168	9
6169	5
6170	2
6171	2
6172	5
6173	7
6174	6
6175	3
6176	7
6177	2
6178	4
6179	4
6180	5
6181	3
6182	8
6183	7
6184	6
6185	1
6186	3
6187	3
6188	3
6189	4
6190	4
6191	4
6192	5
6193	3
6194	4
6195	12
6196	3
6197	6
6198	3
6199	1
6200	4
6201	3
6202	5
6203	4
6204	4
6205	7
6206	5
6207	4
6208	1
6209	2
6210	5
6211	5
6212	1
6213	2
6214	1
6215	6
6216	9
6217	2
6218	9
6219	3
6220	4
6221	3
6222	2
6223	2
6224	2
6225	6
6226	1
6227	6
6228	3
6229	4
6230	2
6231	5
6232	2
6233	2
6234	5
6235	5
6236	5
6237	3
6238	1
6239	3
6240	3
6241	4
6242	3
6243	4
6244	3
6245	2
6246	4
6247	4
6248	5
6249	3
6250	6
6251	3
6252	4
6253	4
6254	3
6255	4
6256	6
6257	4
6258	8
6259	4
6260	5
6261	2
6262	4
6263	2
6264	2
6265	3
6266	4
6267	4
6268	5
6269	3
6270	5
6271	3
6272	1
6273	2
6274	3
6275	7
6276	4
6277	4
6278	1
6279	0
6280	2
6281	3
6282	6
6283	4
6284	6
6285	5
6286	4
6287	3
6288	2
6289	6
6290	2
6291	3
6292	3
6293	2
6294	6
6295	2
6296	2
6297	7
6298	3
6299	3
6300	6
6301	0
6302	5
6303	7
6304	3
6305	3
6306	3
6307	1
6308	5
6309	0
6310	4
6311	2
6312	2
6313	4
6314	5
6315	7
6316	7
6317	3
6318	4
6319	2
6320	6
6321	2
6322	3
6323	4
6324	2
6325	3
6326	2
6327	3
6328	3
6329	3
6330	6
6331	5
6332	2
6333	2
6334	4
6335	4
6336	4
6337	3
6338	2
6339	1
6340	6
6341	5
6342	2
6343	2
6344	6
6345	3
6346	7
6347	5
6348	7
6349	6
6350	5
6351	6
6352	2
6353	4
6354	2
6355	4
6356	2
6357	3
6358	3
6359	1
6360	1
6361	2
6362	5
6363	5
6364	2
6365	4
6366	5
6367	2
6368	6
6369	3
6370	4
6371	9
6372	5
6373	1
6374	4
6375	2
6376	6
6377	9
6378	11
6379	6
6380	2
6381	3
6382	1
6383	2
6384	6
6385	2
6386	3
6387	1
6388	5
6389	4
6390	4
6391	2
6392	4
6393	6
6394	5
6395	6
6396	0
6397	6
6398	0
6399	4
6400	2
6401	2
6402	2
6403	4
6404	3
6405	3
6406	5
6407	3
6408	3
6409	4
6410	4
6411	3
6412	2
6413	7
6414	1
6415	6
6416	5
6417	3
6418	3
6419	3
6420	5
6421	5
6422	3
6423	3
6424	3
6425	4
6426	2
6427	3
6428	4
6429	2
6430	3
6431	4
6432	6
6433	6
6434	3
6435	4
6436	5
6437	2
6438	3
6439	2
6440	4
6441	6
6442	5
6443	4
6444	3
6445	3
6446	2
6447	1
6448	4
6449	6
6450	0
6451	6
6452	5
6453	3
6454	2
6455	1
6456	7
6457	6
6458	1
6459	3
6460	4
6461	4
6462	9
6463	4
6464	5
6465	5
6466	2
6467	4
6468	5
6469	3
6470	3
6471	1
6472	6
6473	4
6474	2
6475	1
6476	2
6477	4
6478	3
6479	2
6480	6
6481	6
6482	4
6483	7
6484	3
6485	2
6486	3
6487	5
6488	3
6489	4
6490	2
6491	4
6492	4
6493	5
6494	4
6495	8
6496	3
6497	4
6498	2
6499	3
6500	2
6501	1
6502	0
6503	1
6504	4
6505	5
6506	4
6507	2
6508	5
6509	4
6510	4
6511	2
6512	7
6513	3
6514	2
6515	3
6516	3
6517	5
6518	5
6519	6
6520	3
6521	4
6522	5
6523	1
6524	3
6525	9
6526	5
6527	6
6528	2
6529	2
6530	4
6531	3
6532	2
6533	7
6534	3
6535	1
6536	4
6537	4
6538	2
6539	7
6540	1
6541	5
6542	4
6543	8
6544	3
6545	4
6546	3
6547	3
6548	5
6549	5
6550	1
6551	0
6552	2
6553	2
6554	1
6555	4
6556	4
6557	2
6558	4
6559	2
6560	1
6561	0
6562	3
6563	2
6564	3
6565	2
6566	1
6567	6
6568	6
6569	3
6570	4
6571	2
6572	5
6573	2
6574	4
6575	2
6576	6
6577	2
6578	6
6579	4
6580	6
6581	4
6582	4
6583	9
6584	6
6585	5
6586	1
6587	5
6588	5
6589	5
6590	6
6591	5
6592	1
6593	0
6594	6
6595	1
6596	4
6597	4
6598	2
6599	3
6600	3
6601	1
6602	0
6603	2
6604	5
6605	6
6606	3
6607	3
6608	4
6609	2
6610	3
6611	7
6612	3
6613	1
6614	4
6615	8
6616	4
6617	5
6618	2
6619	4
6620	5
6621	4
6622	2
6623	6
6624	1
6625	7
6626	1
6627	3
6628	4
6629	4
6630	6
6631	8
6632	5
6633	1
6634	2
6635	6
6636	6
6637	5
6638	8
6639	8
6640	1
6641	3
6642	2
6643	3
6644	4
6645	4
6646	9
6647	4
6648	2
6649	1
6650	3
6651	4
6652	4
6653	1
6654	3
6655	4
6656	4
6657	2
6658	3
6659	4
6660	2
6661	1
6662	4
6663	2
6664	4
6665	2
6666	6
6667	4
6668	6
6669	5
6670	4
6671	1
6672	4
6673	2
6674	5
6675	3
6676	2
6677	2
6678	2
6679	2
6680	1
6681	2
6682	2
6683	3
6684	3
6685	2
6686	2
6687	4
6688	5
6689	3
6690	6
6691	1
6692	3
6693	3
6694	2
6695	6
6696	5
6697	2
6698	4
6699	3
6700	5
6701	3
6702	2
6703	1
6704	2
6705	3
6706	4
6707	2
6708	3
6709	8
6710	5
6711	2
6712	2
6713	4
6714	6
6715	5
6716	6
6717	2
6718	3
6719	4
6720	4
6721	5
6722	5
6723	5
6724	0
6725	0
6726	5
6727	3
6728	5
6729	4
6730	2
6731	2
6732	1
6733	6
6734	3
6735	1
6736	2
6737	4
6738	2
6739	5
6740	4
6741	5
6742	5
6743	3
6744	2
6745	2
6746	4
6747	0
6748	3
6749	4
6750	4
6751	2
6752	4
6753	4
6754	5
6755	5
6756	5
6757	2
6758	1
6759	1
6760	3
6761	3
6762	3
6763	3
6764	7
6765	8
6766	4
6767	2
6768	2
6769	1
6770	3
6771	0
6772	2
6773	2
6774	2
6775	2
6776	3
6777	0
6778	1
6779	3
6780	3
6781	7
6782	3
6783	4
6784	3
6785	3
6786	1
6787	3
6788	4
6789	2
6790	9
6791	3
6792	3
6793	1
6794	4
6795	4
6796	1
6797	4
6798	3
6799	5
6800	1
6801	8
6802	3
6803	4
6804	5
6805	3
6806	5
6807	3
6808	0
6809	5
6810	4
6811	1
6812	2
6813	3
6814	4
6815	5
6816	6
6817	2
6818	5
6819	5
6820	1
6821	1
6822	2
6823	4
6824	4
6825	3
6826	6
6827	0
6828	4
6829	1
6830	3
6831	2
6832	2
6833	2
6834	7
6835	7
6836	3
6837	5
6838	5
6839	1
6840	3
6841	5
6842	3
6843	2
6844	4
6845	1
6846	1
6847	6
6848	3
6849	1
6850	7
6851	1
6852	1
6853	3
6854	4
6855	1
6856	2
6857	2
6858	5
6859	2
6860	3
6861	5
6862	2
6863	8
6864	5
6865	3
6866	4
6867	0
6868	3
6869	2
6870	1
6871	2
6872	8
6873	1
6874	1
6875	1
6876	3
6877	8
6878	4
6879	3
6880	3
6881	3
6882	5
6883	2
6884	1
6885	6
6886	1
6887	3
6888	3
6889	1
6890	3
6891	3
6892	3
6893	1
6894	4
6895	6
6896	4
6897	2
6898	4
6899	2
6900	4
6901	1
6902	4
6903	3
6904	1
6905	3
6906	4
6907	2
6908	4
6909	5
6910	2
6911	5
6912	2
6913	7
6914	6
6915	4
6916	2
6917	5
6918	7
6919	2
6920	3
6921	2
6922	2
6923	4
6924	2
6925	3
6926	2
6927	2
6928	2
6929	3
6930	4
6931	2
6932	1
6933	0
6934	7
6935	5
6936	5
6937	4
6938	0
6939	0
6940	1
6941	1
6942	2
6943	4
6944	2
6945	1
6946	3
6947	1
6948	3
6949	1
6950	4
6951	3
6952	3
6953	5
6954	2
6955	3
6956	3
6957	2
6958	5
6959	3
6960	3
6961	4
6962	3
6963	3
6964	3
6965	1
6966	2
6967	2
6968	2
6969	5
6970	3
6971	2
6972	1
6973	0
6974	3
6975	5
6976	4
6977	2
6978	2
6979	2
6980	3
6981	3
6982	3
6983	5
6984	0
6985	5
6986	2
6987	2
6988	4
6989	2
6990	1
6991	1
6992	2
6993	3
6994	3
6995	1
6996	3
6997	2
6998	6
6999	1
7000	2
7001	2
7002	1
7003	2
7004	3
7005	1
7006	2
7007	2
7008	2
7009	4
7010	5
7011	4
7012	0
7013	1
7014	2
7015	0
7016	3
7017	3
7018	1
7019	1
7020	2
7021	6
7022	1
7023	1
7024	4
7025	3
7026	3
7027	5
7028	4
7029	2
7030	1
7031	4
7032	1
7033	5
7034	3
7035	2
7036	3
7037	5
7038	5
7039	2
7040	2
7041	2
7042	2
7043	2
7044	4
7045	1
7046	3
7047	1
7048	1
7049	1
7050	5
7051	2
7052	4
7053	3
7054	4
7055	3
7056	1
7057	1
7058	4
7059	2
7060	2
7061	3
7062	1
7063	5
7064	5
7065	2
7066	4
7067	2
7068	5
7069	3
7070	2
7071	3
7072	3
7073	3
7074	1
7075	1
7076	2
7077	3
7078	2
7079	3
7080	5
7081	0
7082	5
7083	3
7084	2
7085	3
7086	4
7087	3
7088	1
7089	2
7090	5
7091	3
7092	2
7093	6
7094	2
7095	2
7096	5
7097	3
7098	5
7099	3
7100	1
7101	3
7102	2
7103	0
7104	3
7105	6
7106	2
7107	0
7108	1
7109	4
7110	4
7111	3
7112	2
7113	0
7114	2
7115	2
7116	4
7117	1
7118	1
7119	4
7120	3
7121	1
7122	2
7123	3
7124	1
7125	1
7126	5
7127	2
7128	0
7129	3
7130	0
7131	0
7132	2
7133	1
7134	5
7135	0
7136	3
7137	2
7138	4
7139	2
7140	4
7141	1
7142	3
7143	1
7144	3
7145	0
7146	0
7147	6
7148	6
7149	3
7150	3
7151	4
7152	2
7153	1
7154	2
7155	3
7156	3
7157	5
7158	3
7159	3
7160	3
7161	4
7162	6
7163	6
7164	2
7165	3
7166	0
7167	2
7168	1
7169	3
7170	3
7171	0
7172	6
7173	3
7174	2
7175	1
7176	0
7177	2
7178	0
7179	4
7180	4
7181	4
7182	4
7183	1
7184	2
7185	4
7186	2
7187	2
7188	2
7189	2
7190	1
7191	5
7192	5
7193	3
7194	2
7195	1
7196	3
7197	1
7198	0
7199	4
7200	2
7201	3
7202	2
7203	2
7204	2
7205	4
7206	3
7207	3
7208	2
7209	2
7210	5
7211	3
7212	4
7213	5
7214	4
7215	5
7216	3
7217	3
7218	4
7219	5
7220	9
7221	2
7222	3
7223	6
7224	0
7225	5
7226	4
7227	2
7228	1
7229	4
7230	0
7231	1
7232	2
7233	4
7234	1
7235	3
7236	4
7237	5
7238	1
7239	1
7240	2
7241	2
7242	4
7243	0
7244	1
7245	2
7246	2
7247	3
7248	2
7249	3
7250	2
7251	3
7252	4
7253	3
7254	2
7255	1
7256	2
7257	1
7258	0
7259	0
7260	1
7261	6
7262	6
7263	5
7264	1
7265	4
7266	5
7267	3
7268	3
7269	1
7270	1
7271	1
7272	4
7273	5
7274	3
7275	3
7276	4
7277	5
7278	2
7279	1
7280	1
7281	0
7282	2
7283	5
7284	4
7285	1
7286	4
7287	3
7288	3
7289	3
7290	0
7291	5
7292	0
7293	3
7294	4
7295	3
7296	5
7297	4
7298	1
7299	1
7300	4
7301	2
7302	1
7303	1
7304	3
7305	4
7306	2
7307	2
7308	2
7309	0
7310	4
7311	2
7312	1
7313	1
7314	7
7315	2
7316	2
7317	1
7318	1
7319	4
7320	3
7321	0
7322	3
7323	0
7324	2
7325	2
7326	3
7327	3
7328	1
7329	1
7330	1
7331	1
7332	2
7333	4
7334	5
7335	2
7336	4
7337	2
7338	2
7339	0
7340	1
7341	1
7342	0
7343	3
7344	1
7345	1
7346	3
7347	1
7348	4
7349	1
7350	2
7351	2
7352	0
7353	1
7354	2
7355	1
7356	1
7357	2
7358	1
7359	2
7360	2
7361	4
7362	4
7363	4
7364	3
7365	1
7366	0
7367	3
7368	1
7369	4
7370	4
7371	2
7372	4
7373	2
7374	1
7375	2
7376	2
7377	5
7378	3
7379	0
7380	4
7381	2
7382	3
7383	2
7384	4
7385	6
7386	3
7387	0
7388	3
7389	2
7390	0
7391	4
7392	4
7393	3
7394	4
7395	3
7396	5
7397	1
7398	1
7399	1
7400	2
7401	2
7402	1
7403	3
7404	2
7405	1
7406	4
7407	3
7408	5
7409	3
7410	4
7411	3
7412	5
7413	1
7414	4
7415	3
7416	1
7417	5
7418	1
7419	2
7420	4
7421	2
7422	4
7423	2
7424	4
7425	3
7426	2
7427	3
7428	0
7429	2
7430	1
7431	2
7432	2
7433	5
7434	0
7435	2
7436	2
7437	3
7438	1
7439	3
7440	4
7441	2
7442	4
7443	4
7444	1
7445	3
7446	1
7447	3
7448	6
7449	2
7450	2
7451	3
7452	3
7453	0
7454	2
7455	2
7456	1
7457	2
7458	3
7459	1
7460	1
7461	2
7462	1
7463	1
7464	1
7465	0
7466	1
7467	1
7468	0
7469	2
7470	0
7471	3
7472	2
7473	2
7474	2
7475	0
7476	1
7477	2
7478	0
7479	0
7480	3
7481	5
7482	6
7483	2
7484	1
7485	0
7486	1
7487	1
7488	3
7489	4
7490	1
7491	1
7492	2
7493	3
7494	7
7495	1
7496	2
7497	3
7498	2
7499	1
7500	0
7501	4
7502	3
7503	2
7504	1
7505	2
7506	3
7507	1
7508	5
7509	1
7510	3
7511	2
7512	2
7513	3
7514	1
7515	1
7516	1
7517	1
7518	6
7519	2
7520	1
7521	3
7522	2
7523	3
7524	0
7525	2
7526	4
7527	4
7528	4
7529	4
7530	0
7531	0
7532	4
7533	1
7534	2
7535	1
7536	2
7537	0
7538	5
7539	2
7540	3
7541	2
7542	4
7543	3
7544	4
7545	2
7546	3
7547	3
7548	3
7549	1
7550	1
7551	1
7552	1
7553	2
7554	1
7555	8
7556	3
7557	3
7558	2
7559	1
7560	1
7561	2
7562	1
7563	1
7564	1
7565	1
7566	0
7567	1
7568	2
7569	3
7570	1
7571	1
7572	3
7573	2
7574	0
7575	2
7576	2
7577	3
7578	2
7579	3
7580	0
7581	2
7582	1
7583	1
7584	2
7585	2
7586	1
7587	2
7588	5
7589	1
7590	1
7591	4
7592	0
7593	3
7594	3
7595	2
7596	2
7597	5
7598	2
7599	3
7600	2
7601	2
7602	3
7603	2
7604	2
7605	0
7606	2
7607	4
7608	3
7609	4
7610	1
7611	2
7612	5
7613	1
7614	6
7615	3
7616	0
7617	3
7618	2
7619	0
7620	1
7621	0
7622	1
7623	2
7624	2
7625	2
7626	3
7627	5
7628	2
7629	0
7630	2
7631	3
7632	1
7633	1
7634	0
7635	5
7636	3
7637	2
7638	0
7639	2
7640	0
7641	1
7642	3
7643	0
7644	1
7645	5
7646	2
7647	2
7648	0
7649	1
7650	6
7651	2
7652	1
7653	2
7654	2
7655	2
7656	0
7657	4
7658	4
7659	2
7660	2
7661	3
7662	2
7663	4
7664	3
7665	3
7666	2
7667	3
7668	2
7669	1
7670	4
7671	0
7672	1
7673	2
7674	5
7675	4
7676	3
7677	2
7678	1
7679	3
7680	1
7681	2
7682	0
7683	3
7684	3
7685	4
7686	1
7687	2
7688	1
7689	1
7690	1
7691	1
7692	2
7693	1
7694	2
7695	3
7696	2
7697	0
7698	1
7699	1
7700	1
7701	2
7702	5
7703	2
7704	1
7705	1
7706	4
7707	0
7708	4
7709	3
7710	3
7711	2
7712	2
7713	1
7714	1
7715	6
7716	2
7717	3
7718	2
7719	2
7720	1
7721	1
7722	1
7723	1
7724	3
7725	1
7726	3
7727	1
7728	1
7729	2
7730	2
7731	1
7732	4
7733	2
7734	2
7735	1
7736	1
7737	2
7738	1
7739	1
7740	1
7741	5
7742	9
7743	0
7744	0
7745	2
7746	2
7747	3
7748	2
7749	3
7750	2
7751	1
7752	1
7753	1
7754	2
7755	5
7756	1
7757	1
7758	1
7759	3
7760	0
7761	2
7762	1
7763	1
7764	4
7765	1
7766	1
7767	2
7768	2
7769	2
7770	1
7771	3
7772	2
7773	2
7774	1
7775	2
7776	2
7777	1
7778	2
7779	4
7780	1
7781	1
7782	1
7783	2
7784	2
7785	1
7786	2
7787	1
7788	2
7789	1
7790	3
7791	1
7792	2
7793	1
7794	1
7795	0
7796	4
7797	3
7798	1
7799	2
7800	1
7801	3
7802	2
7803	6
7804	2
7805	3
7806	2
7807	3
7808	0
7809	2
7810	2
7811	3
7812	3
7813	2
7814	2
7815	0
7816	4
7817	1
7818	3
7819	0
7820	0
7821	1
7822	0
7823	1
7824	2
7825	2
7826	2
7827	3
7828	3
7829	1
7830	2
7831	1
7832	0
7833	3
7834	4
7835	2
7836	3
7837	2
7838	5
7839	2
7840	2
7841	1
7842	1
7843	2
7844	2
7845	3
7846	3
7847	3
7848	3
7849	3
7850	2
7851	1
7852	1
7853	2
7854	2
7855	3
7856	0
7857	2
7858	2
7859	1
7860	1
7861	0
7862	3
7863	4
7864	0
7865	0
7866	0
7867	1
7868	0
7869	5
7870	5
7871	4
7872	1
7873	3
7874	2
7875	1
7876	3
7877	2
7878	2
7879	0
7880	1
7881	3
7882	2
7883	2
7884	2
7885	4
7886	0
7887	1
7888	1
7889	3
7890	0
7891	1
7892	3
7893	2
7894	0
7895	4
7896	3
7897	4
7898	2
7899	5
7900	1
7901	4
7902	3
7903	2
7904	1
7905	0
7906	2
7907	4
7908	3
7909	3
7910	1
7911	1
7912	2
7913	1
7914	3
7915	1
7916	2
7917	3
7918	3
7919	3
7920	3
7921	0
7922	2
7923	2
7924	1
7925	2
7926	0
7927	2
7928	2
7929	4
7930	4
7931	3
7932	0
7933	1
7934	1
7935	3
7936	2
7937	3
7938	5
7939	0
7940	1
7941	1
7942	0
7943	2
7944	0
7945	2
7946	2
7947	2
7948	1
7949	4
7950	4
7951	0
7952	4
7953	0
7954	0
7955	2
7956	0
7957	3
7958	2
7959	1
7960	1
7961	6
7962	1
7963	2
7964	0
7965	0
7966	1
7967	1
7968	3
7969	2
7970	1
7971	1
7972	2
7973	3
7974	2
7975	2
7976	3
7977	1
7978	2
7979	3
7980	2
7981	2
7982	0
7983	3
7984	4
7985	1
7986	0
7987	2
7988	4
7989	3
7990	0
7991	3
7992	2
7993	2
7994	2
7995	3
7996	1
7997	2
7998	1
7999	0
8000	1
8001	1
8002	2
8003	2
8004	3
8005	0
8006	1
8007	3
8008	2
8009	2
8010	3
8011	0
8012	1
8013	1
8014	3
8015	0
8016	0
8017	4
8018	2
8019	2
8020	1
8021	7
8022	1
8023	3
8024	3
8025	0
8026	3
8027	2
8028	1
8029	2
8030	1
8031	1
8032	1
8033	0
8034	1
8035	1
8036	2
8037	3
8038	2
8039	2
8040	0
8041	3
8042	1
8043	1
8044	5
8045	0
8046	1
8047	1
8048	0
8049	0
8050	1
8051	2
8052	2
8053	2
8054	4
8055	2
8056	2
8057	0
8058	1
8059	5
8060	1
8061	1
8062	1
8063	2
8064	0
8065	0
8066	0
8067	0
8068	0
8069	0
8070	0
8071	0
8072	0
8073	0
8074	0
8075	0
8076	0
8077	0
8078	0
8079	0
8080	0
8081	0
8082	0
8083	0
8084	0
8085	0
8086	0
8087	0
8088	0
8089	0
8090	0
8091	0
8092	0
8093	0
8094	0
8095	0
8096	0
8097	0
8098	0
8099	0
8100	0
8101	0
8102	0
8103	0
8104	0
8105	0
8106	0
8107	0
8108	0
8109	0
8110	0
8111	0
8112	0
8113	0
8114	0
8115	0
8116	0
8117	0
8118	0
8119	0
8120	0
8121	0
8122	0
8123	0
8124	0
8125	0
8126	0
8127	0
8128	0
8129	0
8130	0
8131	0
8132	0
8133	0
8134	0
8135	0
8136	0
8137	0
8138	0
8139	0
8140	0
8141	0
8142	0
8143	0
8144	0
8145	0
8146	0
8147	0
8148	0
8149	0
8150	0
8151	0
8152	0
8153	0
8154	0
8155	0
8156	0
8157	0
8158	0
8159	0
8160	0
8161	0
8162	0
8163	0
8164	0
8165	0
8166	0
8167	0
8168	0
8169	0
8170	0
8171	0
8172	0
8173	0
8174	0
8175	0
8176	0
8177	0
8178	0
8179	0
8180	0
8181	0
8182	0
8183	0
8184	0
8185	0
8186	0
8187	0
8188	0
8189	0
8190	0
8191	0
