-2	86400
-1	86429.66
0	0
1	0
2	0
3	0
4	0
5	0
6	0
7	0
8	0
9	0
10	0
11	0
12	0
13	0
14	0
15	0
16	0
17	0
18	0
19	0
20	0
21	0
22	0
23	0
24	0
25	0
26	0
27	0
28	0
29	0
30	0
31	0
32	0
33	0
34	0
35	0
36	0
37	0
38	0
39	0
40	0
41	0
42	0
43	0
44	0
45	0
46	4
47	1
48	2
49	84
50	361
51	469
52	609
53	739
54	758
55	794
56	841
57	869
58	831
59	882
60	804
61	764
62	767
63	736
64	740
65	772
66	768
67	730
68	781
69	807
70	748
71	841
72	778
73	818
74	816
75	759
76	794
77	841
78	826
79	782
80	822
81	820
82	769
83	808
84	803
85	764
86	809
87	817
88	823
89	779
90	847
91	784
92	854
93	766
94	826
95	861
96	832
97	914
98	889
99	873
100	855
101	905
102	979
103	933
104	898
105	959
106	979
107	949
108	956
109	1025
110	1012
111	1023
112	1000
113	1045
114	1020
115	1060
116	1117
117	1163
118	1147
119	1161
120	1156
121	1164
122	1159
123	1224
124	1189
125	1204
126	1257
127	1347
128	1302
129	1283
130	1274
131	1338
132	1264
133	1374
134	1312
135	1297
136	1331
137	1383
138	1412
139	1435
140	1403
141	1482
142	1450
143	1528
144	1426
145	1557
146	1442
147	1539
148	1493
149	1538
150	1589
151	1574
152	1552
153	1613
154	1574
155	1618
156	1606
157	1608
158	1665
159	1550
160	1586
161	1583
162	1673
163	1595
164	1679
165	1543
166	1586
167	1627
168	1692
169	1657
170	1609
171	1632
172	1617
173	1643
174	1653
175	1590
176	1555
177	1703
178	1676
179	1652
180	1645
181	1670
182	1687
183	1672
184	1631
185	1661
186	1662
187	1695
188	1650
189	1636
190	1634
191	1599
192	1597
193	1667
194	1628
195	1692
196	1718
197	1631
198	1666
199	1670
200	1669
201	1696
202	1610
203	1558
204	1666
205	1607
206	1619
207	1608
208	1655
209	1713
210	1611
211	1576
212	1614
213	1627
214	1560
215	1661
216	1590
217	1563
218	1598
219	1624
220	1555
221	1595
222	1518
223	1526
224	1558
225	1497
226	1556
227	1580
228	1559
229	1501
230	1528
231	1486
232	1509
233	1492
234	1444
235	1468
236	1517
237	1527
238	1430
239	1437
240	1378
241	1439
242	1501
243	1413
244	1418
245	1530
246	1463
247	1438
248	1408
249	1443
250	1380
251	1481
252	1399
253	1389
254	1414
255	1401
256	1347
257	1371
258	1323
259	1371
260	1311
261	1337
262	1407
263	1439
264	1446
265	1478
266	1404
267	1365
268	1303
269	1288
270	1272
271	1277
272	1274
273	1255
274	1278
275	1246
276	1230
277	1244
278	1220
279	1231
280	1207
281	1191
282	1232
283	1213
284	1191
285	1244
286	1138
287	1199
288	1189
289	1212
290	1207
291	1132
292	1146
293	1154
294	1117
295	1165
296	1137
297	1133
298	1125
299	1098
300	1119
301	1113
302	1063
303	1071
304	1112
305	1101
306	1089
307	1072
308	1132
309	1134
310	1081
311	1055
312	1065
313	1052
314	1049
315	1021
316	995
317	1046
318	1014
319	1001
320	1007
321	1026
322	1053
323	1020
324	989
325	1039
326	1057
327	1048
328	1036
329	1009
330	1016
331	1040
332	941
333	941
334	925
335	979
336	961
337	919
338	970
339	893
340	894
341	940
342	940
343	875
344	924
345	933
346	960
347	882
348	896
349	922
350	881
351	860
352	854
353	906
354	825
355	919
356	886
357	836
358	897
359	851
360	894
361	854
362	860
363	784
364	843
365	830
366	863
367	872
368	789
369	862
370	790
371	829
372	860
373	824
374	877
375	871
376	855
377	775
378	799
379	775
380	769
381	818
382	829
383	739
384	785
385	758
386	772
387	832
388	828
389	932
390	953
391	862
392	834
393	779
394	780
395	725
396	758
397	730
398	733
399	708
400	686
401	714
402	695
403	741
404	722
405	729
406	711
407	678
408	671
409	636
410	721
411	679
412	695
413	665
414	663
415	707
416	666
417	696
418	639
419	643
420	678
421	689
422	621
423	667
424	665
425	625
426	620
427	629
428	669
429	621
430	658
431	632
432	614
433	666
434	628
435	592
436	658
437	645
438	654
439	619
440	649
441	532
442	602
443	611
444	592
445	568
446	626
447	595
448	567
449	587
450	578
451	596
452	600
453	598
454	614
455	604
456	598
457	569
458	566
459	579
460	563
461	562
462	588
463	610
464	573
465	574
466	581
467	569
468	547
469	580
470	612
471	524
472	554
473	531
474	556
475	552
476	569
477	584
478	545
479	563
480	548
481	507
482	564
483	529
484	561
485	528
486	510
487	515
488	513
489	485
490	523
491	529
492	517
493	528
494	520
495	531
496	499
497	558
498	541
499	572
500	505
501	506
502	496
503	516
504	525
505	494
506	497
507	528
508	464
509	553
510	519
511	518
512	504
513	535
514	539
515	515
516	486
517	522
518	474
519	517
520	430
521	496
522	498
523	482
524	476
525	450
526	467
527	462
528	463
529	461
530	493
531	484
532	520
533	464
534	444
535	475
536	449
537	472
538	492
539	480
540	457
541	464
542	475
543	487
544	432
545	428
546	433
547	474
548	452
549	467
550	469
551	443
552	481
553	471
554	462
555	446
556	435
557	441
558	441
559	473
560	503
561	568
562	610
563	839
564	1169
565	1313
566	1248
567	956
568	739
569	578
570	524
571	451
572	415
573	427
574	431
575	409
576	407
577	419
578	421
579	374
580	390
581	422
582	406
583	403
584	433
585	389
586	407
587	404
588	392
589	431
590	426
591	412
592	399
593	422
594	352
595	411
596	385
597	372
598	348
599	430
600	399
601	412
602	395
603	382
604	400
605	374
606	385
607	418
608	413
609	376
610	402
611	364
612	375
613	399
614	392
615	376
616	388
617	361
618	389
619	361
620	368
621	365
622	333
623	386
624	395
625	366
626	354
627	368
628	379
629	395
630	388
631	345
632	353
633	385
634	392
635	369
636	361
637	355
638	341
639	361
640	377
641	379
642	415
643	451
644	583
645	640
646	556
647	472
648	407
649	337
650	345
651	370
652	321
653	360
654	349
655	319
656	314
657	348
658	323
659	347
660	356
661	372
662	338
663	358
664	390
665	362
666	361
667	343
668	377
669	400
670	337
671	383
672	546
673	662
674	779
675	647
676	458
677	350
678	368
679	335
680	323
681	295
682	294
683	305
684	288
685	333
686	319
687	308
688	303
689	300
690	313
691	294
692	374
693	301
694	303
695	322
696	312
697	320
698	299
699	291
700	311
701	285
702	319
703	288
704	320
705	334
706	327
707	298
708	292
709	320
710	288
711	326
712	337
713	309
714	286
715	317
716	279
717	259
718	286
719	302
720	280
721	312
722	289
723	288
724	289
725	282
726	285
727	282
728	306
729	269
730	295
731	285
732	285
733	258
734	291
735	280
736	291
737	286
738	295
739	276
740	315
741	287
742	285
743	320
744	297
745	268
746	294
747	303
748	301
749	297
750	265
751	264
752	278
753	270
754	269
755	266
756	269
757	279
758	270
759	257
760	250
761	266
762	281
763	262
764	271
765	303
766	280
767	265
768	328
769	283
770	299
771	299
772	279
773	249
774	279
775	279
776	299
777	277
778	274
779	278
780	275
781	254
782	277
783	274
784	270
785	214
786	284
787	254
788	270
789	288
790	247
791	274
792	276
793	262
794	253
795	243
796	280
797	270
798	289
799	263
800	272
801	272
802	276
803	291
804	320
805	304
806	271
807	257
808	240
809	250
810	237
811	244
812	257
813	231
814	210
815	269
816	241
817	249
818	229
819	267
820	223
821	225
822	258
823	247
824	231
825	252
826	247
827	264
828	222
829	213
830	262
831	215
832	221
833	230
834	233
835	261
836	210
837	241
838	219
839	255
840	232
841	242
842	234
843	241
844	220
845	242
846	241
847	241
848	291
849	313
850	285
851	255
852	271
853	222
854	273
855	260
856	243
857	209
858	221
859	196
860	223
861	200
862	217
863	204
864	233
865	229
866	239
867	226
868	238
869	248
870	248
871	245
872	207
873	247
874	180
875	212
876	227
877	213
878	266
879	294
880	238
881	244
882	243
883	196
884	206
885	195
886	213
887	195
888	220
889	219
890	224
891	224
892	229
893	228
894	221
895	189
896	222
897	195
898	195
899	215
900	214
901	222
902	215
903	230
904	224
905	206
906	196
907	209
908	210
909	204
910	201
911	221
912	184
913	213
914	198
915	201
916	208
917	183
918	216
919	205
920	216
921	229
922	247
923	247
924	207
925	226
926	210
927	219
928	217
929	221
930	231
931	194
932	202
933	200
934	199
935	209
936	196
937	230
938	194
939	213
940	176
941	193
942	205
943	202
944	182
945	217
946	179
947	202
948	193
949	220
950	239
951	260
952	264
953	261
954	183
955	203
956	226
957	184
958	174
959	185
960	180
961	186
962	175
963	166
964	206
965	186
966	193
967	197
968	187
969	179
970	217
971	180
972	185
973	180
974	182
975	199
976	170
977	173
978	190
979	185
980	203
981	185
982	173
983	187
984	209
985	200
986	163
987	200
988	183
989	175
990	193
991	208
992	159
993	195
994	191
995	186
996	162
997	173
998	174
999	176
1000	195
1001	186
1002	169
1003	168
1004	201
1005	289
1006	382
1007	491
1008	453
1009	343
1010	248
1011	179
1012	188
1013	188
1014	180
1015	175
1016	177
1017	167
1018	175
1019	180
1020	179
1021	184
1022	158
1023	168
1024	159
1025	171
1026	154
1027	164
1028	159
1029	187
1030	170
1031	212
1032	219
1033	205
1034	190
1035	218
1036	171
1037	151
1038	187
1039	160
1040	166
1041	159
1042	164
1043	184
1044	165
1045	160
1046	169
1047	155
1048	185
1049	181
1050	207
1051	170
1052	194
1053	186
1054	182
1055	157
1056	174
1057	153
1058	177
1059	179
1060	164
1061	197
1062	169
1063	191
1064	210
1065	229
1066	267
1067	243
1068	244
1069	268
1070	360
1071	386
1072	343
1073	275
1074	223
1075	151
1076	159
1077	194
1078	145
1079	144
1080	152
1081	174
1082	168
1083	152
1084	152
1085	166
1086	140
1087	168
1088	182
1089	145
1090	156
1091	160
1092	156
1093	162
1094	172
1095	156
1096	150
1097	155
1098	142
1099	141
1100	156
1101	149
1102	157
1103	146
1104	173
1105	153
1106	173
1107	172
1108	154
1109	157
1110	162
1111	173
1112	154
1113	144
1114	159
1115	145
1116	127
1117	140
1118	163
1119	157
1120	153
1121	145
1122	146
1123	123
1124	146
1125	173
1126	149
1127	168
1128	139
1129	152
1130	129
1131	165
1132	165
1133	151
1134	141
1135	149
1136	138
1137	129
1138	162
1139	144
1140	137
1141	160
1142	176
1143	150
1144	164
1145	177
1146	169
1147	142
1148	157
1149	137
1150	146
1151	148
1152	153
1153	136
1154	146
1155	156
1156	165
1157	155
1158	130
1159	138
1160	158
1161	137
1162	152
1163	147
1164	158
1165	136
1166	142
1167	139
1168	151
1169	148
1170	150
1171	130
1172	138
1173	130
1174	145
1175	126
1176	168
1177	169
1178	170
1179	148
1180	159
1181	141
1182	143
1183	141
1184	156
1185	140
1186	121
1187	150
1188	132
1189	115
1190	149
1191	146
1192	151
1193	136
1194	145
1195	141
1196	162
1197	149
1198	130
1199	142
1200	131
1201	135
1202	122
1203	144
1204	154
1205	141
1206	132
1207	142
1208	159
1209	136
1210	153
1211	115
1212	126
1213	143
1214	146
1215	160
1216	127
1217	160
1218	130
1219	148
1220	168
1221	136
1222	142
1223	139
1224	156
1225	155
1226	125
1227	168
1228	143
1229	138
1230	150
1231	132
1232	154
1233	160
1234	175
1235	164
1236	229
1237	285
1238	303
1239	317
1240	245
1241	188
1242	164
1243	139
1244	147
1245	139
1246	132
1247	151
1248	149
1249	117
1250	145
1251	138
1252	160
1253	126
1254	158
1255	151
1256	141
1257	144
1258	148
1259	135
1260	135
1261	146
1262	150
1263	136
1264	144
1265	139
1266	115
1267	147
1268	138
1269	130
1270	146
1271	131
1272	133
1273	138
1274	139
1275	178
1276	160
1277	156
1278	157
1279	132
1280	149
1281	141
1282	142
1283	124
1284	147
1285	131
1286	152
1287	136
1288	138
1289	164
1290	135
1291	131
1292	146
1293	129
1294	147
1295	119
1296	142
1297	126
1298	152
1299	138
1300	123
1301	141
1302	145
1303	151
1304	138
1305	154
1306	134
1307	143
1308	141
1309	146
1310	144
1311	129
1312	154
1313	139
1314	138
1315	144
1316	144
1317	161
1318	158
1319	131
1320	161
1321	133
1322	139
1323	138
1324	126
1325	136
1326	161
1327	126
1328	160
1329	138
1330	146
1331	153
1332	150
1333	150
1334	150
1335	140
1336	164
1337	157
1338	148
1339	148
1340	159
1341	143
1342	155
1343	137
1344	144
1345	142
1346	135
1347	153
1348	152
1349	132
1350	153
1351	135
1352	149
1353	137
1354	134
1355	144
1356	138
1357	149
1358	148
1359	141
1360	169
1361	136
1362	143
1363	125
1364	145
1365	154
1366	185
1367	186
1368	204
1369	219
1370	179
1371	152
1372	151
1373	123
1374	133
1375	132
1376	140
1377	120
1378	123
1379	139
1380	124
1381	119
1382	108
1383	130
1384	101
1385	118
1386	111
1387	111
1388	125
1389	129
1390	109
1391	117
1392	112
1393	113
1394	116
1395	139
1396	112
1397	107
1398	107
1399	100
1400	109
1401	103
1402	120
1403	111
1404	106
1405	110
1406	116
1407	99
1408	104
1409	113
1410	107
1411	117
1412	108
1413	98
1414	130
1415	136
1416	108
1417	120
1418	97
1419	97
1420	106
1421	100
1422	113
1423	101
1424	101
1425	101
1426	90
1427	99
1428	124
1429	107
1430	104
1431	107
1432	81
1433	96
1434	112
1435	86
1436	91
1437	94
1438	85
1439	113
1440	95
1441	100
1442	101
1443	94
1444	89
1445	96
1446	103
1447	92
1448	86
1449	103
1450	82
1451	93
1452	82
1453	97
1454	92
1455	72
1456	84
1457	86
1458	89
1459	76
1460	91
1461	89
1462	87
1463	96
1464	89
1465	105
1466	99
1467	88
1468	76
1469	98
1470	93
1471	87
1472	102
1473	87
1474	72
1475	93
1476	87
1477	86
1478	94
1479	92
1480	87
1481	91
1482	91
1483	86
1484	92
1485	93
1486	82
1487	74
1488	91
1489	80
1490	97
1491	85
1492	71
1493	76
1494	76
1495	85
1496	83
1497	78
1498	75
1499	81
1500	92
1501	75
1502	71
1503	78
1504	93
1505	94
1506	83
1507	74
1508	78
1509	70
1510	68
1511	75
1512	84
1513	89
1514	67
1515	67
1516	72
1517	77
1518	91
1519	74
1520	83
1521	118
1522	119
1523	140
1524	102
1525	82
1526	77
1527	67
1528	56
1529	81
1530	77
1531	72
1532	89
1533	96
1534	89
1535	89
1536	74
1537	66
1538	72
1539	65
1540	73
1541	67
1542	90
1543	64
1544	84
1545	78
1546	68
1547	72
1548	91
1549	87
1550	97
1551	96
1552	82
1553	76
1554	92
1555	106
1556	109
1557	106
1558	85
1559	80
1560	82
1561	82
1562	64
1563	75
1564	67
1565	64
1566	77
1567	72
1568	68
1569	55
1570	84
1571	70
1572	67
1573	53
1574	81
1575	81
1576	69
1577	62
1578	71
1579	75
1580	67
1581	51
1582	72
1583	57
1584	59
1585	62
1586	64
1587	66
1588	55
1589	79
1590	63
1591	76
1592	64
1593	80
1594	63
1595	77
1596	69
1597	76
1598	61
1599	74
1600	59
1601	70
1602	64
1603	61
1604	88
1605	55
1606	72
1607	66
1608	87
1609	90
1610	204
1611	516
1612	1292
1613	2203
1614	2835
1615	2606
1616	1785
1617	931
1618	381
1619	111
1620	63
1621	49
1622	47
1623	45
1624	46
1625	47
1626	43
1627	45
1628	51
1629	47
1630	38
1631	50
1632	46
1633	38
1634	41
1635	48
1636	45
1637	55
1638	49
1639	42
1640	36
1641	46
1642	56
1643	40
1644	42
1645	35
1646	46
1647	36
1648	48
1649	44
1650	52
1651	37
1652	54
1653	66
1654	68
1655	62
1656	48
1657	47
1658	47
1659	58
1660	44
1661	51
1662	44
1663	57
1664	48
1665	48
1666	73
1667	83
1668	78
1669	67
1670	68
1671	57
1672	63
1673	57
1674	48
1675	51
1676	37
1677	34
1678	45
1679	38
1680	31
1681	38
1682	42
1683	42
1684	32
1685	37
1686	37
1687	40
1688	41
1689	36
1690	48
1691	41
1692	42
1693	46
1694	34
1695	38
1696	41
1697	38
1698	33
1699	52
1700	56
1701	46
1702	42
1703	50
1704	44
1705	38
1706	40
1707	35
1708	39
1709	30
1710	48
1711	54
1712	37
1713	37
1714	44
1715	47
1716	42
1717	32
1718	32
1719	28
1720	38
1721	42
1722	34
1723	25
1724	34
1725	35
1726	33
1727	32
1728	38
1729	38
1730	33
1731	30
1732	37
1733	33
1734	44
1735	30
1736	35
1737	35
1738	26
1739	34
1740	27
1741	38
1742	35
1743	33
1744	44
1745	34
1746	44
1747	46
1748	38
1749	47
1750	44
1751	46
1752	40
1753	82
1754	86
1755	99
1756	85
1757	80
1758	62
1759	61
1760	66
1761	56
1762	45
1763	47
1764	40
1765	48
1766	27
1767	33
1768	46
1769	40
1770	37
1771	28
1772	33
1773	35
1774	26
1775	30
1776	30
1777	35
1778	37
1779	31
1780	26
1781	29
1782	29
1783	38
1784	44
1785	38
1786	39
1787	46
1788	43
1789	38
1790	71
1791	55
1792	53
1793	60
1794	48
1795	40
1796	43
1797	41
1798	35
1799	46
1800	41
1801	54
1802	51
1803	52
1804	46
1805	41
1806	38
1807	41
1808	28
1809	30
1810	49
1811	38
1812	41
1813	35
1814	28
1815	28
1816	29
1817	30
1818	35
1819	30
1820	29
1821	32
1822	37
1823	23
1824	34
1825	33
1826	33
1827	29
1828	35
1829	26
1830	39
1831	31
1832	29
1833	40
1834	50
1835	46
1836	46
1837	55
1838	36
1839	34
1840	35
1841	32
1842	27
1843	29
1844	30
1845	30
1846	23
1847	33
1848	30
1849	31
1850	29
1851	39
1852	32
1853	26
1854	24
1855	32
1856	38
1857	28
1858	31
1859	29
1860	35
1861	33
1862	33
1863	31
1864	32
1865	30
1866	37
1867	37
1868	31
1869	39
1870	39
1871	28
1872	35
1873	24
1874	26
1875	30
1876	34
1877	32
1878	31
1879	43
1880	44
1881	26
1882	27
1883	31
1884	32
1885	25
1886	26
1887	28
1888	39
1889	28
1890	25
1891	20
1892	30
1893	22
1894	23
1895	34
1896	30
1897	35
1898	25
1899	30
1900	27
1901	27
1902	27
1903	28
1904	23
1905	35
1906	34
1907	35
1908	33
1909	51
1910	62
1911	67
1912	72
1913	61
1914	34
1915	32
1916	27
1917	32
1918	32
1919	32
1920	33
1921	31
1922	38
1923	29
1924	26
1925	37
1926	32
1927	25
1928	27
1929	31
1930	25
1931	32
1932	19
1933	26
1934	29
1935	25
1936	24
1937	20
1938	37
1939	33
1940	26
1941	38
1942	36
1943	34
1944	28
1945	30
1946	64
1947	109
1948	224
1949	206
1950	255
1951	201
1952	124
1953	62
1954	37
1955	31
1956	23
1957	16
1958	27
1959	28
1960	29
1961	23
1962	31
1963	21
1964	24
1965	26
1966	25
1967	24
1968	25
1969	23
1970	26
1971	26
1972	23
1973	29
1974	27
1975	24
1976	24
1977	30
1978	30
1979	15
1980	36
1981	28
1982	28
1983	25
1984	21
1985	31
1986	24
1987	26
1988	24
1989	28
1990	19
1991	23
1992	22
1993	34
1994	25
1995	29
1996	37
1997	24
1998	28
1999	30
2000	21
2001	26
2002	28
2003	27
2004	34
2005	32
2006	25
2007	22
2008	19
2009	19
2010	33
2011	25
2012	18
2013	26
2014	25
2015	30
2016	24
2017	27
2018	20
2019	22
2020	23
2021	32
2022	15
2023	28
2024	22
2025	29
2026	28
2027	22
2028	22
2029	39
2030	29
2031	31
2032	26
2033	37
2034	33
2035	39
2036	24
2037	39
2038	41
2039	38
2040	61
2041	61
2042	63
2043	43
2044	27
2045	27
2046	32
2047	14
2048	29
2049	24
2050	23
2051	24
2052	25
2053	25
2054	22
2055	31
2056	31
2057	21
2058	26
2059	13
2060	37
2061	25
2062	36
2063	29
2064	18
2065	35
2066	27
2067	32
2068	24
2069	21
2070	33
2071	27
2072	21
2073	27
2074	23
2075	27
2076	26
2077	30
2078	20
2079	27
2080	23
2081	28
2082	19
2083	28
2084	30
2085	35
2086	22
2087	26
2088	27
2089	34
2090	26
2091	28
2092	31
2093	31
2094	19
2095	20
2096	23
2097	24
2098	21
2099	30
2100	23
2101	25
2102	22
2103	27
2104	32
2105	28
2106	30
2107	28
2108	13
2109	30
2110	31
2111	27
2112	22
2113	26
2114	22
2115	27
2116	24
2117	36
2118	27
2119	22
2120	24
2121	19
2122	35
2123	26
2124	29
2125	25
2126	25
2127	16
2128	27
2129	27
2130	15
2131	23
2132	27
2133	26
2134	20
2135	28
2136	27
2137	31
2138	30
2139	31
2140	28
2141	33
2142	27
2143	25
2144	28
2145	25
2146	21
2147	20
2148	18
2149	35
2150	15
2151	22
2152	31
2153	14
2154	33
2155	21
2156	20
2157	39
2158	31
2159	21
2160	27
2161	31
2162	22
2163	23
2164	27
2165	13
2166	33
2167	32
2168	21
2169	19
2170	23
2171	26
2172	14
2173	28
2174	18
2175	19
2176	17
2177	13
2178	28
2179	17
2180	23
2181	17
2182	29
2183	14
2184	24
2185	40
2186	25
2187	32
2188	19
2189	29
2190	35
2191	25
2192	27
2193	29
2194	27
2195	23
2196	24
2197	17
2198	12
2199	15
2200	24
2201	25
2202	22
2203	24
2204	29
2205	27
2206	16
2207	25
2208	24
2209	36
2210	29
2211	22
2212	21
2213	29
2214	22
2215	24
2216	18
2217	26
2218	24
2219	23
2220	26
2221	28
2222	26
2223	19
2224	20
2225	19
2226	17
2227	25
2228	22
2229	21
2230	20
2231	14
2232	18
2233	19
2234	21
2235	23
2236	21
2237	21
2238	24
2239	33
2240	20
2241	21
2242	17
2243	21
2244	20
2245	22
2246	26
2247	16
2248	22
2249	34
2250	19
2251	19
2252	25
2253	24
2254	19
2255	22
2256	25
2257	24
2258	31
2259	21
2260	29
2261	28
2262	19
2263	30
2264	24
2265	20
2266	22
2267	21
2268	27
2269	18
2270	10
2271	28
2272	26
2273	22
2274	15
2275	19
2276	26
2277	16
2278	30
2279	26
2280	23
2281	31
2282	24
2283	17
2284	21
2285	22
2286	25
2287	19
2288	17
2289	25
2290	15
2291	20
2292	22
2293	26
2294	21
2295	25
2296	18
2297	29
2298	24
2299	28
2300	22
2301	22
2302	27
2303	22
2304	20
2305	25
2306	21
2307	24
2308	23
2309	29
2310	30
2311	28
2312	25
2313	26
2314	20
2315	17
2316	24
2317	22
2318	26
2319	34
2320	44
2321	60
2322	74
2323	92
2324	98
2325	84
2326	59
2327	38
2328	31
2329	38
2330	28
2331	20
2332	29
2333	18
2334	22
2335	20
2336	23
2337	24
2338	38
2339	29
2340	30
2341	35
2342	34
2343	26
2344	27
2345	28
2346	21
2347	20
2348	20
2349	16
2350	27
2351	21
2352	19
2353	11
2354	17
2355	23
2356	25
2357	16
2358	27
2359	23
2360	25
2361	26
2362	17
2363	20
2364	18
2365	27
2366	20
2367	26
2368	32
2369	19
2370	25
2371	27
2372	26
2373	26
2374	23
2375	27
2376	25
2377	23
2378	21
2379	25
2380	12
2381	23
2382	26
2383	23
2384	22
2385	20
2386	27
2387	23
2388	16
2389	14
2390	20
2391	25
2392	24
2393	23
2394	24
2395	26
2396	25
2397	16
2398	19
2399	21
2400	21
2401	19
2402	24
2403	20
2404	18
2405	23
2406	25
2407	21
2408	24
2409	29
2410	24
2411	24
2412	18
2413	30
2414	22
2415	21
2416	23
2417	13
2418	27
2419	24
2420	31
2421	20
2422	22
2423	23
2424	29
2425	25
2426	18
2427	18
2428	26
2429	23
2430	37
2431	24
2432	42
2433	84
2434	90
2435	95
2436	84
2437	50
2438	37
2439	31
2440	39
2441	20
2442	20
2443	20
2444	19
2445	21
2446	21
2447	25
2448	25
2449	26
2450	21
2451	23
2452	20
2453	19
2454	26
2455	28
2456	21
2457	25
2458	33
2459	20
2460	23
2461	10
2462	27
2463	20
2464	18
2465	19
2466	21
2467	24
2468	21
2469	19
2470	32
2471	26
2472	23
2473	31
2474	26
2475	20
2476	32
2477	14
2478	16
2479	14
2480	16
2481	19
2482	28
2483	17
2484	28
2485	18
2486	25
2487	30
2488	24
2489	31
2490	27
2491	27
2492	22
2493	24
2494	23
2495	27
2496	22
2497	30
2498	25
2499	21
2500	27
2501	23
2502	22
2503	28
2504	24
2505	27
2506	25
2507	13
2508	22
2509	33
2510	20
2511	18
2512	26
2513	20
2514	21
2515	19
2516	28
2517	11
2518	28
2519	29
2520	26
2521	27
2522	20
2523	21
2524	22
2525	21
2526	19
2527	33
2528	23
2529	28
2530	28
2531	28
2532	30
2533	23
2534	35
2535	28
2536	28
2537	16
2538	21
2539	19
2540	29
2541	23
2542	28
2543	18
2544	22
2545	26
2546	26
2547	27
2548	27
2549	28
2550	27
2551	22
2552	24
2553	20
2554	24
2555	24
2556	23
2557	19
2558	22
2559	11
2560	19
2561	21
2562	36
2563	29
2564	19
2565	31
2566	24
2567	27
2568	26
2569	18
2570	25
2571	30
2572	26
2573	28
2574	25
2575	17
2576	23
2577	26
2578	27
2579	29
2580	21
2581	26
2582	20
2583	19
2584	25
2585	18
2586	19
2587	19
2588	23
2589	26
2590	22
2591	29
2592	27
2593	21
2594	26
2595	22
2596	27
2597	25
2598	30
2599	30
2600	20
2601	22
2602	28
2603	26
2604	24
2605	18
2606	22
2607	20
2608	26
2609	22
2610	21
2611	37
2612	26
2613	24
2614	28
2615	20
2616	22
2617	18
2618	18
2619	19
2620	26
2621	22
2622	30
2623	34
2624	23
2625	22
2626	27
2627	18
2628	24
2629	25
2630	24
2631	28
2632	17
2633	18
2634	20
2635	15
2636	18
2637	13
2638	18
2639	16
2640	13
2641	19
2642	27
2643	21
2644	11
2645	21
2646	21
2647	20
2648	15
2649	11
2650	20
2651	21
2652	17
2653	25
2654	16
2655	21
2656	24
2657	17
2658	19
2659	20
2660	23
2661	19
2662	21
2663	19
2664	21
2665	23
2666	21
2667	22
2668	19
2669	18
2670	11
2671	9
2672	22
2673	15
2674	17
2675	15
2676	16
2677	10
2678	11
2679	20
2680	15
2681	20
2682	12
2683	15
2684	13
2685	17
2686	20
2687	15
2688	23
2689	19
2690	13
2691	24
2692	20
2693	14
2694	10
2695	11
2696	18
2697	16
2698	17
2699	20
2700	26
2701	31
2702	30
2703	37
2704	35
2705	26
2706	28
2707	22
2708	19
2709	24
2710	19
2711	28
2712	12
2713	21
2714	29
2715	9
2716	12
2717	14
2718	11
2719	18
2720	20
2721	12
2722	13
2723	20
2724	9
2725	10
2726	14
2727	12
2728	7
2729	10
2730	20
2731	16
2732	13
2733	10
2734	19
2735	13
2736	13
2737	15
2738	14
2739	9
2740	13
2741	14
2742	6
2743	11
2744	13
2745	12
2746	12
2747	9
2748	9
2749	15
2750	9
2751	14
2752	14
2753	12
2754	20
2755	13
2756	14
2757	16
2758	9
2759	8
2760	14
2761	9
2762	16
2763	13
2764	8
2765	8
2766	8
2767	6
2768	11
2769	7
2770	9
2771	14
2772	10
2773	5
2774	15
2775	10
2776	14
2777	9
2778	10
2779	8
2780	7
2781	5
2782	8
2783	8
2784	12
2785	8
2786	11
2787	8
2788	12
2789	11
2790	10
2791	4
2792	8
2793	7
2794	10
2795	9
2796	7
2797	12
2798	9
2799	9
2800	7
2801	9
2802	11
2803	7
2804	5
2805	14
2806	11
2807	6
2808	7
2809	7
2810	7
2811	6
2812	6
2813	6
2814	10
2815	11
2816	18
2817	10
2818	7
2819	7
2820	8
2821	5
2822	5
2823	12
2824	11
2825	14
2826	12
2827	16
2828	7
2829	14
2830	4
2831	12
2832	6
2833	5
2834	12
2835	9
2836	8
2837	8
2838	11
2839	7
2840	11
2841	9
2842	11
2843	8
2844	14
2845	10
2846	10
2847	10
2848	9
2849	8
2850	11
2851	10
2852	6
2853	9
2854	7
2855	10
2856	11
2857	7
2858	11
2859	6
2860	10
2861	11
2862	4
2863	8
2864	8
2865	13
2866	6
2867	4
2868	6
2869	14
2870	9
2871	9
2872	12
2873	11
2874	11
2875	10
2876	11
2877	11
2878	5
2879	10
2880	9
2881	16
2882	29
2883	59
2884	153
2885	267
2886	444
2887	554
2888	667
2889	570
2890	478
2891	306
2892	127
2893	65
2894	14
2895	10
2896	9
2897	5
2898	9
2899	4
2900	4
2901	4
2902	2
2903	2
2904	3
2905	9
2906	6
2907	8
2908	1
2909	3
2910	7
2911	4
2912	7
2913	7
2914	6
2915	10
2916	4
2917	7
2918	7
2919	2
2920	3
2921	6
2922	5
2923	7
2924	3
2925	7
2926	6
2927	4
2928	3
2929	7
2930	2
2931	9
2932	9
2933	4
2934	6
2935	3
2936	4
2937	2
2938	8
2939	4
2940	4
2941	5
2942	7
2943	3
2944	8
2945	8
2946	0
2947	7
2948	6
2949	4
2950	5
2951	3
2952	6
2953	6
2954	6
2955	4
2956	4
2957	6
2958	4
2959	5
2960	7
2961	7
2962	6
2963	6
2964	5
2965	4
2966	3
2967	5
2968	6
2969	6
2970	3
2971	6
2972	5
2973	3
2974	7
2975	4
2976	6
2977	2
2978	9
2979	2
2980	7
2981	2
2982	3
2983	5
2984	0
2985	4
2986	11
2987	8
2988	7
2989	6
2990	2
2991	5
2992	5
2993	9
2994	6
2995	5
2996	5
2997	8
2998	3
2999	3
3000	5
3001	2
3002	6
3003	7
3004	6
3005	2
3006	2
3007	6
3008	4
3009	8
3010	2
3011	8
3012	12
3013	7
3014	8
3015	3
3016	8
3017	6
3018	4
3019	4
3020	6
3021	13
3022	2
3023	4
3024	7
3025	7
3026	3
3027	4
3028	6
3029	1
3030	4
3031	3
3032	4
3033	7
3034	8
3035	3
3036	2
3037	5
3038	9
3039	4
3040	2
3041	6
3042	2
3043	7
3044	12
3045	3
3046	6
3047	6
3048	8
3049	4
3050	7
3051	6
3052	6
3053	5
3054	8
3055	5
3056	3
3057	10
3058	5
3059	7
3060	7
3061	5
3062	3
3063	6
3064	2
3065	4
3066	8
3067	6
3068	4
3069	1
3070	7
3071	2
3072	5
3073	1
3074	3
3075	5
3076	0
3077	2
3078	4
3079	5
3080	6
3081	3
3082	2
3083	4
3084	5
3085	6
3086	6
3087	1
3088	5
3089	3
3090	11
3091	5
3092	2
3093	3
3094	6
3095	4
3096	5
3097	5
3098	5
3099	2
3100	4
3101	2
3102	3
3103	6
3104	5
3105	7
3106	7
3107	4
3108	6
3109	6
3110	5
3111	6
3112	6
3113	4
3114	5
3115	4
3116	4
3117	4
3118	6
3119	6
3120	4
3121	4
3122	5
3123	6
3124	4
3125	9
3126	6
3127	5
3128	4
3129	7
3130	3
3131	1
3132	6
3133	2
3134	5
3135	5
3136	5
3137	4
3138	2
3139	8
3140	3
3141	9
3142	2
3143	1
3144	3
3145	3
3146	6
3147	7
3148	3
3149	3
3150	5
3151	7
3152	5
3153	4
3154	4
3155	6
3156	10
3157	4
3158	5
3159	6
3160	9
3161	2
3162	7
3163	6
3164	2
3165	6
3166	4
3167	2
3168	4
3169	4
3170	5
3171	5
3172	4
3173	4
3174	1
3175	3
3176	3
3177	1
3178	5
3179	2
3180	5
3181	2
3182	5
3183	2
3184	4
3185	6
3186	3
3187	7
3188	4
3189	8
3190	7
3191	6
3192	1
3193	6
3194	1
3195	5
3196	5
3197	3
3198	2
3199	2
3200	4
3201	6
3202	5
3203	7
3204	3
3205	4
3206	7
3207	2
3208	2
3209	6
3210	3
3211	4
3212	3
3213	2
3214	4
3215	4
3216	8
3217	4
3218	6
3219	4
3220	5
3221	4
3222	3
3223	5
3224	5
3225	5
3226	4
3227	8
3228	4
3229	5
3230	8
3231	6
3232	2
3233	4
3234	4
3235	5
3236	4
3237	7
3238	8
3239	6
3240	7
3241	3
3242	5
3243	1
3244	2
3245	3
3246	5
3247	2
3248	5
3249	6
3250	11
3251	9
3252	0
3253	3
3254	6
3255	5
3256	4
3257	5
3258	2
3259	4
3260	6
3261	4
3262	4
3263	4
3264	1
3265	1
3266	4
3267	1
3268	9
3269	6
3270	6
3271	7
3272	2
3273	5
3274	2
3275	4
3276	5
3277	4
3278	6
3279	5
3280	4
3281	2
3282	2
3283	3
3284	7
3285	9
3286	5
3287	2
3288	1
3289	7
3290	1
3291	4
3292	4
3293	5
3294	4
3295	3
3296	3
3297	4
3298	2
3299	3
3300	7
3301	5
3302	2
3303	1
3304	1
3305	2
3306	6
3307	7
3308	1
3309	2
3310	5
3311	6
3312	3
3313	5
3314	5
3315	6
3316	1
3317	6
3318	6
3319	7
3320	1
3321	3
3322	1
3323	5
3324	3
3325	6
3326	6
3327	5
3328	4
3329	7
3330	5
3331	4
3332	3
3333	2
3334	5
3335	1
3336	3
3337	4
3338	3
3339	4
3340	4
3341	4
3342	1
3343	5
3344	7
3345	5
3346	4
3347	4
3348	6
3349	5
3350	5
3351	1
3352	2
3353	6
3354	6
3355	7
3356	7
3357	1
3358	2
3359	6
3360	5
3361	2
3362	9
3363	8
3364	3
3365	8
3366	3
3367	5
3368	6
3369	7
3370	3
3371	6
3372	4
3373	7
3374	7
3375	4
3376	9
3377	5
3378	4
3379	4
3380	4
3381	5
3382	6
3383	2
3384	4
3385	3
3386	8
3387	5
3388	0
3389	1
3390	6
3391	4
3392	3
3393	7
3394	5
3395	0
3396	2
3397	2
3398	5
3399	5
3400	3
3401	4
3402	3
3403	7
3404	5
3405	8
3406	6
3407	7
3408	5
3409	2
3410	3
3411	4
3412	4
3413	3
3414	4
3415	3
3416	4
3417	4
3418	5
3419	3
3420	5
3421	4
3422	6
3423	3
3424	4
3425	1
3426	5
3427	4
3428	6
3429	4
3430	6
3431	0
3432	7
3433	3
3434	4
3435	3
3436	5
3437	5
3438	5
3439	3
3440	5
3441	4
3442	1
3443	8
3444	3
3445	2
3446	10
3447	9
3448	4
3449	1
3450	3
3451	8
3452	6
3453	5
3454	1
3455	4
3456	4
3457	4
3458	7
3459	5
3460	8
3461	4
3462	5
3463	7
3464	3
3465	4
3466	6
3467	4
3468	6
3469	1
3470	5
3471	4
3472	2
3473	6
3474	3
3475	5
3476	5
3477	6
3478	6
3479	5
3480	1
3481	6
3482	1
3483	9
3484	4
3485	3
3486	5
3487	9
3488	3
3489	4
3490	4
3491	5
3492	5
3493	5
3494	3
3495	5
3496	5
3497	2
3498	5
3499	3
3500	0
3501	3
3502	5
3503	4
3504	2
3505	2
3506	4
3507	3
3508	3
3509	8
3510	10
3511	9
3512	4
3513	5
3514	0
3515	1
3516	6
3517	1
3518	8
3519	4
3520	7
3521	3
3522	1
3523	6
3524	2
3525	7
3526	1
3527	5
3528	1
3529	4
3530	2
3531	4
3532	3
3533	6
3534	4
3535	2
3536	7
3537	1
3538	4
3539	4
3540	3
3541	5
3542	1
3543	5
3544	6
3545	3
3546	3
3547	3
3548	5
3549	4
3550	4
3551	5
3552	3
3553	8
3554	4
3555	3
3556	3
3557	4
3558	5
3559	8
3560	2
3561	2
3562	4
3563	0
3564	3
3565	1
3566	4
3567	7
3568	7
3569	2
3570	2
3571	5
3572	6
3573	6
3574	6
3575	4
3576	5
3577	5
3578	4
3579	5
3580	7
3581	5
3582	3
3583	4
3584	7
3585	3
3586	4
3587	1
3588	1
3589	3
3590	3
3591	1
3592	6
3593	4
3594	1
3595	1
3596	7
3597	5
3598	4
3599	2
3600	2
3601	4
3602	4
3603	3
3604	2
3605	6
3606	3
3607	4
3608	2
3609	6
3610	3
3611	3
3612	2
3613	2
3614	3
3615	3
3616	0
3617	2
3618	4
3619	7
3620	4
3621	5
3622	2
3623	3
3624	3
3625	7
3626	4
3627	2
3628	5
3629	1
3630	3
3631	2
3632	1
3633	6
3634	7
3635	5
3636	4
3637	3
3638	2
3639	12
3640	3
3641	2
3642	4
3643	2
3644	6
3645	4
3646	5
3647	8
3648	3
3649	5
3650	5
3651	3
3652	1
3653	4
3654	2
3655	3
3656	4
3657	6
3658	6
3659	7
3660	1
3661	2
3662	5
3663	5
3664	6
3665	5
3666	2
3667	2
3668	4
3669	2
3670	5
3671	4
3672	3
3673	5
3674	5
3675	6
3676	2
3677	3
3678	5
3679	4
3680	5
3681	3
3682	2
3683	3
3684	2
3685	4
3686	4
3687	3
3688	3
3689	8
3690	3
3691	8
3692	4
3693	5
3694	6
3695	3
3696	1
3697	4
3698	2
3699	6
3700	2
3701	6
3702	4
3703	3
3704	3
3705	2
3706	3
3707	3
3708	1
3709	5
3710	2
3711	5
3712	5
3713	7
3714	2
3715	2
3716	4
3717	5
3718	3
3719	2
3720	7
3721	1
3722	3
3723	3
3724	6
3725	2
3726	3
3727	5
3728	5
3729	5
3730	2
3731	4
3732	2
3733	2
3734	6
3735	7
3736	5
3737	5
3738	2
3739	7
3740	2
3741	4
3742	3
3743	5
3744	4
3745	4
3746	4
3747	6
3748	4
3749	5
3750	6
3751	10
3752	6
3753	0
3754	4
3755	6
3756	5
3757	6
3758	2
3759	6
3760	4
3761	3
3762	2
3763	7
3764	5
3765	3
3766	4
3767	3
3768	3
3769	3
3770	6
3771	5
3772	6
3773	1
3774	8
3775	1
3776	3
3777	4
3778	6
3779	5
3780	4
3781	3
3782	5
3783	5
3784	4
3785	4
3786	5
3787	3
3788	3
3789	1
3790	2
3791	4
3792	4
3793	4
3794	1
3795	6
3796	3
3797	1
3798	1
3799	5
3800	0
3801	3
3802	4
3803	6
3804	5
3805	4
3806	4
3807	3
3808	4
3809	3
3810	2
3811	5
3812	8
3813	7
3814	9
3815	2
3816	1
3817	3
3818	2
3819	3
3820	3
3821	4
3822	2
3823	4
3824	3
3825	4
3826	5
3827	3
3828	4
3829	2
3830	2
3831	3
3832	4
3833	6
3834	4
3835	4
3836	5
3837	1
3838	2
3839	4
3840	4
3841	4
3842	4
3843	4
3844	4
3845	4
3846	3
3847	5
3848	4
3849	6
3850	3
3851	5
3852	2
3853	4
3854	1
3855	4
3856	1
3857	6
3858	2
3859	4
3860	3
3861	3
3862	4
3863	2
3864	4
3865	1
3866	2
3867	3
3868	5
3869	3
3870	5
3871	2
3872	5
3873	4
3874	0
3875	5
3876	3
3877	3
3878	5
3879	5
3880	3
3881	4
3882	2
3883	2
3884	9
3885	3
3886	5
3887	2
3888	4
3889	1
3890	2
3891	4
3892	3
3893	5
3894	5
3895	3
3896	6
3897	1
3898	3
3899	8
3900	5
3901	7
3902	1
3903	4
3904	3
3905	2
3906	4
3907	1
3908	5
3909	1
3910	1
3911	9
3912	2
3913	1
3914	1
3915	5
3916	4
3917	7
3918	4
3919	7
3920	6
3921	3
3922	9
3923	8
3924	4
3925	3
3926	4
3927	3
3928	4
3929	5
3930	7
3931	2
3932	3
3933	5
3934	0
3935	6
3936	2
3937	4
3938	3
3939	4
3940	5
3941	2
3942	1
3943	2
3944	5
3945	5
3946	1
3947	3
3948	8
3949	5
3950	4
3951	4
3952	4
3953	5
3954	3
3955	5
3956	4
3957	7
3958	10
3959	4
3960	3
3961	5
3962	5
3963	3
3964	4
3965	1
3966	4
3967	2
3968	2
3969	3
3970	2
3971	2
3972	6
3973	6
3974	2
3975	2
3976	0
3977	3
3978	7
3979	4
3980	2
3981	7
3982	2
3983	3
3984	5
3985	3
3986	3
3987	3
3988	1
3989	2
3990	3
3991	0
3992	2
3993	3
3994	5
3995	3
3996	2
3997	5
3998	4
3999	5
4000	2
4001	6
4002	4
4003	0
4004	2
4005	4
4006	4
4007	3
4008	2
4009	3
4010	4
4011	2
4012	3
4013	4
4014	2
4015	2
4016	3
4017	3
4018	3
4019	3
4020	4
4021	4
4022	6
4023	1
4024	2
4025	4
4026	4
4027	5
4028	2
4029	1
4030	4
4031	6
4032	3
4033	4
4034	7
4035	0
4036	0
4037	5
4038	4
4039	1
4040	4
4041	3
4042	1
4043	4
4044	3
4045	2
4046	1
4047	2
4048	1
4049	5
4050	4
4051	7
4052	4
4053	5
4054	4
4055	1
4056	3
4057	3
4058	4
4059	4
4060	4
4061	3
4062	6
4063	0
4064	1
4065	5
4066	5
4067	3
4068	6
4069	2
4070	5
4071	4
4072	1
4073	2
4074	4
4075	6
4076	5
4077	6
4078	2
4079	4
4080	1
4081	3
4082	2
4083	2
4084	2
4085	5
4086	0
4087	5
4088	3
4089	3
4090	1
4091	3
4092	3
4093	4
4094	5
4095	3
4096	1
4097	2
4098	5
4099	1
4100	3
4101	7
4102	5
4103	2
4104	3
4105	6
4106	5
4107	1
4108	0
4109	8
4110	4
4111	1
4112	4
4113	3
4114	2
4115	6
4116	6
4117	7
4118	2
4119	2
4120	3
4121	1
4122	5
4123	2
4124	3
4125	3
4126	1
4127	3
4128	1
4129	0
4130	4
4131	3
4132	1
4133	5
4134	2
4135	1
4136	2
4137	5
4138	4
4139	3
4140	2
4141	5
4142	9
4143	0
4144	1
4145	6
4146	3
4147	3
4148	5
4149	4
4150	3
4151	4
4152	6
4153	4
4154	7
4155	5
4156	5
4157	3
4158	3
4159	3
4160	4
4161	5
4162	4
4163	3
4164	2
4165	3
4166	3
4167	5
4168	7
4169	1
4170	5
4171	4
4172	6
4173	2
4174	2
4175	4
4176	6
4177	3
4178	1
4179	4
4180	3
4181	3
4182	2
4183	5
4184	4
4185	0
4186	2
4187	1
4188	2
4189	3
4190	2
4191	5
4192	6
4193	5
4194	6
4195	2
4196	2
4197	4
4198	2
4199	1
4200	2
4201	5
4202	2
4203	2
4204	1
4205	1
4206	2
4207	6
4208	7
4209	4
4210	2
4211	3
4212	3
4213	2
4214	2
4215	4
4216	6
4217	2
4218	8
4219	3
4220	4
4221	2
4222	2
4223	2
4224	4
4225	4
4226	4
4227	4
4228	1
4229	4
4230	5
4231	1
4232	5
4233	3
4234	2
4235	4
4236	4
4237	2
4238	5
4239	5
4240	4
4241	3
4242	3
4243	1
4244	2
4245	4
4246	3
4247	2
4248	4
4249	2
4250	4
4251	0
4252	4
4253	3
4254	5
4255	3
4256	2
4257	2
4258	1
4259	7
4260	5
4261	3
4262	1
4263	4
4264	2
4265	6
4266	4
4267	5
4268	3
4269	6
4270	9
4271	5
4272	1
4273	7
4274	3
4275	4
4276	5
4277	3
4278	3
4279	1
4280	5
4281	3
4282	8
4283	3
4284	3
4285	0
4286	1
4287	4
4288	0
4289	3
4290	2
4291	5
4292	3
4293	1
4294	2
4295	1
4296	7
4297	2
4298	5
4299	3
4300	3
4301	2
4302	8
4303	2
4304	4
4305	4
4306	2
4307	2
4308	4
4309	1
4310	5
4311	2
4312	2
4313	3
4314	1
4315	5
4316	4
4317	2
4318	3
4319	3
4320	3
4321	1
4322	3
4323	2
4324	2
4325	4
4326	3
4327	4
4328	1
4329	5
4330	6
4331	2
4332	1
4333	4
4334	4
4335	4
4336	3
4337	4
4338	3
4339	5
4340	4
4341	1
4342	3
4343	3
4344	1
4345	5
4346	4
4347	0
4348	3
4349	5
4350	6
4351	1
4352	3
4353	0
4354	4
4355	3
4356	4
4357	2
4358	2
4359	4
4360	6
4361	2
4362	3
4363	2
4364	4
4365	3
4366	1
4367	1
4368	3
4369	2
4370	3
4371	6
4372	3
4373	2
4374	4
4375	3
4376	1
4377	2
4378	2
4379	2
4380	2
4381	0
4382	2
4383	2
4384	4
4385	2
4386	3
4387	2
4388	2
4389	1
4390	3
4391	1
4392	2
4393	1
4394	2
4395	4
4396	0
4397	3
4398	3
4399	2
4400	3
4401	5
4402	4
4403	4
4404	1
4405	2
4406	3
4407	1
4408	7
4409	6
4410	4
4411	8
4412	1
4413	3
4414	3
4415	2
4416	1
4417	6
4418	7
4419	1
4420	2
4421	0
4422	3
4423	4
4424	1
4425	2
4426	1
4427	3
4428	1
4429	3
4430	3
4431	0
4432	3
4433	3
4434	3
4435	2
4436	5
4437	2
4438	4
4439	4
4440	0
4441	2
4442	2
4443	5
4444	3
4445	3
4446	4
4447	4
4448	3
4449	1
4450	3
4451	0
4452	0
4453	5
4454	2
4455	1
4456	2
4457	3
4458	1
4459	3
4460	2
4461	2
4462	2
4463	7
4464	2
4465	3
4466	1
4467	1
4468	4
4469	0
4470	3
4471	5
4472	1
4473	1
4474	3
4475	3
4476	4
4477	5
4478	1
4479	4
4480	1
4481	1
4482	6
4483	1
4484	1
4485	5
4486	2
4487	5
4488	4
4489	6
4490	5
4491	4
4492	2
4493	3
4494	2
4495	5
4496	4
4497	2
4498	6
4499	2
4500	1
4501	4
4502	4
4503	3
4504	3
4505	4
4506	3
4507	5
4508	2
4509	3
4510	2
4511	1
4512	3
4513	1
4514	1
4515	6
4516	2
4517	2
4518	3
4519	5
4520	1
4521	0
4522	2
4523	4
4524	1
4525	0
4526	1
4527	0
4528	6
4529	5
4530	7
4531	3
4532	1
4533	2
4534	4
4535	2
4536	4
4537	3
4538	3
4539	3
4540	4
4541	4
4542	1
4543	2
4544	4
4545	3
4546	4
4547	5
4548	4
4549	2
4550	1
4551	7
4552	1
4553	1
4554	2
4555	2
4556	1
4557	3
4558	3
4559	3
4560	3
4561	3
4562	4
4563	4
4564	5
4565	2
4566	3
4567	5
4568	4
4569	0
4570	1
4571	2
4572	2
4573	0
4574	3
4575	3
4576	6
4577	3
4578	2
4579	2
4580	7
4581	5
4582	3
4583	3
4584	2
4585	5
4586	5
4587	0
4588	1
4589	3
4590	2
4591	1
4592	1
4593	3
4594	3
4595	5
4596	4
4597	2
4598	1
4599	2
4600	3
4601	5
4602	3
4603	7
4604	1
4605	8
4606	1
4607	2
4608	4
4609	4
4610	5
4611	1
4612	1
4613	2
4614	1
4615	3
4616	5
4617	5
4618	0
4619	4
4620	0
4621	1
4622	1
4623	2
4624	5
4625	6
4626	3
4627	8
4628	6
4629	2
4630	3
4631	5
4632	2
4633	5
4634	2
4635	4
4636	1
4637	4
4638	4
4639	4
4640	3
4641	3
4642	6
4643	4
4644	2
4645	4
4646	0
4647	1
4648	6
4649	1
4650	3
4651	2
4652	1
4653	2
4654	2
4655	3
4656	1
4657	3
4658	0
4659	3
4660	4
4661	3
4662	2
4663	1
4664	0
4665	6
4666	1
4667	3
4668	6
4669	7
4670	2
4671	3
4672	4
4673	1
4674	2
4675	3
4676	3
4677	1
4678	4
4679	2
4680	4
4681	3
4682	5
4683	1
4684	2
4685	2
4686	3
4687	2
4688	5
4689	0
4690	3
4691	4
4692	3
4693	1
4694	5
4695	4
4696	1
4697	7
4698	2
4699	4
4700	1
4701	1
4702	0
4703	0
4704	1
4705	3
4706	0
4707	3
4708	3
4709	4
4710	3
4711	2
4712	2
4713	3
4714	4
4715	2
4716	4
4717	3
4718	2
4719	2
4720	0
4721	1
4722	1
4723	2
4724	1
4725	2
4726	1
4727	4
4728	1
4729	1
4730	0
4731	2
4732	1
4733	6
4734	2
4735	2
4736	4
4737	2
4738	2
4739	0
4740	0
4741	3
4742	1
4743	0
4744	6
4745	4
4746	4
4747	5
4748	0
4749	3
4750	2
4751	0
4752	5
4753	3
4754	2
4755	2
4756	3
4757	2
4758	2
4759	5
4760	7
4761	2
4762	4
4763	2
4764	3
4765	3
4766	6
4767	8
4768	4
4769	2
4770	1
4771	2
4772	4
4773	3
4774	3
4775	3
4776	2
4777	1
4778	3
4779	1
4780	5
4781	6
4782	2
4783	6
4784	7
4785	4
4786	1
4787	4
4788	5
4789	2
4790	3
4791	4
4792	5
4793	4
4794	3
4795	1
4796	6
4797	1
4798	2
4799	1
4800	4
4801	5
4802	4
4803	3
4804	3
4805	6
4806	3
4807	1
4808	6
4809	1
4810	2
4811	1
4812	1
4813	1
4814	2
4815	5
4816	2
4817	2
4818	4
4819	1
4820	3
4821	4
4822	3
4823	2
4824	1
4825	3
4826	2
4827	4
4828	2
4829	2
4830	4
4831	0
4832	4
4833	5
4834	4
4835	3
4836	1
4837	1
4838	1
4839	2
4840	2
4841	1
4842	2
4843	1
4844	6
4845	5
4846	2
4847	3
4848	5
4849	2
4850	3
4851	1
4852	2
4853	0
4854	0
4855	5
4856	4
4857	2
4858	4
4859	2
4860	4
4861	4
4862	0
4863	2
4864	4
4865	5
4866	5
4867	1
4868	1
4869	2
4870	3
4871	3
4872	3
4873	1
4874	1
4875	1
4876	4
4877	0
4878	7
4879	3
4880	4
4881	2
4882	1
4883	1
4884	2
4885	1
4886	3
4887	1
4888	1
4889	3
4890	0
4891	1
4892	4
4893	2
4894	1
4895	2
4896	6
4897	3
4898	1
4899	4
4900	4
4901	3
4902	1
4903	2
4904	4
4905	2
4906	3
4907	3
4908	5
4909	5
4910	2
4911	4
4912	2
4913	2
4914	1
4915	3
4916	5
4917	0
4918	5
4919	2
4920	1
4921	2
4922	1
4923	5
4924	3
4925	1
4926	2
4927	3
4928	2
4929	2
4930	1
4931	3
4932	1
4933	3
4934	4
4935	3
4936	3
4937	3
4938	1
4939	0
4940	5
4941	5
4942	3
4943	1
4944	2
4945	1
4946	5
4947	3
4948	1
4949	1
4950	2
4951	2
4952	1
4953	1
4954	3
4955	4
4956	2
4957	2
4958	5
4959	5
4960	1
4961	2
4962	5
4963	6
4964	2
4965	2
4966	2
4967	3
4968	7
4969	5
4970	5
4971	5
4972	2
4973	2
4974	4
4975	1
4976	2
4977	3
4978	3
4979	2
4980	0
4981	1
4982	4
4983	5
4984	2
4985	2
4986	0
4987	1
4988	3
4989	5
4990	1
4991	3
4992	3
4993	5
4994	4
4995	3
4996	2
4997	4
4998	5
4999	5
5000	4
5001	2
5002	0
5003	2
5004	4
5005	2
5006	6
5007	1
5008	2
5009	1
5010	4
5011	1
5012	2
5013	1
5014	3
5015	1
5016	3
5017	5
5018	1
5019	1
5020	7
5021	1
5022	2
5023	2
5024	2
5025	2
5026	2
5027	4
5028	1
5029	3
5030	6
5031	1
5032	0
5033	2
5034	1
5035	3
5036	2
5037	2
5038	4
5039	3
5040	7
5041	2
5042	4
5043	2
5044	2
5045	2
5046	1
5047	1
5048	4
5049	2
5050	5
5051	3
5052	1
5053	2
5054	2
5055	3
5056	2
5057	4
5058	0
5059	2
5060	3
5061	0
5062	4
5063	4
5064	1
5065	1
5066	2
5067	1
5068	2
5069	4
5070	2
5071	5
5072	1
5073	2
5074	3
5075	1
5076	4
5077	1
5078	2
5079	1
5080	3
5081	3
5082	2
5083	2
5084	1
5085	1
5086	5
5087	0
5088	1
5089	3
5090	3
5091	1
5092	2
5093	4
5094	3
5095	0
5096	4
5097	2
5098	1
5099	2
5100	3
5101	3
5102	3
5103	4
5104	0
5105	2
5106	2
5107	3
5108	5
5109	1
5110	2
5111	2
5112	1
5113	2
5114	3
5115	3
5116	3
5117	4
5118	0
5119	1
5120	2
5121	0
5122	1
5123	9
5124	3
5125	1
5126	2
5127	4
5128	2
5129	4
5130	0
5131	2
5132	6
5133	1
5134	2
5135	2
5136	1
5137	3
5138	4
5139	2
5140	4
5141	2
5142	2
5143	3
5144	1
5145	6
5146	3
5147	5
5148	4
5149	5
5150	1
5151	5
5152	5
5153	1
5154	3
5155	1
5156	1
5157	1
5158	3
5159	4
5160	3
5161	5
5162	3
5163	2
5164	4
5165	3
5166	2
5167	6
5168	2
5169	4
5170	4
5171	1
5172	4
5173	4
5174	0
5175	0
5176	2
5177	2
5178	2
5179	3
5180	1
5181	1
5182	3
5183	4
5184	2
5185	2
5186	2
5187	4
5188	4
5189	2
5190	2
5191	3
5192	1
5193	0
5194	3
5195	3
5196	0
5197	0
5198	0
5199	7
5200	3
5201	1
5202	5
5203	1
5204	7
5205	1
5206	4
5207	4
5208	5
5209	2
5210	5
5211	5
5212	2
5213	6
5214	2
5215	5
5216	3
5217	6
5218	1
5219	3
5220	1
5221	3
5222	3
5223	1
5224	3
5225	4
5226	1
5227	5
5228	2
5229	3
5230	3
5231	2
5232	3
5233	1
5234	2
5235	2
5236	1
5237	0
5238	6
5239	3
5240	3
5241	7
5242	3
5243	2
5244	2
5245	3
5246	5
5247	2
5248	4
5249	2
5250	2
5251	4
5252	2
5253	3
5254	4
5255	1
5256	2
5257	2
5258	4
5259	6
5260	1
5261	1
5262	2
5263	1
5264	3
5265	1
5266	2
5267	6
5268	3
5269	3
5270	1
5271	3
5272	5
5273	2
5274	3
5275	2
5276	3
5277	2
5278	2
5279	1
5280	1
5281	2
5282	1
5283	5
5284	3
5285	3
5286	2
5287	2
5288	2
5289	2
5290	2
5291	2
5292	5
5293	4
5294	1
5295	3
5296	4
5297	3
5298	1
5299	4
5300	3
5301	2
5302	5
5303	1
5304	3
5305	0
5306	1
5307	3
5308	3
5309	1
5310	1
5311	2
5312	4
5313	2
5314	1
5315	2
5316	5
5317	3
5318	3
5319	2
5320	2
5321	3
5322	2
5323	0
5324	3
5325	2
5326	0
5327	0
5328	2
5329	1
5330	2
5331	2
5332	3
5333	3
5334	5
5335	4
5336	2
5337	3
5338	2
5339	0
5340	0
5341	2
5342	0
5343	1
5344	0
5345	0
5346	2
5347	4
5348	2
5349	5
5350	5
5351	4
5352	5
5353	2
5354	3
5355	2
5356	1
5357	4
5358	0
5359	3
5360	1
5361	2
5362	1
5363	3
5364	4
5365	2
5366	2
5367	5
5368	0
5369	3
5370	2
5371	5
5372	2
5373	3
5374	5
5375	3
5376	2
5377	5
5378	2
5379	1
5380	3
5381	1
5382	3
5383	4
5384	2
5385	5
5386	3
5387	3
5388	3
5389	6
5390	0
5391	0
5392	2
5393	2
5394	7
5395	4
5396	2
5397	6
5398	2
5399	3
5400	2
5401	3
5402	5
5403	4
5404	4
5405	2
5406	2
5407	2
5408	3
5409	1
5410	0
5411	1
5412	3
5413	3
5414	1
5415	2
5416	1
5417	3
5418	0
5419	2
5420	1
5421	0
5422	3
5423	2
5424	3
5425	3
5426	0
5427	1
5428	1
5429	1
5430	2
5431	2
5432	2
5433	2
5434	2
5435	3
5436	2
5437	1
5438	2
5439	5
5440	1
5441	3
5442	1
5443	4
5444	1
5445	2
5446	1
5447	5
5448	3
5449	3
5450	3
5451	1
5452	4
5453	1
5454	3
5455	5
5456	2
5457	3
5458	3
5459	5
5460	4
5461	2
5462	4
5463	1
5464	1
5465	0
5466	1
5467	1
5468	1
5469	3
5470	2
5471	2
5472	5
5473	2
5474	2
5475	0
5476	1
5477	3
5478	4
5479	4
5480	2
5481	3
5482	1
5483	3
5484	3
5485	1
5486	0
5487	2
5488	1
5489	1
5490	0
5491	6
5492	2
5493	0
5494	2
5495	2
5496	1
5497	4
5498	4
5499	1
5500	3
5501	3
5502	1
5503	0
5504	4
5505	4
5506	1
5507	3
5508	3
5509	1
5510	1
5511	4
5512	0
5513	1
5514	3
5515	1
5516	2
5517	1
5518	3
5519	1
5520	2
5521	2
5522	7
5523	0
5524	7
5525	3
5526	1
5527	1
5528	3
5529	2
5530	2
5531	4
5532	2
5533	2
5534	0
5535	2
5536	2
5537	2
5538	6
5539	3
5540	4
5541	4
5542	2
5543	1
5544	5
5545	6
5546	3
5547	2
5548	3
5549	1
5550	2
5551	2
5552	2
5553	3
5554	1
5555	5
5556	2
5557	2
5558	2
5559	2
5560	1
5561	3
5562	2
5563	3
5564	1
5565	1
5566	3
5567	2
5568	3
5569	2
5570	3
5571	3
5572	2
5573	4
5574	1
5575	3
5576	1
5577	5
5578	3
5579	1
5580	4
5581	1
5582	4
5583	1
5584	2
5585	5
5586	4
5587	1
5588	1
5589	2
5590	3
5591	2
5592	4
5593	2
5594	2
5595	3
5596	2
5597	0
5598	0
5599	4
5600	1
5601	0
5602	3
5603	1
5604	2
5605	0
5606	2
5607	2
5608	4
5609	2
5610	2
5611	3
5612	0
5613	3
5614	1
5615	3
5616	2
5617	7
5618	2
5619	4
5620	3
5621	1
5622	1
5623	1
5624	3
5625	5
5626	1
5627	0
5628	0
5629	5
5630	2
5631	3
5632	2
5633	2
5634	0
5635	1
5636	4
5637	0
5638	5
5639	3
5640	3
5641	2
5642	3
5643	4
5644	1
5645	3
5646	4
5647	1
5648	5
5649	1
5650	1
5651	3
5652	4
5653	3
5654	0
5655	2
5656	5
5657	3
5658	1
5659	3
5660	2
5661	2
5662	2
5663	1
5664	1
5665	0
5666	3
5667	5
5668	3
5669	1
5670	1
5671	3
5672	4
5673	2
5674	2
5675	3
5676	3
5677	1
5678	2
5679	3
5680	6
5681	2
5682	3
5683	2
5684	4
5685	0
5686	3
5687	5
5688	4
5689	1
5690	3
5691	2
5692	3
5693	3
5694	2
5695	2
5696	0
5697	1
5698	1
5699	1
5700	0
5701	1
5702	3
5703	1
5704	6
5705	6
5706	3
5707	1
5708	1
5709	2
5710	1
5711	4
5712	3
5713	1
5714	0
5715	1
5716	2
5717	6
5718	4
5719	2
5720	1
5721	0
5722	3
5723	5
5724	1
5725	3
5726	3
5727	3
5728	1
5729	2
5730	4
5731	0
5732	4
5733	4
5734	3
5735	3
5736	4
5737	1
5738	3
5739	2
5740	1
5741	0
5742	4
5743	5
5744	4
5745	4
5746	2
5747	1
5748	4
5749	0
5750	2
5751	2
5752	2
5753	3
5754	2
5755	3
5756	0
5757	2
5758	0
5759	2
5760	3
5761	0
5762	1
5763	1
5764	4
5765	3
5766	2
5767	3
5768	2
5769	1
5770	3
5771	5
5772	1
5773	4
5774	2
5775	3
5776	2
5777	0
5778	2
5779	1
5780	2
5781	3
5782	5
5783	2
5784	2
5785	3
5786	6
5787	2
5788	3
5789	3
5790	2
5791	1
5792	2
5793	3
5794	1
5795	4
5796	2
5797	2
5798	1
5799	3
5800	1
5801	3
5802	2
5803	3
5804	2
5805	3
5806	1
5807	4
5808	0
5809	2
5810	2
5811	0
5812	5
5813	1
5814	2
5815	0
5816	5
5817	4
5818	0
5819	0
5820	1
5821	1
5822	3
5823	3
5824	2
5825	0
5826	2
5827	2
5828	3
5829	2
5830	1
5831	0
5832	0
5833	2
5834	3
5835	7
5836	4
5837	3
5838	5
5839	4
5840	0
5841	3
5842	2
5843	2
5844	5
5845	3
5846	0
5847	4
5848	2
5849	5
5850	1
5851	3
5852	7
5853	3
5854	4
5855	1
5856	7
5857	0
5858	1
5859	4
5860	2
5861	0
5862	1
5863	2
5864	2
5865	2
5866	5
5867	2
5868	0
5869	1
5870	1
5871	3
5872	1
5873	4
5874	4
5875	2
5876	2
5877	4
5878	1
5879	3
5880	2
5881	0
5882	5
5883	1
5884	1
5885	1
5886	0
5887	2
5888	2
5889	0
5890	4
5891	6
5892	1
5893	3
5894	1
5895	2
5896	1
5897	1
5898	4
5899	2
5900	2
5901	3
5902	2
5903	3
5904	3
5905	0
5906	2
5907	3
5908	4
5909	7
5910	3
5911	1
5912	1
5913	3
5914	2
5915	4
5916	1
5917	5
5918	0
5919	0
5920	3
5921	1
5922	2
5923	2
5924	2
5925	4
5926	4
5927	0
5928	0
5929	1
5930	2
5931	4
5932	1
5933	3
5934	1
5935	4
5936	2
5937	1
5938	3
5939	1
5940	2
5941	3
5942	2
5943	4
5944	3
5945	3
5946	0
5947	3
5948	3
5949	2
5950	2
5951	5
5952	1
5953	2
5954	3
5955	1
5956	0
5957	2
5958	2
5959	1
5960	3
5961	4
5962	4
5963	3
5964	2
5965	1
5966	5
5967	3
5968	1
5969	2
5970	0
5971	4
5972	1
5973	2
5974	5
5975	1
5976	2
5977	1
5978	2
5979	1
5980	4
5981	4
5982	2
5983	3
5984	1
5985	3
5986	4
5987	5
5988	1
5989	0
5990	0
5991	1
5992	1
5993	2
5994	5
5995	2
5996	3
5997	2
5998	3
5999	1
6000	1
6001	5
6002	2
6003	2
6004	1
6005	0
6006	1
6007	3
6008	0
6009	2
6010	2
6011	0
6012	1
6013	0
6014	1
6015	4
6016	0
6017	2
6018	3
6019	2
6020	2
6021	1
6022	2
6023	3
6024	1
6025	1
6026	2
6027	2
6028	1
6029	1
6030	2
6031	1
6032	1
6033	3
6034	2
6035	1
6036	1
6037	2
6038	1
6039	3
6040	3
6041	1
6042	3
6043	2
6044	3
6045	2
6046	2
6047	0
6048	3
6049	2
6050	1
6051	2
6052	1
6053	2
6054	3
6055	2
6056	2
6057	3
6058	9
6059	0
6060	4
6061	0
6062	2
6063	2
6064	4
6065	8
6066	2
6067	1
6068	3
6069	4
6070	3
6071	4
6072	3
6073	0
6074	5
6075	4
6076	1
6077	0
6078	4
6079	3
6080	3
6081	1
6082	4
6083	4
6084	3
6085	1
6086	4
6087	1
6088	1
6089	5
6090	3
6091	1
6092	2
6093	2
6094	0
6095	3
6096	3
6097	1
6098	4
6099	5
6100	1
6101	3
6102	0
6103	4
6104	2
6105	0
6106	1
6107	3
6108	2
6109	1
6110	2
6111	4
6112	1
6113	0
6114	4
6115	1
6116	3
6117	1
6118	3
6119	3
6120	4
6121	2
6122	0
6123	3
6124	3
6125	2
6126	2
6127	3
6128	1
6129	1
6130	2
6131	2
6132	0
6133	3
6134	4
6135	3
6136	1
6137	6
6138	1
6139	1
6140	3
6141	1
6142	1
6143	2
6144	0
6145	2
6146	4
6147	2
6148	1
6149	2
6150	0
6151	3
6152	1
6153	3
6154	2
6155	2
6156	3
6157	4
6158	2
6159	2
6160	2
6161	0
6162	3
6163	0
6164	0
6165	3
6166	1
6167	3
6168	1
6169	3
6170	1
6171	2
6172	3
6173	2
6174	2
6175	6
6176	3
6177	1
6178	3
6179	2
6180	3
6181	2
6182	4
6183	0
6184	3
6185	4
6186	3
6187	2
6188	4
6189	1
6190	2
6191	4
6192	0
6193	0
6194	1
6195	0
6196	0
6197	0
6198	5
6199	3
6200	1
6201	1
6202	7
6203	1
6204	1
6205	3
6206	3
6207	2
6208	5
6209	3
6210	3
6211	1
6212	3
6213	1
6214	5
6215	4
6216	2
6217	1
6218	1
6219	2
6220	3
6221	2
6222	3
6223	2
6224	0
6225	2
6226	2
6227	1
6228	2
6229	1
6230	4
6231	3
6232	0
6233	0
6234	2
6235	3
6236	1
6237	0
6238	4
6239	2
6240	2
6241	2
6242	2
6243	3
6244	2
6245	2
6246	2
6247	2
6248	2
6249	4
6250	2
6251	6
6252	0
6253	2
6254	1
6255	3
6256	5
6257	6
6258	2
6259	0
6260	4
6261	1
6262	1
6263	2
6264	4
6265	3
6266	2
6267	0
6268	1
6269	4
6270	2
6271	0
6272	3
6273	1
6274	1
6275	3
6276	4
6277	3
6278	0
6279	1
6280	3
6281	1
6282	3
6283	1
6284	1
6285	3
6286	1
6287	4
6288	5
6289	3
6290	0
6291	3
6292	5
6293	3
6294	3
6295	2
6296	2
6297	1
6298	2
6299	1
6300	3
6301	1
6302	0
6303	2
6304	2
6305	4
6306	2
6307	2
6308	2
6309	3
6310	3
6311	2
6312	0
6313	2
6314	8
6315	2
6316	2
6317	1
6318	1
6319	1
6320	2
6321	5
6322	1
6323	0
6324	1
6325	1
6326	0
6327	2
6328	1
6329	2
6330	5
6331	2
6332	1
6333	2
6334	0
6335	0
6336	2
6337	2
6338	1
6339	1
6340	1
6341	3
6342	2
6343	2
6344	3
6345	0
6346	1
6347	0
6348	3
6349	2
6350	3
6351	2
6352	0
6353	2
6354	0
6355	1
6356	0
6357	3
6358	5
6359	0
6360	2
6361	2
6362	2
6363	7
6364	2
6365	1
6366	1
6367	1
6368	1
6369	2
6370	4
6371	0
6372	1
6373	2
6374	0
6375	0
6376	1
6377	1
6378	0
6379	4
6380	4
6381	2
6382	0
6383	0
6384	1
6385	1
6386	3
6387	2
6388	3
6389	2
6390	3
6391	4
6392	2
6393	3
6394	2
6395	2
6396	2
6397	3
6398	1
6399	2
6400	4
6401	5
6402	1
6403	2
6404	2
6405	2
6406	3
6407	2
6408	1
6409	1
6410	3
6411	2
6412	2
6413	1
6414	1
6415	2
6416	1
6417	1
6418	2
6419	3
6420	0
6421	0
6422	6
6423	5
6424	2
6425	1
6426	3
6427	0
6428	3
6429	2
6430	3
6431	2
6432	2
6433	2
6434	0
6435	4
6436	3
6437	1
6438	1
6439	3
6440	4
6441	1
6442	3
6443	2
6444	0
6445	2
6446	0
6447	1
6448	2
6449	4
6450	4
6451	2
6452	4
6453	1
6454	2
6455	0
6456	4
6457	4
6458	1
6459	3
6460	1
6461	0
6462	3
6463	1
6464	2
6465	0
6466	1
6467	1
6468	2
6469	2
6470	4
6471	3
6472	3
6473	2
6474	0
6475	1
6476	1
6477	1
6478	3
6479	0
6480	2
6481	1
6482	5
6483	2
6484	4
6485	4
6486	1
6487	2
6488	2
6489	2
6490	0
6491	3
6492	2
6493	2
6494	2
6495	1
6496	2
6497	2
6498	2
6499	2
6500	4
6501	4
6502	0
6503	0
6504	1
6505	3
6506	1
6507	1
6508	3
6509	1
6510	4
6511	1
6512	2
6513	1
6514	4
6515	4
6516	1
6517	1
6518	4
6519	1
6520	2
6521	1
6522	2
6523	2
6524	3
6525	1
6526	4
6527	1
6528	1
6529	2
6530	3
6531	1
6532	3
6533	3
6534	3
6535	0
6536	3
6537	2
6538	0
6539	3
6540	2
6541	4
6542	2
6543	3
6544	4
6545	4
6546	4
6547	3
6548	1
6549	0
6550	0
6551	7
6552	1
6553	0
6554	1
6555	2
6556	1
6557	0
6558	3
6559	0
6560	1
6561	0
6562	5
6563	2
6564	3
6565	2
6566	4
6567	0
6568	3
6569	1
6570	2
6571	4
6572	3
6573	2
6574	3
6575	1
6576	2
6577	1
6578	3
6579	4
6580	6
6581	3
6582	2
6583	3
6584	1
6585	1
6586	0
6587	3
6588	3
6589	3
6590	2
6591	2
6592	0
6593	1
6594	3
6595	3
6596	1
6597	3
6598	2
6599	2
6600	2
6601	3
6602	2
6603	1
6604	3
6605	1
6606	2
6607	3
6608	2
6609	1
6610	1
6611	0
6612	1
6613	1
6614	1
6615	1
6616	2
6617	1
6618	7
6619	2
6620	2
6621	1
6622	0
6623	3
6624	2
6625	2
6626	1
6627	1
6628	1
6629	4
6630	3
6631	1
6632	0
6633	3
6634	1
6635	0
6636	3
6637	4
6638	1
6639	3
6640	1
6641	1
6642	2
6643	4
6644	1
6645	3
6646	5
6647	5
6648	2
6649	1
6650	1
6651	4
6652	3
6653	1
6654	0
6655	1
6656	2
6657	2
6658	2
6659	3
6660	2
6661	3
6662	1
6663	0
6664	4
6665	4
6666	3
6667	0
6668	3
6669	2
6670	0
6671	1
6672	4
6673	2
6674	4
6675	1
6676	0
6677	4
6678	0
6679	2
6680	1
6681	2
6682	3
6683	2
6684	0
6685	3
6686	0
6687	2
6688	1
6689	3
6690	0
6691	3
6692	2
6693	1
6694	1
6695	3
6696	1
6697	0
6698	0
6699	1
6700	1
6701	2
6702	1
6703	1
6704	1
6705	6
6706	2
6707	1
6708	1
6709	2
6710	1
6711	1
6712	2
6713	2
6714	3
6715	2
6716	4
6717	2
6718	3
6719	4
6720	2
6721	1
6722	0
6723	6
6724	2
6725	1
6726	2
6727	1
6728	0
6729	4
6730	1
6731	2
6732	1
6733	4
6734	3
6735	2
6736	1
6737	2
6738	0
6739	1
6740	2
6741	3
6742	2
6743	4
6744	0
6745	1
6746	2
6747	1
6748	4
6749	2
6750	1
6751	1
6752	2
6753	1
6754	3
6755	1
6756	2
6757	3
6758	1
6759	2
6760	3
6761	2
6762	1
6763	5
6764	4
6765	1
6766	1
6767	3
6768	1
6769	3
6770	0
6771	4
6772	0
6773	0
6774	2
6775	2
6776	3
6777	3
6778	2
6779	1
6780	1
6781	3
6782	1
6783	2
6784	4
6785	3
6786	4
6787	5
6788	3
6789	1
6790	1
6791	1
6792	4
6793	2
6794	1
6795	2
6796	1
6797	3
6798	3
6799	1
6800	1
6801	2
6802	2
6803	2
6804	4
6805	2
6806	2
6807	0
6808	4
6809	2
6810	1
6811	3
6812	0
6813	2
6814	0
6815	2
6816	3
6817	2
6818	0
6819	1
6820	3
6821	1
6822	2
6823	1
6824	3
6825	1
6826	1
6827	4
6828	4
6829	8
6830	1
6831	1
6832	0
6833	3
6834	4
6835	2
6836	2
6837	0
6838	6
6839	2
6840	3
6841	1
6842	3
6843	2
6844	2
6845	4
6846	2
6847	1
6848	0
6849	1
6850	2
6851	5
6852	0
6853	1
6854	3
6855	3
6856	1
6857	2
6858	1
6859	2
6860	3
6861	2
6862	4
6863	3
6864	3
6865	0
6866	1
6867	3
6868	2
6869	3
6870	4
6871	0
6872	1
6873	3
6874	2
6875	2
6876	2
6877	1
6878	2
6879	2
6880	3
6881	2
6882	1
6883	2
6884	2
6885	2
6886	3
6887	0
6888	2
6889	2
6890	3
6891	3
6892	0
6893	2
6894	1
6895	0
6896	2
6897	2
6898	2
6899	1
6900	1
6901	1
6902	1
6903	1
6904	1
6905	3
6906	1
6907	2
6908	2
6909	0
6910	2
6911	1
6912	6
6913	2
6914	1
6915	0
6916	0
6917	1
6918	3
6919	4
6920	2
6921	2
6922	1
6923	3
6924	2
6925	2
6926	1
6927	0
6928	2
6929	1
6930	0
6931	1
6932	3
6933	1
6934	5
6935	2
6936	5
6937	3
6938	3
6939	1
6940	1
6941	0
6942	1
6943	3
6944	3
6945	0
6946	4
6947	3
6948	1
6949	3
6950	5
6951	1
6952	1
6953	1
6954	1
6955	2
6956	3
6957	1
6958	2
6959	1
6960	0
6961	1
6962	3
6963	2
6964	2
6965	1
6966	4
6967	2
6968	2
6969	3
6970	0
6971	3
6972	4
6973	4
6974	5
6975	2
6976	5
6977	1
6978	1
6979	1
6980	1
6981	0
6982	1
6983	1
6984	2
6985	1
6986	0
6987	2
6988	2
6989	2
6990	1
6991	0
6992	1
6993	1
6994	1
6995	3
6996	0
6997	2
6998	1
6999	1
7000	6
7001	1
7002	2
7003	2
7004	3
7005	2
7006	2
7007	2
7008	3
7009	1
7010	1
7011	4
7012	2
7013	2
7014	2
7015	0
7016	1
7017	2
7018	2
7019	2
7020	1
7021	2
7022	1
7023	2
7024	2
7025	1
7026	2
7027	2
7028	2
7029	1
7030	1
7031	0
7032	4
7033	1
7034	0
7035	0
7036	0
7037	2
7038	2
7039	0
7040	4
7041	4
7042	0
7043	4
7044	5
7045	2
7046	2
7047	1
7048	3
7049	1
7050	2
7051	0
7052	1
7053	1
7054	2
7055	1
7056	0
7057	1
7058	1
7059	0
7060	1
7061	1
7062	1
7063	3
7064	1
7065	1
7066	3
7067	1
7068	1
7069	4
7070	6
7071	3
7072	0
7073	1
7074	2
7075	2
7076	2
7077	2
7078	0
7079	0
7080	1
7081	2
7082	4
7083	2
7084	1
7085	2
7086	3
7087	2
7088	4
7089	0
7090	0
7091	0
7092	0
7093	1
7094	4
7095	2
7096	1
7097	2
7098	1
7099	3
7100	1
7101	3
7102	3
7103	3
7104	1
7105	0
7106	0
7107	2
7108	0
7109	2
7110	2
7111	3
7112	2
7113	2
7114	0
7115	3
7116	0
7117	3
7118	1
7119	1
7120	1
7121	0
7122	0
7123	3
7124	2
7125	1
7126	1
7127	2
7128	3
7129	1
7130	2
7131	2
7132	1
7133	2
7134	1
7135	5
7136	1
7137	5
7138	3
7139	1
7140	2
7141	3
7142	0
7143	2
7144	2
7145	2
7146	0
7147	5
7148	3
7149	3
7150	0
7151	4
7152	1
7153	1
7154	0
7155	1
7156	2
7157	6
7158	1
7159	1
7160	1
7161	3
7162	0
7163	1
7164	4
7165	2
7166	2
7167	0
7168	3
7169	1
7170	1
7171	5
7172	4
7173	2
7174	3
7175	0
7176	0
7177	0
7178	4
7179	3
7180	0
7181	1
7182	0
7183	1
7184	4
7185	2
7186	1
7187	1
7188	1
7189	6
7190	2
7191	3
7192	3
7193	4
7194	3
7195	0
7196	2
7197	0
7198	3
7199	2
7200	1
7201	1
7202	0
7203	1
7204	0
7205	3
7206	1
7207	5
7208	4
7209	1
7210	1
7211	1
7212	0
7213	1
7214	3
7215	1
7216	2
7217	3
7218	2
7219	2
7220	4
7221	3
7222	0
7223	1
7224	2
7225	4
7226	3
7227	2
7228	1
7229	4
7230	1
7231	0
7232	1
7233	2
7234	1
7235	2
7236	2
7237	2
7238	0
7239	2
7240	1
7241	2
7242	0
7243	2
7244	1
7245	2
7246	1
7247	2
7248	4
7249	0
7250	1
7251	2
7252	2
7253	4
7254	2
7255	3
7256	2
7257	5
7258	2
7259	0
7260	2
7261	2
7262	0
7263	3
7264	1
7265	4
7266	4
7267	0
7268	1
7269	0
7270	2
7271	2
7272	4
7273	5
7274	2
7275	2
7276	0
7277	0
7278	0
7279	3
7280	2
7281	1
7282	7
7283	1
7284	0
7285	3
7286	6
7287	3
7288	1
7289	2
7290	4
7291	0
7292	1
7293	1
7294	3
7295	1
7296	2
7297	0
7298	1
7299	0
7300	2
7301	0
7302	1
7303	2
7304	1
7305	2
7306	1
7307	7
7308	0
7309	2
7310	0
7311	2
7312	3
7313	4
7314	1
7315	3
7316	3
7317	1
7318	5
7319	2
7320	3
7321	1
7322	1
7323	0
7324	0
7325	3
7326	1
7327	2
7328	4
7329	0
7330	2
7331	1
7332	3
7333	1
7334	2
7335	1
7336	1
7337	2
7338	1
7339	1
7340	3
7341	2
7342	1
7343	2
7344	1
7345	3
7346	4
7347	1
7348	2
7349	2
7350	1
7351	0
7352	1
7353	2
7354	2
7355	1
7356	2
7357	1
7358	3
7359	2
7360	2
7361	2
7362	5
7363	1
7364	1
7365	2
7366	3
7367	2
7368	4
7369	2
7370	2
7371	1
7372	1
7373	1
7374	1
7375	0
7376	3
7377	2
7378	1
7379	4
7380	0
7381	5
7382	5
7383	1
7384	2
7385	2
7386	2
7387	4
7388	0
7389	2
7390	1
7391	0
7392	0
7393	3
7394	1
7395	3
7396	1
7397	0
7398	3
7399	3
7400	2
7401	3
7402	2
7403	2
7404	2
7405	4
7406	0
7407	3
7408	2
7409	3
7410	0
7411	1
7412	3
7413	3
7414	3
7415	1
7416	3
7417	2
7418	2
7419	2
7420	1
7421	0
7422	2
7423	3
7424	1
7425	2
7426	3
7427	4
7428	3
7429	3
7430	3
7431	2
7432	0
7433	1
7434	1
7435	3
7436	2
7437	3
7438	1
7439	1
7440	1
7441	1
7442	2
7443	2
7444	3
7445	2
7446	1
7447	4
7448	1
7449	2
7450	1
7451	1
7452	0
7453	1
7454	4
7455	0
7456	2
7457	2
7458	0
7459	1
7460	3
7461	2
7462	2
7463	1
7464	1
7465	1
7466	2
7467	1
7468	1
7469	1
7470	0
7471	1
7472	2
7473	2
7474	2
7475	0
7476	0
7477	2
7478	2
7479	2
7480	1
7481	3
7482	2
7483	1
7484	3
7485	0
7486	2
7487	2
7488	1
7489	2
7490	2
7491	3
7492	2
7493	3
7494	2
7495	1
7496	4
7497	1
7498	1
7499	1
7500	2
7501	1
7502	3
7503	2
7504	2
7505	1
7506	0
7507	1
7508	2
7509	3
7510	3
7511	2
7512	2
7513	0
7514	4
7515	0
7516	1
7517	0
7518	1
7519	0
7520	2
7521	1
7522	1
7523	1
7524	2
7525	1
7526	0
7527	2
7528	0
7529	2
7530	3
7531	1
7532	1
7533	1
7534	2
7535	0
7536	1
7537	1
7538	5
7539	0
7540	4
7541	4
7542	1
7543	0
7544	1
7545	3
7546	0
7547	1
7548	1
7549	2
7550	0
7551	1
7552	3
7553	0
7554	0
7555	2
7556	5
7557	2
7558	2
7559	0
7560	3
7561	0
7562	1
7563	1
7564	1
7565	3
7566	0
7567	1
7568	1
7569	3
7570	2
7571	0
7572	2
7573	0
7574	1
7575	5
7576	1
7577	1
7578	4
7579	0
7580	1
7581	2
7582	2
7583	2
7584	1
7585	1
7586	1
7587	4
7588	0
7589	1
7590	1
7591	1
7592	0
7593	1
7594	1
7595	1
7596	1
7597	1
7598	1
7599	1
7600	1
7601	0
7602	3
7603	2
7604	2
7605	6
7606	3
7607	2
7608	1
7609	0
7610	1
7611	5
7612	2
7613	1
7614	3
7615	1
7616	1
7617	2
7618	0
7619	1
7620	2
7621	1
7622	1
7623	3
7624	0
7625	1
7626	0
7627	0
7628	1
7629	1
7630	1
7631	1
7632	2
7633	0
7634	1
7635	2
7636	2
7637	1
7638	1
7639	4
7640	6
7641	1
7642	2
7643	1
7644	3
7645	1
7646	4
7647	2
7648	1
7649	1
7650	2
7651	4
7652	1
7653	1
7654	1
7655	0
7656	4
7657	0
7658	0
7659	2
7660	3
7661	0
7662	4
7663	2
7664	2
7665	1
7666	2
7667	3
7668	0
7669	0
7670	1
7671	2
7672	2
7673	1
7674	1
7675	0
7676	0
7677	1
7678	1
7679	3
7680	1
7681	1
7682	0
7683	1
7684	1
7685	1
7686	0
7687	2
7688	4
7689	1
7690	1
7691	1
7692	3
7693	0
7694	4
7695	0
7696	2
7697	3
7698	4
7699	1
7700	1
7701	2
7702	3
7703	2
7704	2
7705	2
7706	3
7707	1
7708	2
7709	1
7710	2
7711	1
7712	3
7713	0
7714	1
7715	1
7716	4
7717	5
7718	5
7719	3
7720	0
7721	0
7722	3
7723	3
7724	0
7725	0
7726	2
7727	1
7728	0
7729	2
7730	0
7731	2
7732	2
7733	1
7734	3
7735	3
7736	1
7737	0
7738	1
7739	2
7740	1
7741	1
7742	0
7743	4
7744	2
7745	0
7746	3
7747	0
7748	1
7749	3
7750	1
7751	1
7752	3
7753	2
7754	1
7755	1
7756	0
7757	1
7758	2
7759	0
7760	3
7761	1
7762	1
7763	4
7764	1
7765	3
7766	2
7767	1
7768	3
7769	1
7770	5
7771	1
7772	0
7773	1
7774	4
7775	1
7776	1
7777	2
7778	2
7779	3
7780	2
7781	2
7782	2
7783	3
7784	2
7785	3
7786	3
7787	3
7788	2
7789	1
7790	1
7791	0
7792	4
7793	2
7794	2
7795	1
7796	0
7797	1
7798	1
7799	1
7800	0
7801	2
7802	0
7803	1
7804	3
7805	2
7806	1
7807	0
7808	0
7809	2
7810	1
7811	1
7812	2
7813	2
7814	4
7815	3
7816	4
7817	2
7818	2
7819	1
7820	4
7821	2
7822	1
7823	3
7824	1
7825	1
7826	1
7827	2
7828	2
7829	2
7830	1
7831	2
7832	2
7833	3
7834	1
7835	1
7836	1
7837	0
7838	1
7839	3
7840	0
7841	1
7842	4
7843	1
7844	2
7845	3
7846	4
7847	0
7848	2
7849	2
7850	1
7851	0
7852	1
7853	2
7854	1
7855	2
7856	3
7857	0
7858	1
7859	2
7860	5
7861	1
7862	3
7863	4
7864	1
7865	2
7866	0
7867	2
7868	1
7869	2
7870	1
7871	5
7872	3
7873	0
7874	0
7875	2
7876	1
7877	2
7878	4
7879	2
7880	1
7881	2
7882	0
7883	1
7884	2
7885	1
7886	3
7887	1
7888	0
7889	0
7890	0
7891	0
7892	3
7893	0
7894	5
7895	2
7896	1
7897	1
7898	2
7899	1
7900	3
7901	2
7902	0
7903	0
7904	2
7905	0
7906	2
7907	3
7908	2
7909	0
7910	2
7911	1
7912	0
7913	2
7914	3
7915	3
7916	2
7917	6
7918	1
7919	0
7920	0
7921	0
7922	0
7923	3
7924	1
7925	2
7926	2
7927	1
7928	2
7929	1
7930	1
7931	3
7932	1
7933	4
7934	1
7935	0
7936	1
7937	2
7938	1
7939	1
7940	1
7941	2
7942	1
7943	0
7944	3
7945	3
7946	0
7947	1
7948	1
7949	3
7950	1
7951	3
7952	1
7953	2
7954	0
7955	2
7956	0
7957	2
7958	0
7959	2
7960	3
7961	1
7962	1
7963	0
7964	3
7965	1
7966	2
7967	1
7968	2
7969	0
7970	3
7971	3
7972	5
7973	1
7974	2
7975	1
7976	1
7977	1
7978	0
7979	1
7980	2
7981	2
7982	3
7983	3
7984	2
7985	0
7986	0
7987	3
7988	1
7989	2
7990	1
7991	2
7992	2
7993	1
7994	3
7995	1
7996	2
7997	2
7998	0
7999	3
8000	3
8001	1
8002	0
8003	1
8004	1
8005	0
8006	3
8007	2
8008	3
8009	2
8010	4
8011	0
8012	2
8013	1
8014	1
8015	3
8016	1
8017	1
8018	1
8019	0
8020	3
8021	2
8022	1
8023	0
8024	1
8025	2
8026	2
8027	2
8028	1
8029	2
8030	2
8031	3
8032	0
8033	0
8034	2
8035	2
8036	3
8037	1
8038	0
8039	4
8040	2
8041	4
8042	2
8043	3
8044	1
8045	3
8046	1
8047	1
8048	1
8049	2
8050	1
8051	1
8052	2
8053	0
8054	1
8055	2
8056	2
8057	0
8058	0
8059	1
8060	1
8061	0
8062	1
8063	3
8064	0
8065	0
8066	0
8067	0
8068	0
8069	0
8070	0
8071	0
8072	0
8073	0
8074	0
8075	0
8076	0
8077	0
8078	0
8079	0
8080	0
8081	0
8082	0
8083	0
8084	0
8085	0
8086	0
8087	0
8088	0
8089	0
8090	0
8091	0
8092	0
8093	0
8094	0
8095	0
8096	0
8097	0
8098	0
8099	0
8100	0
8101	0
8102	0
8103	0
8104	0
8105	0
8106	0
8107	0
8108	0
8109	0
8110	0
8111	0
8112	0
8113	0
8114	0
8115	0
8116	0
8117	0
8118	0
8119	0
8120	0
8121	0
8122	0
8123	0
8124	0
8125	0
8126	0
8127	0
8128	0
8129	0
8130	0
8131	0
8132	0
8133	0
8134	0
8135	0
8136	0
8137	0
8138	0
8139	0
8140	0
8141	0
8142	0
8143	0
8144	0
8145	0
8146	0
8147	0
8148	0
8149	0
8150	0
8151	0
8152	0
8153	0
8154	0
8155	0
8156	0
8157	0
8158	0
8159	0
8160	0
8161	0
8162	0
8163	0
8164	0
8165	0
8166	0
8167	0
8168	0
8169	0
8170	0
8171	0
8172	0
8173	0
8174	0
8175	0
8176	0
8177	0
8178	0
8179	0
8180	0
8181	0
8182	0
8183	0
8184	0
8185	0
8186	0
8187	0
8188	0
8189	0
8190	0
8191	0
