-2	56828.3
-1	56863.42
0	0
1	0
2	0
3	0
4	0
5	0
6	0
7	0
8	0
9	0
10	0
11	0
12	0
13	0
14	0
15	0
16	0
17	0
18	0
19	0
20	0
21	0
22	0
23	0
24	0
25	0
26	0
27	0
28	0
29	0
30	0
31	0
32	0
33	0
34	0
35	0
36	0
37	0
38	0
39	0
40	0
41	0
42	0
43	0
44	0
45	0
46	5
47	0
48	3
49	192
50	630
51	787
52	919
53	1085
54	1263
55	1285
56	1390
57	1415
58	1456
59	1462
60	1343
61	1327
62	1308
63	1266
64	1492
65	1485
66	1466
67	1395
68	1344
69	1305
70	1258
71	1318
72	1300
73	1404
74	1504
75	1460
76	1265
77	1240
78	1160
79	1140
80	1108
81	1169
82	1126
83	1139
84	1112
85	1149
86	1089
87	1057
88	1047
89	1069
90	1090
91	1040
92	1025
93	1073
94	1006
95	1050
96	1055
97	1089
98	1075
99	1127
100	1117
101	1078
102	1089
103	1100
104	1079
105	1132
106	1111
107	1073
108	1094
109	1084
110	1148
111	1128
112	1118
113	1114
114	1169
115	1189
116	1135
117	1174
118	1168
119	1189
120	1193
121	1254
122	1296
123	1238
124	1268
125	1197
126	1189
127	1315
128	1279
129	1288
130	1320
131	1332
132	1388
133	1297
134	1330
135	1360
136	1375
137	1329
138	1316
139	1387
140	1359
141	1367
142	1437
143	1459
144	1393
145	1367
146	1374
147	1436
148	1428
149	1398
150	1484
151	1442
152	1475
153	1373
154	1535
155	1599
156	1638
157	1501
158	1547
159	1477
160	1490
161	1515
162	1473
163	1477
164	1524
165	1530
166	1511
167	1571
168	1505
169	1441
170	1576
171	1509
172	1516
173	1571
174	1542
175	1508
176	1495
177	1481
178	1571
179	1547
180	1534
181	1483
182	1520
183	1479
184	1589
185	1556
186	1574
187	1532
188	1506
189	1574
190	1603
191	1526
192	1533
193	1591
194	1517
195	1575
196	1646
197	1568
198	1550
199	1560
200	1587
201	1601
202	1494
203	1540
204	1528
205	1609
206	1471
207	1556
208	1588
209	1567
210	1586
211	1568
212	1606
213	1561
214	1511
215	1502
216	1472
217	1541
218	1522
219	1533
220	1586
221	1490
222	1529
223	1482
224	1533
225	1547
226	1452
227	1481
228	1482
229	1626
230	1699
231	1756
232	1665
233	1496
234	1469
235	1486
236	1433
237	1431
238	1396
239	1481
240	1385
241	1418
242	1409
243	1335
244	1421
245	1378
246	1475
247	1398
248	1358
249	1347
250	1394
251	1309
252	1369
253	1372
254	1336
255	1325
256	1374
257	1369
258	1313
259	1322
260	1348
261	1269
262	1439
263	1491
264	1512
265	1484
266	1413
267	1359
268	1280
269	1301
270	1206
271	1312
272	1190
273	1351
274	1287
275	1233
276	1263
277	1299
278	1260
279	1285
280	1278
281	1279
282	1263
283	1219
284	1228
285	1244
286	1177
287	1264
288	1243
289	1276
290	1152
291	1249
292	1170
293	1264
294	1285
295	1238
296	1268
297	1238
298	1199
299	1254
300	1179
301	1184
302	1214
303	1176
304	1204
305	1207
306	1092
307	1274
308	1186
309	1163
310	1138
311	1152
312	1157
313	1111
314	1176
315	1111
316	1132
317	1175
318	1247
319	1098
320	1158
321	1151
322	1104
323	1195
324	1194
325	1252
326	1262
327	1221
328	1129
329	1110
330	1201
331	1223
332	1314
333	1305
334	1230
335	1186
336	1109
337	1098
338	1084
339	1057
340	1120
341	1143
342	1163
343	1462
344	2041
345	2381
346	2274
347	1825
348	1308
349	1120
350	1058
351	1065
352	1077
353	1101
354	1107
355	1272
356	1667
357	1916
358	1703
359	1343
360	1156
361	1067
362	977
363	1101
364	1017
365	1143
366	1401
367	1749
368	2075
369	2482
370	3420
371	4111
372	3948
373	2618
374	1502
375	1261
376	1109
377	1046
378	1038
379	1008
380	888
381	916
382	944
383	859
384	902
385	901
386	936
387	915
388	982
389	1034
390	1032
391	940
392	907
393	922
394	866
395	826
396	861
397	880
398	865
399	824
400	865
401	856
402	824
403	890
404	914
405	1016
406	1480
407	2220
408	2678
409	2474
410	1921
411	1433
412	1054
413	913
414	950
415	1296
416	1694
417	1946
418	1694
419	1139
420	855
421	789
422	839
423	905
424	1027
425	992
426	989
427	834
428	755
429	811
430	701
431	783
432	761
433	720
434	750
435	737
436	800
437	709
438	750
439	787
440	794
441	837
442	774
443	766
444	674
445	721
446	768
447	717
448	752
449	710
450	711
451	722
452	747
453	747
454	703
455	683
456	677
457	706
458	724
459	794
460	801
461	845
462	895
463	879
464	1003
465	958
466	822
467	764
468	751
469	736
470	791
471	884
472	965
473	894
474	816
475	674
476	705
477	704
478	699
479	696
480	706
481	669
482	669
483	683
484	681
485	682
486	645
487	664
488	662
489	724
490	692
491	732
492	708
493	610
494	669
495	650
496	675
497	727
498	621
499	719
500	658
501	725
502	742
503	791
504	745
505	694
506	633
507	697
508	689
509	728
510	677
511	697
512	705
513	666
514	624
515	614
516	637
517	635
518	697
519	682
520	614
521	612
522	642
523	660
524	623
525	625
526	632
527	596
528	615
529	603
530	597
531	623
532	569
533	607
534	607
535	577
536	558
537	600
538	625
539	588
540	609
541	529
542	602
543	568
544	576
545	557
546	554
547	614
548	551
549	579
550	542
551	576
552	610
553	556
554	561
555	555
556	561
557	568
558	579
559	616
560	632
561	806
562	1251
563	1920
564	2730
565	3319
566	3198
567	2533
568	1757
569	1162
570	815
571	719
572	630
573	622
574	516
575	582
576	574
577	569
578	531
579	539
580	549
581	533
582	500
583	504
584	522
585	477
586	507
587	501
588	477
589	480
590	458
591	492
592	525
593	464
594	519
595	447
596	494
597	502
598	468
599	455
600	463
601	443
602	460
603	494
604	456
605	432
606	470
607	467
608	463
609	428
610	457
611	429
612	443
613	427
614	465
615	409
616	428
617	432
618	455
619	429
620	404
621	418
622	461
623	456
624	474
625	467
626	425
627	467
628	468
629	421
630	437
631	450
632	466
633	432
634	422
635	431
636	452
637	446
638	457
639	416
640	414
641	445
642	451
643	547
644	589
645	640
646	609
647	505
648	479
649	431
650	402
651	458
652	425
653	464
654	407
655	392
656	422
657	437
658	451
659	484
660	564
661	563
662	597
663	563
664	530
665	572
666	534
667	496
668	515
669	469
670	538
671	506
672	633
673	692
674	762
675	680
676	572
677	511
678	474
679	474
680	493
681	595
682	628
683	838
684	1141
685	1236
686	998
687	679
688	512
689	447
690	431
691	416
692	436
693	447
694	421
695	399
696	386
697	390
698	393
699	430
700	394
701	412
702	359
703	387
704	409
705	383
706	411
707	440
708	458
709	479
710	470
711	425
712	381
713	394
714	339
715	396
716	364
717	376
718	374
719	422
720	566
721	691
722	868
723	794
724	625
725	428
726	338
727	403
728	374
729	546
730	1363
731	2917
732	4752
733	4996
734	3545
735	1748
736	722
737	387
738	342
739	361
740	349
741	372
742	368
743	330
744	328
745	334
746	354
747	287
748	324
749	319
750	309
751	345
752	330
753	336
754	332
755	332
756	285
757	306
758	315
759	404
760	518
761	640
762	685
763	614
764	396
765	414
766	386
767	407
768	442
769	403
770	412
771	413
772	379
773	335
774	319
775	374
776	325
777	385
778	338
779	314
780	323
781	331
782	345
783	349
784	424
785	396
786	390
787	341
788	329
789	316
790	331
791	286
792	291
793	345
794	317
795	473
796	988
797	1922
798	2759
799	2617
800	1761
801	873
802	479
803	331
804	354
805	332
806	311
807	317
808	294
809	261
810	263
811	322
812	276
813	322
814	356
815	378
816	430
817	383
818	367
819	315
820	317
821	255
822	267
823	261
824	253
825	272
826	264
827	249
828	237
829	263
830	256
831	243
832	221
833	291
834	297
835	337
836	351
837	364
838	279
839	254
840	267
841	282
842	246
843	253
844	243
845	254
846	298
847	292
848	346
849	358
850	345
851	359
852	369
853	348
854	337
855	340
856	288
857	244
858	238
859	233
860	225
861	237
862	208
863	244
864	231
865	237
866	230
867	210
868	242
869	226
870	253
871	241
872	205
873	225
874	265
875	276
876	256
877	270
878	282
879	243
880	264
881	236
882	232
883	216
884	213
885	241
886	236
887	273
888	249
889	228
890	214
891	231
892	207
893	224
894	234
895	225
896	251
897	253
898	247
899	222
900	215
901	233
902	192
903	192
904	209
905	206
906	222
907	227
908	206
909	209
910	224
911	221
912	212
913	207
914	178
915	220
916	225
917	206
918	224
919	213
920	218
921	231
922	212
923	258
924	276
925	274
926	244
927	256
928	265
929	243
930	256
931	283
932	300
933	280
934	298
935	253
936	308
937	274
938	271
939	243
940	253
941	257
942	249
943	253
944	244
945	251
946	257
947	207
948	273
949	254
950	275
951	301
952	325
953	268
954	255
955	240
956	222
957	234
958	223
959	244
960	245
961	258
962	300
963	281
964	264
965	257
966	243
967	220
968	237
969	206
970	209
971	221
972	219
973	220
974	204
975	211
976	229
977	209
978	253
979	236
980	223
981	211
982	208
983	205
984	220
985	191
986	214
987	219
988	231
989	258
990	240
991	203
992	220
993	241
994	221
995	216
996	219
997	248
998	268
999	246
1000	239
1001	228
1002	239
1003	219
1004	217
1005	249
1006	364
1007	418
1008	356
1009	322
1010	226
1011	202
1012	183
1013	203
1014	179
1015	215
1016	208
1017	204
1018	212
1019	217
1020	193
1021	220
1022	208
1023	229
1024	191
1025	187
1026	191
1027	166
1028	177
1029	205
1030	216
1031	230
1032	190
1033	207
1034	202
1035	168
1036	189
1037	200
1038	192
1039	186
1040	182
1041	196
1042	171
1043	186
1044	199
1045	180
1046	192
1047	180
1048	197
1049	211
1050	202
1051	193
1052	198
1053	170
1054	186
1055	206
1056	197
1057	185
1058	200
1059	164
1060	169
1061	210
1062	222
1063	283
1064	292
1065	248
1066	250
1067	220
1068	252
1069	226
1070	264
1071	304
1072	320
1073	257
1074	205
1075	196
1076	172
1077	178
1078	146
1079	170
1080	162
1081	176
1082	186
1083	169
1084	187
1085	163
1086	179
1087	164
1088	161
1089	192
1090	160
1091	202
1092	185
1093	152
1094	184
1095	199
1096	183
1097	182
1098	178
1099	191
1100	155
1101	170
1102	174
1103	168
1104	177
1105	182
1106	173
1107	163
1108	185
1109	184
1110	164
1111	202
1112	182
1113	160
1114	179
1115	161
1116	213
1117	161
1118	189
1119	174
1120	209
1121	221
1122	232
1123	187
1124	180
1125	175
1126	174
1127	178
1128	150
1129	187
1130	179
1131	175
1132	158
1133	185
1134	186
1135	170
1136	171
1137	156
1138	177
1139	174
1140	144
1141	180
1142	177
1143	181
1144	183
1145	188
1146	155
1147	173
1148	168
1149	175
1150	196
1151	187
1152	165
1153	161
1154	167
1155	181
1156	182
1157	208
1158	154
1159	179
1160	180
1161	197
1162	206
1163	193
1164	187
1165	174
1166	175
1167	178
1168	178
1169	183
1170	158
1171	175
1172	174
1173	162
1174	172
1175	172
1176	188
1177	159
1178	175
1179	189
1180	165
1181	172
1182	173
1183	179
1184	175
1185	164
1186	188
1187	152
1188	186
1189	159
1190	171
1191	179
1192	168
1193	188
1194	169
1195	142
1196	168
1197	177
1198	167
1199	181
1200	170
1201	165
1202	168
1203	210
1204	184
1205	190
1206	164
1207	154
1208	165
1209	154
1210	154
1211	151
1212	162
1213	163
1214	180
1215	169
1216	151
1217	147
1218	143
1219	150
1220	156
1221	172
1222	175
1223	155
1224	168
1225	147
1226	141
1227	164
1228	190
1229	175
1230	173
1231	190
1232	179
1233	214
1234	209
1235	188
1236	256
1237	259
1238	322
1239	304
1240	244
1241	208
1242	175
1243	155
1244	160
1245	164
1246	161
1247	170
1248	151
1249	176
1250	183
1251	157
1252	168
1253	145
1254	136
1255	164
1256	161
1257	165
1258	151
1259	160
1260	138
1261	158
1262	156
1263	155
1264	147
1265	168
1266	176
1267	170
1268	156
1269	155
1270	157
1271	158
1272	161
1273	144
1274	161
1275	162
1276	151
1277	173
1278	141
1279	139
1280	157
1281	156
1282	150
1283	158
1284	150
1285	148
1286	171
1287	158
1288	152
1289	157
1290	142
1291	158
1292	143
1293	151
1294	144
1295	139
1296	165
1297	154
1298	183
1299	158
1300	166
1301	169
1302	145
1303	171
1304	123
1305	148
1306	155
1307	154
1308	155
1309	158
1310	153
1311	159
1312	164
1313	139
1314	150
1315	154
1316	152
1317	135
1318	152
1319	146
1320	167
1321	136
1322	156
1323	149
1324	142
1325	148
1326	159
1327	150
1328	151
1329	159
1330	178
1331	138
1332	174
1333	129
1334	159
1335	155
1336	172
1337	145
1338	156
1339	158
1340	140
1341	149
1342	159
1343	169
1344	161
1345	170
1346	167
1347	174
1348	180
1349	165
1350	190
1351	172
1352	155
1353	173
1354	151
1355	158
1356	176
1357	179
1358	172
1359	184
1360	169
1361	171
1362	190
1363	154
1364	158
1365	178
1366	180
1367	204
1368	210
1369	217
1370	194
1371	174
1372	140
1373	149
1374	136
1375	124
1376	171
1377	151
1378	160
1379	154
1380	135
1381	159
1382	155
1383	132
1384	126
1385	176
1386	141
1387	138
1388	142
1389	150
1390	157
1391	136
1392	136
1393	130
1394	128
1395	110
1396	140
1397	144
1398	111
1399	132
1400	131
1401	134
1402	138
1403	121
1404	129
1405	141
1406	153
1407	124
1408	140
1409	157
1410	129
1411	143
1412	124
1413	126
1414	126
1415	119
1416	132
1417	139
1418	126
1419	127
1420	124
1421	133
1422	112
1423	123
1424	96
1425	144
1426	126
1427	117
1428	105
1429	127
1430	117
1431	135
1432	128
1433	108
1434	136
1435	119
1436	144
1437	98
1438	111
1439	136
1440	103
1441	115
1442	121
1443	126
1444	110
1445	128
1446	107
1447	120
1448	112
1449	126
1450	118
1451	110
1452	114
1453	124
1454	105
1455	110
1456	126
1457	102
1458	127
1459	93
1460	115
1461	109
1462	90
1463	134
1464	111
1465	145
1466	141
1467	126
1468	123
1469	135
1470	112
1471	127
1472	131
1473	106
1474	128
1475	110
1476	111
1477	124
1478	118
1479	100
1480	100
1481	124
1482	108
1483	121
1484	109
1485	123
1486	113
1487	110
1488	118
1489	105
1490	98
1491	105
1492	101
1493	122
1494	110
1495	103
1496	104
1497	98
1498	102
1499	101
1500	121
1501	101
1502	91
1503	101
1504	108
1505	112
1506	98
1507	100
1508	97
1509	109
1510	113
1511	96
1512	125
1513	83
1514	110
1515	110
1516	107
1517	99
1518	111
1519	113
1520	105
1521	118
1522	139
1523	135
1524	126
1525	116
1526	101
1527	103
1528	119
1529	89
1530	110
1531	107
1532	118
1533	104
1534	105
1535	128
1536	111
1537	102
1538	109
1539	108
1540	117
1541	85
1542	98
1543	121
1544	95
1545	84
1546	97
1547	98
1548	117
1549	109
1550	85
1551	115
1552	96
1553	85
1554	111
1555	132
1556	144
1557	129
1558	123
1559	99
1560	120
1561	128
1562	108
1563	93
1564	103
1565	115
1566	99
1567	101
1568	89
1569	96
1570	79
1571	89
1572	108
1573	82
1574	104
1575	96
1576	86
1577	116
1578	118
1579	99
1580	102
1581	99
1582	108
1583	94
1584	110
1585	86
1586	108
1587	106
1588	93
1589	101
1590	90
1591	101
1592	106
1593	96
1594	99
1595	112
1596	95
1597	90
1598	85
1599	86
1600	94
1601	108
1602	107
1603	79
1604	92
1605	90
1606	106
1607	115
1608	113
1609	137
1610	213
1611	455
1612	917
1613	1437
1614	1712
1615	1501
1616	1054
1617	546
1618	225
1619	113
1620	87
1621	77
1622	81
1623	84
1624	82
1625	65
1626	99
1627	83
1628	83
1629	87
1630	81
1631	91
1632	93
1633	97
1634	98
1635	99
1636	108
1637	99
1638	89
1639	100
1640	92
1641	78
1642	96
1643	93
1644	81
1645	74
1646	93
1647	81
1648	81
1649	95
1650	80
1651	91
1652	94
1653	72
1654	81
1655	95
1656	108
1657	98
1658	102
1659	94
1660	71
1661	79
1662	66
1663	72
1664	65
1665	83
1666	98
1667	93
1668	104
1669	92
1670	97
1671	67
1672	80
1673	91
1674	82
1675	94
1676	89
1677	76
1678	96
1679	81
1680	91
1681	92
1682	75
1683	95
1684	86
1685	61
1686	78
1687	70
1688	60
1689	73
1690	76
1691	73
1692	78
1693	86
1694	76
1695	89
1696	64
1697	61
1698	65
1699	97
1700	82
1701	76
1702	77
1703	85
1704	72
1705	85
1706	69
1707	82
1708	73
1709	81
1710	83
1711	88
1712	80
1713	69
1714	72
1715	66
1716	65
1717	66
1718	76
1719	62
1720	79
1721	86
1722	97
1723	79
1724	77
1725	77
1726	70
1727	76
1728	73
1729	85
1730	60
1731	72
1732	78
1733	62
1734	55
1735	73
1736	62
1737	73
1738	63
1739	64
1740	68
1741	62
1742	81
1743	60
1744	75
1745	88
1746	73
1747	82
1748	93
1749	74
1750	89
1751	76
1752	88
1753	109
1754	93
1755	106
1756	112
1757	95
1758	94
1759	87
1760	77
1761	90
1762	68
1763	76
1764	74
1765	58
1766	81
1767	74
1768	58
1769	71
1770	68
1771	66
1772	88
1773	66
1774	78
1775	59
1776	74
1777	79
1778	71
1779	64
1780	71
1781	65
1782	76
1783	71
1784	76
1785	84
1786	64
1787	58
1788	64
1789	82
1790	116
1791	76
1792	86
1793	81
1794	74
1795	76
1796	71
1797	78
1798	61
1799	72
1800	75
1801	94
1802	84
1803	87
1804	69
1805	61
1806	83
1807	69
1808	64
1809	59
1810	61
1811	80
1812	77
1813	63
1814	67
1815	71
1816	64
1817	71
1818	74
1819	72
1820	50
1821	68
1822	60
1823	51
1824	59
1825	69
1826	59
1827	50
1828	79
1829	70
1830	67
1831	78
1832	67
1833	77
1834	62
1835	84
1836	69
1837	77
1838	68
1839	79
1840	58
1841	74
1842	65
1843	70
1844	51
1845	74
1846	76
1847	61
1848	70
1849	56
1850	68
1851	63
1852	68
1853	49
1854	73
1855	73
1856	56
1857	59
1858	85
1859	63
1860	58
1861	73
1862	56
1863	84
1864	65
1865	63
1866	61
1867	56
1868	72
1869	64
1870	63
1871	56
1872	74
1873	76
1874	52
1875	64
1876	71
1877	75
1878	78
1879	78
1880	75
1881	61
1882	73
1883	59
1884	67
1885	66
1886	50
1887	68
1888	75
1889	69
1890	51
1891	72
1892	62
1893	68
1894	65
1895	71
1896	62
1897	68
1898	67
1899	85
1900	77
1901	57
1902	74
1903	68
1904	63
1905	64
1906	80
1907	69
1908	84
1909	90
1910	81
1911	109
1912	90
1913	79
1914	79
1915	78
1916	64
1917	72
1918	63
1919	67
1920	72
1921	72
1922	60
1923	65
1924	81
1925	58
1926	50
1927	52
1928	68
1929	70
1930	71
1931	53
1932	61
1933	66
1934	63
1935	67
1936	66
1937	65
1938	65
1939	59
1940	55
1941	74
1942	65
1943	67
1944	75
1945	76
1946	87
1947	121
1948	195
1949	207
1950	201
1951	152
1952	121
1953	78
1954	72
1955	71
1956	58
1957	70
1958	56
1959	59
1960	68
1961	67
1962	74
1963	60
1964	52
1965	64
1966	56
1967	57
1968	57
1969	59
1970	56
1971	58
1972	57
1973	79
1974	71
1975	46
1976	69
1977	67
1978	56
1979	63
1980	65
1981	57
1982	68
1983	63
1984	69
1985	50
1986	74
1987	50
1988	63
1989	65
1990	76
1991	63
1992	54
1993	56
1994	51
1995	55
1996	76
1997	62
1998	63
1999	55
2000	67
2001	67
2002	58
2003	73
2004	75
2005	62
2006	64
2007	88
2008	62
2009	63
2010	54
2011	69
2012	46
2013	64
2014	65
2015	53
2016	43
2017	63
2018	48
2019	59
2020	72
2021	48
2022	56
2023	62
2024	58
2025	58
2026	73
2027	65
2028	60
2029	68
2030	49
2031	60
2032	51
2033	60
2034	83
2035	51
2036	74
2037	68
2038	57
2039	70
2040	83
2041	76
2042	90
2043	84
2044	67
2045	68
2046	66
2047	48
2048	57
2049	55
2050	61
2051	59
2052	69
2053	70
2054	67
2055	59
2056	76
2057	70
2058	58
2059	58
2060	56
2061	55
2062	54
2063	47
2064	71
2065	62
2066	64
2067	44
2068	55
2069	55
2070	59
2071	57
2072	51
2073	60
2074	64
2075	54
2076	71
2077	66
2078	74
2079	61
2080	68
2081	55
2082	51
2083	53
2084	54
2085	54
2086	59
2087	69
2088	66
2089	56
2090	58
2091	60
2092	57
2093	59
2094	76
2095	63
2096	67
2097	66
2098	52
2099	55
2100	62
2101	48
2102	58
2103	63
2104	41
2105	57
2106	58
2107	57
2108	61
2109	57
2110	74
2111	59
2112	49
2113	57
2114	63
2115	56
2116	65
2117	59
2118	64
2119	59
2120	59
2121	61
2122	53
2123	71
2124	58
2125	52
2126	55
2127	69
2128	55
2129	54
2130	50
2131	71
2132	53
2133	64
2134	72
2135	48
2136	60
2137	71
2138	55
2139	62
2140	46
2141	47
2142	55
2143	51
2144	59
2145	55
2146	54
2147	55
2148	60
2149	68
2150	42
2151	65
2152	59
2153	52
2154	51
2155	44
2156	74
2157	58
2158	54
2159	69
2160	61
2161	68
2162	69
2163	63
2164	51
2165	76
2166	56
2167	61
2168	66
2169	63
2170	48
2171	63
2172	63
2173	54
2174	54
2175	62
2176	54
2177	42
2178	51
2179	46
2180	53
2181	52
2182	37
2183	56
2184	48
2185	58
2186	61
2187	57
2188	51
2189	49
2190	50
2191	57
2192	57
2193	50
2194	44
2195	65
2196	45
2197	47
2198	48
2199	54
2200	58
2201	53
2202	51
2203	60
2204	40
2205	53
2206	63
2207	54
2208	74
2209	48
2210	73
2211	49
2212	43
2213	54
2214	71
2215	68
2216	50
2217	65
2218	69
2219	59
2220	60
2221	61
2222	55
2223	41
2224	54
2225	56
2226	37
2227	51
2228	64
2229	60
2230	52
2231	55
2232	55
2233	52
2234	49
2235	48
2236	55
2237	58
2238	64
2239	56
2240	63
2241	59
2242	57
2243	60
2244	50
2245	54
2246	52
2247	46
2248	49
2249	64
2250	68
2251	51
2252	58
2253	61
2254	49
2255	51
2256	56
2257	55
2258	52
2259	53
2260	49
2261	60
2262	53
2263	53
2264	43
2265	53
2266	62
2267	47
2268	51
2269	59
2270	49
2271	41
2272	52
2273	49
2274	49
2275	46
2276	54
2277	45
2278	43
2279	52
2280	69
2281	53
2282	47
2283	54
2284	71
2285	72
2286	53
2287	65
2288	45
2289	66
2290	45
2291	51
2292	41
2293	49
2294	52
2295	51
2296	45
2297	64
2298	47
2299	48
2300	60
2301	57
2302	32
2303	41
2304	53
2305	60
2306	48
2307	68
2308	55
2309	55
2310	49
2311	53
2312	62
2313	59
2314	52
2315	47
2316	62
2317	53
2318	54
2319	75
2320	67
2321	73
2322	93
2323	87
2324	89
2325	88
2326	71
2327	61
2328	59
2329	68
2330	52
2331	51
2332	47
2333	53
2334	46
2335	57
2336	45
2337	50
2338	68
2339	62
2340	59
2341	55
2342	48
2343	44
2344	48
2345	55
2346	48
2347	53
2348	61
2349	54
2350	47
2351	55
2352	57
2353	60
2354	59
2355	55
2356	62
2357	49
2358	49
2359	50
2360	37
2361	54
2362	56
2363	51
2364	50
2365	44
2366	48
2367	54
2368	59
2369	58
2370	47
2371	50
2372	49
2373	55
2374	64
2375	50
2376	48
2377	51
2378	58
2379	46
2380	50
2381	58
2382	42
2383	46
2384	50
2385	45
2386	52
2387	60
2388	63
2389	46
2390	52
2391	57
2392	52
2393	48
2394	59
2395	50
2396	48
2397	64
2398	50
2399	46
2400	54
2401	52
2402	57
2403	47
2404	52
2405	58
2406	41
2407	46
2408	59
2409	60
2410	51
2411	56
2412	50
2413	53
2414	47
2415	63
2416	58
2417	56
2418	37
2419	40
2420	49
2421	47
2422	68
2423	55
2424	53
2425	53
2426	46
2427	50
2428	48
2429	52
2430	65
2431	69
2432	68
2433	104
2434	92
2435	100
2436	99
2437	83
2438	66
2439	68
2440	66
2441	81
2442	51
2443	61
2444	52
2445	67
2446	59
2447	67
2448	42
2449	53
2450	54
2451	60
2452	51
2453	58
2454	48
2455	49
2456	68
2457	57
2458	50
2459	37
2460	52
2461	37
2462	45
2463	58
2464	57
2465	49
2466	60
2467	46
2468	39
2469	46
2470	43
2471	55
2472	42
2473	54
2474	43
2475	49
2476	44
2477	64
2478	49
2479	44
2480	36
2481	56
2482	44
2483	49
2484	56
2485	59
2486	36
2487	52
2488	50
2489	59
2490	45
2491	50
2492	61
2493	38
2494	61
2495	49
2496	58
2497	43
2498	33
2499	53
2500	43
2501	49
2502	38
2503	52
2504	46
2505	57
2506	57
2507	49
2508	47
2509	50
2510	63
2511	34
2512	48
2513	42
2514	42
2515	40
2516	47
2517	48
2518	68
2519	41
2520	49
2521	53
2522	49
2523	48
2524	63
2525	49
2526	46
2527	47
2528	49
2529	44
2530	44
2531	48
2532	65
2533	49
2534	52
2535	52
2536	57
2537	48
2538	51
2539	45
2540	52
2541	44
2542	41
2543	43
2544	46
2545	41
2546	43
2547	47
2548	48
2549	44
2550	62
2551	39
2552	45
2553	51
2554	45
2555	60
2556	50
2557	57
2558	47
2559	37
2560	54
2561	52
2562	48
2563	46
2564	50
2565	49
2566	49
2567	39
2568	58
2569	49
2570	55
2571	61
2572	50
2573	50
2574	53
2575	66
2576	52
2577	56
2578	43
2579	49
2580	45
2581	50
2582	54
2583	73
2584	47
2585	56
2586	52
2587	39
2588	51
2589	44
2590	64
2591	63
2592	60
2593	57
2594	47
2595	36
2596	54
2597	52
2598	52
2599	51
2600	36
2601	49
2602	34
2603	56
2604	57
2605	40
2606	55
2607	46
2608	40
2609	44
2610	47
2611	39
2612	60
2613	50
2614	41
2615	42
2616	46
2617	42
2618	41
2619	55
2620	40
2621	52
2622	54
2623	59
2624	58
2625	57
2626	50
2627	55
2628	49
2629	56
2630	54
2631	45
2632	46
2633	53
2634	40
2635	46
2636	47
2637	44
2638	52
2639	50
2640	42
2641	37
2642	50
2643	53
2644	54
2645	57
2646	48
2647	50
2648	42
2649	50
2650	43
2651	39
2652	45
2653	55
2654	62
2655	41
2656	53
2657	46
2658	45
2659	52
2660	42
2661	47
2662	48
2663	44
2664	37
2665	47
2666	53
2667	47
2668	52
2669	40
2670	28
2671	45
2672	56
2673	34
2674	47
2675	48
2676	50
2677	43
2678	47
2679	56
2680	47
2681	47
2682	40
2683	54
2684	42
2685	35
2686	47
2687	51
2688	54
2689	40
2690	46
2691	40
2692	50
2693	31
2694	40
2695	51
2696	45
2697	55
2698	40
2699	48
2700	48
2701	57
2702	51
2703	69
2704	68
2705	49
2706	46
2707	50
2708	42
2709	48
2710	47
2711	45
2712	38
2713	40
2714	45
2715	40
2716	40
2717	39
2718	41
2719	53
2720	38
2721	36
2722	47
2723	38
2724	41
2725	32
2726	43
2727	53
2728	41
2729	40
2730	29
2731	38
2732	35
2733	37
2734	43
2735	34
2736	47
2737	44
2738	32
2739	39
2740	47
2741	39
2742	33
2743	37
2744	51
2745	42
2746	45
2747	33
2748	37
2749	32
2750	49
2751	48
2752	45
2753	45
2754	45
2755	43
2756	37
2757	39
2758	35
2759	40
2760	40
2761	36
2762	45
2763	52
2764	33
2765	30
2766	37
2767	39
2768	36
2769	41
2770	37
2771	40
2772	35
2773	21
2774	36
2775	48
2776	31
2777	49
2778	36
2779	43
2780	35
2781	32
2782	40
2783	39
2784	28
2785	53
2786	50
2787	41
2788	41
2789	37
2790	47
2791	40
2792	40
2793	50
2794	39
2795	43
2796	40
2797	48
2798	31
2799	38
2800	44
2801	39
2802	47
2803	33
2804	47
2805	46
2806	46
2807	55
2808	39
2809	40
2810	38
2811	45
2812	40
2813	47
2814	34
2815	29
2816	32
2817	46
2818	35
2819	35
2820	35
2821	45
2822	43
2823	47
2824	34
2825	42
2826	25
2827	33
2828	37
2829	44
2830	42
2831	43
2832	33
2833	52
2834	33
2835	30
2836	39
2837	40
2838	46
2839	39
2840	31
2841	41
2842	46
2843	41
2844	45
2845	32
2846	42
2847	50
2848	38
2849	48
2850	31
2851	36
2852	41
2853	31
2854	31
2855	44
2856	49
2857	32
2858	33
2859	40
2860	40
2861	36
2862	40
2863	33
2864	34
2865	43
2866	41
2867	38
2868	39
2869	38
2870	36
2871	34
2872	33
2873	52
2874	45
2875	41
2876	40
2877	45
2878	41
2879	35
2880	40
2881	39
2882	44
2883	76
2884	128
2885	244
2886	320
2887	373
2888	435
2889	417
2890	279
2891	182
2892	107
2893	68
2894	37
2895	41
2896	36
2897	25
2898	33
2899	41
2900	33
2901	42
2902	35
2903	37
2904	25
2905	49
2906	32
2907	27
2908	39
2909	38
2910	31
2911	37
2912	47
2913	27
2914	31
2915	47
2916	37
2917	34
2918	43
2919	35
2920	25
2921	42
2922	30
2923	34
2924	43
2925	26
2926	36
2927	32
2928	37
2929	36
2930	52
2931	29
2932	38
2933	36
2934	42
2935	24
2936	40
2937	26
2938	31
2939	31
2940	38
2941	34
2942	34
2943	32
2944	45
2945	31
2946	30
2947	40
2948	33
2949	36
2950	29
2951	35
2952	31
2953	42
2954	36
2955	36
2956	41
2957	42
2958	24
2959	49
2960	29
2961	45
2962	36
2963	31
2964	32
2965	39
2966	34
2967	25
2968	41
2969	40
2970	26
2971	24
2972	26
2973	31
2974	34
2975	35
2976	29
2977	38
2978	41
2979	40
2980	35
2981	37
2982	26
2983	37
2984	34
2985	34
2986	31
2987	23
2988	37
2989	42
2990	35
2991	40
2992	29
2993	31
2994	31
2995	28
2996	32
2997	38
2998	38
2999	50
3000	30
3001	30
3002	26
3003	23
3004	27
3005	38
3006	38
3007	32
3008	33
3009	40
3010	29
3011	41
3012	38
3013	24
3014	30
3015	50
3016	40
3017	35
3018	39
3019	38
3020	36
3021	27
3022	34
3023	43
3024	35
3025	31
3026	35
3027	43
3028	26
3029	36
3030	43
3031	32
3032	27
3033	37
3034	16
3035	31
3036	30
3037	35
3038	33
3039	38
3040	42
3041	39
3042	27
3043	36
3044	25
3045	37
3046	37
3047	28
3048	37
3049	35
3050	36
3051	40
3052	39
3053	46
3054	42
3055	24
3056	46
3057	27
3058	28
3059	39
3060	27
3061	33
3062	31
3063	36
3064	47
3065	35
3066	37
3067	28
3068	29
3069	34
3070	33
3071	28
3072	36
3073	20
3074	42
3075	32
3076	31
3077	45
3078	39
3079	31
3080	34
3081	47
3082	24
3083	33
3084	38
3085	45
3086	22
3087	33
3088	41
3089	37
3090	36
3091	25
3092	42
3093	27
3094	35
3095	29
3096	27
3097	40
3098	37
3099	35
3100	36
3101	27
3102	42
3103	30
3104	40
3105	32
3106	25
3107	29
3108	38
3109	49
3110	30
3111	42
3112	30
3113	35
3114	37
3115	31
3116	30
3117	33
3118	35
3119	29
3120	41
3121	31
3122	35
3123	36
3124	32
3125	39
3126	31
3127	34
3128	26
3129	24
3130	31
3131	36
3132	30
3133	38
3134	41
3135	33
3136	34
3137	30
3138	48
3139	34
3140	20
3141	36
3142	40
3143	31
3144	35
3145	27
3146	35
3147	35
3148	37
3149	44
3150	43
3151	31
3152	33
3153	29
3154	39
3155	36
3156	39
3157	31
3158	33
3159	27
3160	27
3161	27
3162	31
3163	37
3164	44
3165	32
3166	36
3167	31
3168	36
3169	41
3170	37
3171	35
3172	35
3173	32
3174	29
3175	30
3176	47
3177	48
3178	36
3179	48
3180	44
3181	36
3182	37
3183	21
3184	27
3185	30
3186	27
3187	35
3188	34
3189	28
3190	28
3191	23
3192	29
3193	23
3194	29
3195	31
3196	38
3197	41
3198	38
3199	36
3200	38
3201	17
3202	31
3203	27
3204	29
3205	18
3206	27
3207	46
3208	29
3209	37
3210	28
3211	26
3212	27
3213	24
3214	28
3215	37
3216	26
3217	28
3218	37
3219	29
3220	28
3221	37
3222	29
3223	37
3224	36
3225	25
3226	25
3227	33
3228	32
3229	30
3230	41
3231	24
3232	15
3233	35
3234	27
3235	26
3236	29
3237	32
3238	28
3239	29
3240	42
3241	27
3242	34
3243	34
3244	39
3245	30
3246	28
3247	36
3248	47
3249	36
3250	39
3251	34
3252	36
3253	34
3254	28
3255	32
3256	24
3257	37
3258	30
3259	27
3260	34
3261	36
3262	36
3263	33
3264	26
3265	32
3266	29
3267	41
3268	25
3269	26
3270	22
3271	38
3272	33
3273	28
3274	36
3275	46
3276	35
3277	37
3278	27
3279	32
3280	32
3281	32
3282	44
3283	32
3284	25
3285	34
3286	27
3287	32
3288	44
3289	38
3290	40
3291	41
3292	27
3293	40
3294	35
3295	28
3296	31
3297	22
3298	29
3299	44
3300	30
3301	24
3302	35
3303	24
3304	53
3305	42
3306	31
3307	32
3308	51
3309	31
3310	30
3311	33
3312	36
3313	26
3314	37
3315	36
3316	30
3317	42
3318	38
3319	41
3320	25
3321	38
3322	31
3323	34
3324	37
3325	21
3326	25
3327	36
3328	33
3329	32
3330	28
3331	33
3332	30
3333	38
3334	24
3335	39
3336	37
3337	36
3338	39
3339	39
3340	38
3341	37
3342	33
3343	35
3344	34
3345	43
3346	33
3347	32
3348	26
3349	30
3350	33
3351	24
3352	28
3353	28
3354	30
3355	37
3356	37
3357	33
3358	37
3359	30
3360	25
3361	36
3362	28
3363	33
3364	33
3365	31
3366	27
3367	29
3368	24
3369	36
3370	23
3371	34
3372	30
3373	26
3374	37
3375	33
3376	29
3377	22
3378	36
3379	23
3380	35
3381	28
3382	26
3383	37
3384	36
3385	32
3386	36
3387	31
3388	28
3389	25
3390	36
3391	36
3392	38
3393	29
3394	31
3395	36
3396	40
3397	36
3398	31
3399	28
3400	38
3401	29
3402	36
3403	22
3404	30
3405	26
3406	35
3407	31
3408	31
3409	20
3410	44
3411	28
3412	30
3413	24
3414	28
3415	41
3416	29
3417	43
3418	28
3419	31
3420	30
3421	32
3422	33
3423	31
3424	28
3425	30
3426	23
3427	26
3428	32
3429	40
3430	33
3431	34
3432	39
3433	38
3434	42
3435	36
3436	30
3437	22
3438	29
3439	24
3440	38
3441	29
3442	31
3443	32
3444	24
3445	21
3446	31
3447	30
3448	37
3449	27
3450	36
3451	33
3452	31
3453	27
3454	37
3455	33
3456	37
3457	30
3458	28
3459	37
3460	26
3461	30
3462	28
3463	32
3464	37
3465	37
3466	37
3467	38
3468	37
3469	42
3470	25
3471	30
3472	34
3473	37
3474	39
3475	37
3476	29
3477	39
3478	27
3479	40
3480	36
3481	43
3482	33
3483	29
3484	23
3485	29
3486	41
3487	34
3488	29
3489	42
3490	26
3491	34
3492	44
3493	26
3494	29
3495	31
3496	34
3497	42
3498	28
3499	37
3500	28
3501	35
3502	28
3503	29
3504	38
3505	28
3506	35
3507	35
3508	36
3509	37
3510	28
3511	39
3512	35
3513	26
3514	31
3515	30
3516	34
3517	39
3518	37
3519	31
3520	38
3521	26
3522	21
3523	25
3524	32
3525	32
3526	28
3527	26
3528	26
3529	31
3530	37
3531	42
3532	28
3533	41
3534	16
3535	40
3536	39
3537	23
3538	33
3539	39
3540	39
3541	30
3542	26
3543	23
3544	27
3545	28
3546	28
3547	32
3548	32
3549	29
3550	43
3551	27
3552	30
3553	33
3554	30
3555	32
3556	35
3557	30
3558	33
3559	42
3560	27
3561	33
3562	38
3563	30
3564	26
3565	21
3566	36
3567	40
3568	37
3569	33
3570	32
3571	29
3572	34
3573	32
3574	36
3575	24
3576	35
3577	48
3578	31
3579	26
3580	27
3581	35
3582	39
3583	30
3584	25
3585	34
3586	30
3587	29
3588	30
3589	30
3590	32
3591	35
3592	36
3593	28
3594	30
3595	39
3596	26
3597	37
3598	37
3599	23
3600	27
3601	24
3602	36
3603	33
3604	37
3605	40
3606	27
3607	38
3608	36
3609	29
3610	32
3611	33
3612	31
3613	40
3614	34
3615	30
3616	33
3617	26
3618	18
3619	35
3620	15
3621	37
3622	33
3623	28
3624	36
3625	29
3626	31
3627	38
3628	32
3629	38
3630	30
3631	32
3632	31
3633	29
3634	33
3635	33
3636	22
3637	28
3638	25
3639	25
3640	28
3641	25
3642	29
3643	29
3644	46
3645	30
3646	28
3647	28
3648	44
3649	43
3650	20
3651	24
3652	35
3653	27
3654	33
3655	23
3656	27
3657	34
3658	36
3659	32
3660	24
3661	30
3662	33
3663	34
3664	30
3665	34
3666	29
3667	38
3668	40
3669	30
3670	34
3671	28
3672	32
3673	24
3674	22
3675	37
3676	41
3677	26
3678	26
3679	26
3680	36
3681	33
3682	30
3683	33
3684	40
3685	42
3686	32
3687	34
3688	31
3689	31
3690	32
3691	40
3692	30
3693	35
3694	38
3695	39
3696	32
3697	34
3698	44
3699	35
3700	26
3701	36
3702	45
3703	32
3704	40
3705	39
3706	32
3707	29
3708	40
3709	45
3710	35
3711	37
3712	30
3713	44
3714	39
3715	35
3716	39
3717	30
3718	36
3719	48
3720	37
3721	50
3722	42
3723	36
3724	41
3725	37
3726	44
3727	41
3728	41
3729	32
3730	41
3731	43
3732	34
3733	49
3734	39
3735	49
3736	40
3737	47
3738	53
3739	46
3740	38
3741	41
3742	48
3743	43
3744	35
3745	44
3746	49
3747	51
3748	52
3749	51
3750	41
3751	44
3752	45
3753	54
3754	43
3755	42
3756	47
3757	44
3758	46
3759	48
3760	39
3761	54
3762	44
3763	38
3764	49
3765	45
3766	49
3767	41
3768	49
3769	43
3770	51
3771	38
3772	53
3773	46
3774	54
3775	44
3776	40
3777	62
3778	46
3779	58
3780	48
3781	53
3782	55
3783	47
3784	45
3785	45
3786	45
3787	53
3788	63
3789	48
3790	59
3791	44
3792	58
3793	51
3794	50
3795	49
3796	52
3797	50
3798	40
3799	57
3800	53
3801	62
3802	43
3803	58
3804	55
3805	69
3806	49
3807	57
3808	48
3809	45
3810	53
3811	51
3812	49
3813	44
3814	64
3815	38
3816	55
3817	42
3818	46
3819	51
3820	60
3821	32
3822	35
3823	43
3824	40
3825	53
3826	47
3827	51
3828	36
3829	64
3830	47
3831	53
3832	41
3833	50
3834	42
3835	62
3836	51
3837	46
3838	43
3839	49
3840	42
3841	46
3842	57
3843	52
3844	39
3845	39
3846	54
3847	38
3848	47
3849	56
3850	56
3851	59
3852	50
3853	41
3854	38
3855	51
3856	44
3857	49
3858	51
3859	43
3860	43
3861	48
3862	59
3863	52
3864	49
3865	34
3866	38
3867	33
3868	44
3869	56
3870	53
3871	41
3872	42
3873	45
3874	50
3875	38
3876	39
3877	39
3878	45
3879	34
3880	50
3881	44
3882	47
3883	58
3884	33
3885	35
3886	35
3887	49
3888	38
3889	43
3890	43
3891	41
3892	40
3893	36
3894	50
3895	51
3896	46
3897	34
3898	37
3899	38
3900	46
3901	51
3902	46
3903	50
3904	38
3905	52
3906	41
3907	32
3908	46
3909	48
3910	54
3911	44
3912	52
3913	46
3914	53
3915	47
3916	36
3917	33
3918	35
3919	49
3920	44
3921	38
3922	40
3923	45
3924	31
3925	43
3926	46
3927	49
3928	36
3929	34
3930	47
3931	37
3932	45
3933	47
3934	38
3935	37
3936	48
3937	49
3938	46
3939	42
3940	54
3941	42
3942	35
3943	26
3944	39
3945	45
3946	47
3947	51
3948	53
3949	36
3950	54
3951	55
3952	41
3953	45
3954	41
3955	41
3956	41
3957	43
3958	42
3959	42
3960	39
3961	37
3962	38
3963	48
3964	50
3965	52
3966	48
3967	46
3968	53
3969	52
3970	48
3971	37
3972	44
3973	45
3974	49
3975	43
3976	34
3977	37
3978	42
3979	43
3980	46
3981	40
3982	41
3983	55
3984	47
3985	50
3986	51
3987	51
3988	48
3989	51
3990	51
3991	37
3992	39
3993	47
3994	40
3995	40
3996	39
3997	49
3998	54
3999	52
4000	47
4001	51
4002	57
4003	44
4004	37
4005	40
4006	46
4007	34
4008	45
4009	50
4010	40
4011	44
4012	46
4013	56
4014	46
4015	56
4016	42
4017	54
4018	42
4019	43
4020	34
4021	47
4022	48
4023	49
4024	52
4025	37
4026	49
4027	53
4028	45
4029	43
4030	49
4031	45
4032	46
4033	46
4034	68
4035	48
4036	43
4037	46
4038	49
4039	45
4040	42
4041	50
4042	43
4043	49
4044	50
4045	54
4046	51
4047	43
4048	46
4049	44
4050	45
4051	55
4052	49
4053	47
4054	49
4055	46
4056	46
4057	46
4058	33
4059	40
4060	29
4061	44
4062	44
4063	47
4064	45
4065	50
4066	39
4067	49
4068	42
4069	59
4070	35
4071	52
4072	51
4073	59
4074	46
4075	47
4076	60
4077	46
4078	52
4079	50
4080	46
4081	44
4082	46
4083	45
4084	34
4085	59
4086	55
4087	45
4088	38
4089	53
4090	53
4091	52
4092	58
4093	46
4094	56
4095	57
4096	53
4097	56
4098	50
4099	48
4100	47
4101	42
4102	43
4103	49
4104	49
4105	42
4106	39
4107	40
4108	47
4109	46
4110	57
4111	55
4112	43
4113	37
4114	43
4115	40
4116	47
4117	46
4118	48
4119	45
4120	48
4121	46
4122	49
4123	43
4124	48
4125	55
4126	42
4127	47
4128	45
4129	44
4130	49
4131	50
4132	46
4133	39
4134	47
4135	37
4136	48
4137	35
4138	62
4139	45
4140	47
4141	53
4142	45
4143	27
4144	53
4145	49
4146	51
4147	51
4148	42
4149	39
4150	57
4151	49
4152	42
4153	45
4154	37
4155	59
4156	56
4157	43
4158	52
4159	56
4160	39
4161	48
4162	42
4163	43
4164	40
4165	35
4166	45
4167	46
4168	48
4169	43
4170	45
4171	55
4172	49
4173	41
4174	43
4175	47
4176	48
4177	43
4178	39
4179	40
4180	51
4181	44
4182	50
4183	40
4184	56
4185	37
4186	36
4187	41
4188	43
4189	40
4190	50
4191	53
4192	55
4193	41
4194	45
4195	44
4196	44
4197	32
4198	55
4199	45
4200	29
4201	44
4202	52
4203	51
4204	48
4205	37
4206	59
4207	38
4208	38
4209	36
4210	53
4211	40
4212	38
4213	42
4214	32
4215	42
4216	46
4217	46
4218	46
4219	35
4220	38
4221	43
4222	48
4223	38
4224	51
4225	42
4226	43
4227	49
4228	45
4229	29
4230	36
4231	44
4232	39
4233	33
4234	46
4235	48
4236	30
4237	37
4238	49
4239	45
4240	42
4241	46
4242	46
4243	38
4244	50
4245	40
4246	46
4247	38
4248	47
4249	38
4250	49
4251	32
4252	44
4253	42
4254	30
4255	35
4256	50
4257	52
4258	55
4259	42
4260	43
4261	48
4262	53
4263	46
4264	43
4265	38
4266	51
4267	47
4268	45
4269	63
4270	59
4271	59
4272	61
4273	53
4274	56
4275	55
4276	72
4277	47
4278	55
4279	51
4280	57
4281	54
4282	45
4283	63
4284	66
4285	75
4286	54
4287	65
4288	67
4289	67
4290	75
4291	70
4292	59
4293	74
4294	70
4295	69
4296	71
4297	73
4298	75
4299	94
4300	70
4301	77
4302	79
4303	88
4304	83
4305	91
4306	78
4307	77
4308	90
4309	78
4310	96
4311	90
4312	84
4313	91
4314	72
4315	90
4316	90
4317	95
4318	83
4319	89
4320	79
4321	104
4322	75
4323	96
4324	75
4325	92
4326	76
4327	93
4328	80
4329	85
4330	84
4331	89
4332	77
4333	88
4334	93
4335	82
4336	97
4337	86
4338	85
4339	104
4340	81
4341	86
4342	74
4343	96
4344	88
4345	84
4346	99
4347	101
4348	102
4349	75
4350	92
4351	66
4352	86
4353	71
4354	96
4355	82
4356	95
4357	85
4358	90
4359	100
4360	81
4361	109
4362	87
4363	71
4364	81
4365	65
4366	71
4367	82
4368	99
4369	94
4370	64
4371	71
4372	90
4373	91
4374	79
4375	73
4376	79
4377	82
4378	82
4379	76
4380	73
4381	70
4382	67
4383	77
4384	67
4385	80
4386	69
4387	69
4388	75
4389	79
4390	66
4391	63
4392	80
4393	66
4394	70
4395	70
4396	69
4397	79
4398	65
4399	58
4400	71
4401	65
4402	58
4403	61
4404	61
4405	63
4406	57
4407	68
4408	44
4409	79
4410	69
4411	67
4412	57
4413	68
4414	63
4415	65
4416	65
4417	63
4418	62
4419	54
4420	59
4421	49
4422	59
4423	54
4424	63
4425	54
4426	57
4427	44
4428	53
4429	53
4430	55
4431	53
4432	48
4433	65
4434	53
4435	63
4436	44
4437	52
4438	50
4439	37
4440	55
4441	54
4442	57
4443	63
4444	61
4445	55
4446	55
4447	49
4448	46
4449	46
4450	52
4451	43
4452	54
4453	63
4454	50
4455	43
4456	52
4457	60
4458	58
4459	41
4460	40
4461	40
4462	39
4463	45
4464	53
4465	46
4466	44
4467	52
4468	52
4469	57
4470	52
4471	62
4472	61
4473	48
4474	42
4475	55
4476	48
4477	59
4478	60
4479	37
4480	53
4481	44
4482	52
4483	50
4484	57
4485	58
4486	53
4487	67
4488	45
4489	49
4490	50
4491	51
4492	58
4493	58
4494	63
4495	46
4496	51
4497	56
4498	50
4499	54
4500	52
4501	48
4502	65
4503	55
4504	43
4505	47
4506	57
4507	57
4508	42
4509	56
4510	52
4511	59
4512	60
4513	48
4514	54
4515	47
4516	62
4517	38
4518	64
4519	46
4520	59
4521	53
4522	51
4523	54
4524	46
4525	60
4526	50
4527	50
4528	52
4529	46
4530	52
4531	63
4532	60
4533	58
4534	51
4535	50
4536	54
4537	65
4538	47
4539	61
4540	50
4541	56
4542	56
4543	43
4544	76
4545	65
4546	61
4547	59
4548	61
4549	63
4550	68
4551	56
4552	54
4553	55
4554	64
4555	58
4556	59
4557	58
4558	47
4559	66
4560	72
4561	56
4562	68
4563	47
4564	48
4565	57
4566	41
4567	57
4568	50
4569	73
4570	51
4571	52
4572	72
4573	46
4574	49
4575	42
4576	48
4577	43
4578	53
4579	63
4580	51
4581	58
4582	58
4583	59
4584	60
4585	58
4586	68
4587	52
4588	64
4589	57
4590	64
4591	57
4592	56
4593	53
4594	70
4595	54
4596	58
4597	58
4598	53
4599	58
4600	60
4601	58
4602	59
4603	49
4604	64
4605	63
4606	62
4607	54
4608	65
4609	52
4610	52
4611	44
4612	41
4613	62
4614	52
4615	61
4616	56
4617	50
4618	40
4619	52
4620	48
4621	43
4622	60
4623	62
4624	49
4625	53
4626	60
4627	55
4628	55
4629	76
4630	42
4631	64
4632	77
4633	58
4634	42
4635	53
4636	64
4637	68
4638	49
4639	53
4640	56
4641	58
4642	56
4643	59
4644	40
4645	50
4646	51
4647	55
4648	48
4649	65
4650	56
4651	52
4652	49
4653	48
4654	46
4655	63
4656	54
4657	68
4658	57
4659	55
4660	43
4661	54
4662	57
4663	46
4664	62
4665	39
4666	55
4667	60
4668	56
4669	55
4670	60
4671	58
4672	57
4673	42
4674	38
4675	55
4676	43
4677	50
4678	58
4679	48
4680	40
4681	46
4682	42
4683	47
4684	55
4685	51
4686	44
4687	48
4688	43
4689	42
4690	45
4691	41
4692	45
4693	47
4694	47
4695	43
4696	28
4697	57
4698	44
4699	50
4700	44
4701	40
4702	36
4703	48
4704	49
4705	54
4706	29
4707	46
4708	45
4709	48
4710	37
4711	34
4712	38
4713	42
4714	40
4715	40
4716	32
4717	26
4718	36
4719	38
4720	34
4721	31
4722	36
4723	42
4724	41
4725	40
4726	37
4727	41
4728	36
4729	28
4730	47
4731	37
4732	34
4733	42
4734	34
4735	41
4736	19
4737	28
4738	26
4739	43
4740	22
4741	34
4742	39
4743	31
4744	37
4745	31
4746	28
4747	30
4748	37
4749	21
4750	33
4751	39
4752	28
4753	21
4754	37
4755	29
4756	29
4757	24
4758	24
4759	32
4760	23
4761	39
4762	26
4763	24
4764	28
4765	28
4766	41
4767	24
4768	17
4769	27
4770	22
4771	30
4772	26
4773	26
4774	26
4775	27
4776	27
4777	22
4778	20
4779	23
4780	24
4781	25
4782	16
4783	26
4784	22
4785	24
4786	27
4787	20
4788	21
4789	17
4790	15
4791	26
4792	27
4793	22
4794	27
4795	23
4796	28
4797	22
4798	15
4799	29
4800	24
4801	27
4802	20
4803	33
4804	15
4805	27
4806	33
4807	22
4808	21
4809	18
4810	25
4811	34
4812	31
4813	38
4814	31
4815	30
4816	40
4817	28
4818	30
4819	34
4820	25
4821	33
4822	29
4823	38
4824	46
4825	34
4826	38
4827	51
4828	30
4829	31
4830	40
4831	34
4832	31
4833	32
4834	41
4835	49
4836	59
4837	52
4838	52
4839	55
4840	59
4841	53
4842	61
4843	69
4844	70
4845	69
4846	67
4847	56
4848	60
4849	59
4850	75
4851	69
4852	78
4853	64
4854	75
4855	84
4856	72
4857	84
4858	80
4859	83
4860	84
4861	84
4862	83
4863	86
4864	96
4865	81
4866	121
4867	101
4868	120
4869	98
4870	103
4871	90
4872	117
4873	127
4874	113
4875	122
4876	116
4877	123
4878	113
4879	107
4880	136
4881	108
4882	120
4883	118
4884	123
4885	121
4886	115
4887	130
4888	105
4889	134
4890	102
4891	118
4892	115
4893	114
4894	92
4895	137
4896	123
4897	132
4898	106
4899	104
4900	131
4901	106
4902	113
4903	130
4904	120
4905	112
4906	100
4907	107
4908	131
4909	136
4910	141
4911	95
4912	108
4913	122
4914	117
4915	101
4916	111
4917	91
4918	109
4919	114
4920	114
4921	109
4922	112
4923	107
4924	132
4925	107
4926	96
4927	101
4928	104
4929	118
4930	100
4931	116
4932	105
4933	74
4934	103
4935	89
4936	104
4937	90
4938	84
4939	74
4940	104
4941	88
4942	84
4943	100
4944	64
4945	84
4946	77
4947	67
4948	78
4949	68
4950	74
4951	65
4952	67
4953	99
4954	74
4955	61
4956	72
4957	59
4958	56
4959	58
4960	48
4961	61
4962	69
4963	65
4964	46
4965	49
4966	53
4967	58
4968	46
4969	42
4970	43
4971	41
4972	45
4973	44
4974	28
4975	46
4976	31
4977	33
4978	29
4979	25
4980	33
4981	29
4982	33
4983	30
4984	28
4985	46
4986	34
4987	26
4988	23
4989	27
4990	29
4991	17
4992	26
4993	22
4994	17
4995	26
4996	17
4997	27
4998	19
4999	10
5000	24
5001	18
5002	12
5003	16
5004	17
5005	11
5006	15
5007	15
5008	7
5009	14
5010	11
5011	12
5012	9
5013	12
5014	14
5015	10
5016	16
5017	7
5018	12
5019	7
5020	14
5021	9
5022	10
5023	12
5024	9
5025	11
5026	10
5027	15
5028	12
5029	4
5030	6
5031	19
5032	8
5033	7
5034	15
5035	6
5036	12
5037	11
5038	11
5039	13
5040	8
5041	9
5042	9
5043	12
5044	8
5045	13
5046	15
5047	10
5048	11
5049	9
5050	10
5051	10
5052	7
5053	12
5054	20
5055	12
5056	8
5057	6
5058	10
5059	8
5060	8
5061	14
5062	9
5063	12
5064	8
5065	11
5066	16
5067	5
5068	15
5069	12
5070	12
5071	6
5072	12
5073	7
5074	7
5075	10
5076	11
5077	8
5078	13
5079	12
5080	17
5081	4
5082	11
5083	6
5084	12
5085	11
5086	8
5087	5
5088	9
5089	14
5090	7
5091	6
5092	15
5093	10
5094	17
5095	11
5096	7
5097	13
5098	7
5099	13
5100	9
5101	13
5102	8
5103	7
5104	8
5105	4
5106	3
5107	4
5108	11
5109	9
5110	10
5111	12
5112	8
5113	10
5114	7
5115	9
5116	16
5117	10
5118	10
5119	13
5120	10
5121	14
5122	12
5123	7
5124	9
5125	12
5126	7
5127	4
5128	17
5129	13
5130	13
5131	8
5132	8
5133	9
5134	16
5135	7
5136	10
5137	9
5138	6
5139	4
5140	8
5141	7
5142	8
5143	10
5144	10
5145	15
5146	11
5147	12
5148	16
5149	7
5150	12
5151	12
5152	4
5153	6
5154	6
5155	12
5156	11
5157	8
5158	16
5159	8
5160	14
5161	9
5162	6
5163	4
5164	9
5165	11
5166	3
5167	7
5168	15
5169	8
5170	8
5171	8
5172	12
5173	11
5174	12
5175	14
5176	6
5177	10
5178	8
5179	7
5180	9
5181	6
5182	8
5183	10
5184	17
5185	14
5186	12
5187	11
5188	11
5189	8
5190	10
5191	14
5192	3
5193	8
5194	9
5195	11
5196	11
5197	8
5198	8
5199	14
5200	7
5201	15
5202	7
5203	15
5204	11
5205	10
5206	9
5207	9
5208	12
5209	7
5210	13
5211	13
5212	14
5213	11
5214	11
5215	17
5216	13
5217	7
5218	13
5219	8
5220	10
5221	13
5222	5
5223	10
5224	9
5225	8
5226	9
5227	5
5228	10
5229	6
5230	7
5231	10
5232	6
5233	10
5234	9
5235	11
5236	10
5237	14
5238	6
5239	10
5240	10
5241	10
5242	8
5243	13
5244	6
5245	6
5246	11
5247	15
5248	9
5249	8
5250	8
5251	7
5252	10
5253	7
5254	13
5255	15
5256	12
5257	6
5258	3
5259	12
5260	14
5261	15
5262	8
5263	7
5264	10
5265	6
5266	9
5267	5
5268	7
5269	14
5270	12
5271	9
5272	9
5273	9
5274	5
5275	8
5276	8
5277	6
5278	6
5279	4
5280	8
5281	5
5282	10
5283	12
5284	8
5285	10
5286	7
5287	13
5288	13
5289	13
5290	6
5291	5
5292	6
5293	7
5294	8
5295	6
5296	5
5297	7
5298	12
5299	9
5300	10
5301	5
5302	7
5303	6
5304	13
5305	8
5306	9
5307	12
5308	12
5309	9
5310	13
5311	11
5312	11
5313	13
5314	14
5315	10
5316	13
5317	6
5318	5
5319	9
5320	10
5321	7
5322	8
5323	6
5324	6
5325	7
5326	6
5327	8
5328	10
5329	6
5330	9
5331	17
5332	7
5333	10
5334	12
5335	10
5336	3
5337	11
5338	14
5339	10
5340	14
5341	9
5342	9
5343	9
5344	12
5345	9
5346	6
5347	12
5348	4
5349	6
5350	12
5351	8
5352	8
5353	4
5354	7
5355	6
5356	6
5357	7
5358	9
5359	12
5360	9
5361	9
5362	12
5363	8
5364	11
5365	6
5366	8
5367	5
5368	5
5369	8
5370	7
5371	7
5372	9
5373	8
5374	8
5375	13
5376	5
5377	9
5378	16
5379	10
5380	8
5381	6
5382	7
5383	14
5384	11
5385	11
5386	14
5387	15
5388	10
5389	13
5390	6
5391	6
5392	6
5393	11
5394	7
5395	7
5396	7
5397	3
5398	5
5399	6
5400	7
5401	7
5402	8
5403	8
5404	12
5405	4
5406	12
5407	7
5408	7
5409	13
5410	6
5411	7
5412	8
5413	13
5414	8
5415	11
5416	3
5417	3
5418	11
5419	10
5420	6
5421	4
5422	9
5423	12
5424	8
5425	14
5426	11
5427	14
5428	12
5429	8
5430	16
5431	10
5432	9
5433	8
5434	6
5435	6
5436	8
5437	6
5438	8
5439	7
5440	15
5441	16
5442	7
5443	3
5444	8
5445	6
5446	6
5447	4
5448	11
5449	3
5450	5
5451	9
5452	10
5453	9
5454	4
5455	6
5456	4
5457	7
5458	4
5459	5
5460	9
5461	12
5462	8
5463	9
5464	11
5465	11
5466	6
5467	9
5468	8
5469	8
5470	7
5471	7
5472	8
5473	10
5474	12
5475	7
5476	6
5477	8
5478	5
5479	3
5480	5
5481	9
5482	13
5483	5
5484	6
5485	7
5486	8
5487	8
5488	9
5489	12
5490	9
5491	12
5492	5
5493	7
5494	5
5495	6
5496	6
5497	8
5498	12
5499	7
5500	7
5501	7
5502	5
5503	3
5504	10
5505	7
5506	9
5507	4
5508	4
5509	6
5510	8
5511	11
5512	7
5513	8
5514	6
5515	8
5516	9
5517	7
5518	6
5519	8
5520	5
5521	7
5522	13
5523	6
5524	8
5525	6
5526	12
5527	10
5528	10
5529	3
5530	9
5531	6
5532	7
5533	7
5534	6
5535	5
5536	6
5537	4
5538	10
5539	8
5540	6
5541	7
5542	7
5543	11
5544	13
5545	5
5546	9
5547	4
5548	9
5549	7
5550	4
5551	5
5552	7
5553	8
5554	6
5555	8
5556	8
5557	6
5558	9
5559	7
5560	8
5561	7
5562	7
5563	9
5564	2
5565	10
5566	7
5567	4
5568	9
5569	6
5570	8
5571	5
5572	7
5573	5
5574	6
5575	12
5576	4
5577	5
5578	9
5579	7
5580	9
5581	6
5582	12
5583	9
5584	13
5585	10
5586	8
5587	7
5588	7
5589	13
5590	9
5591	10
5592	11
5593	11
5594	10
5595	13
5596	7
5597	4
5598	10
5599	7
5600	9
5601	9
5602	8
5603	5
5604	5
5605	10
5606	11
5607	8
5608	7
5609	7
5610	8
5611	8
5612	5
5613	5
5614	11
5615	4
5616	9
5617	7
5618	6
5619	2
5620	11
5621	12
5622	9
5623	15
5624	9
5625	5
5626	8
5627	5
5628	5
5629	5
5630	3
5631	8
5632	10
5633	4
5634	10
5635	9
5636	1
5637	5
5638	9
5639	8
5640	5
5641	9
5642	11
5643	9
5644	6
5645	9
5646	6
5647	5
5648	4
5649	10
5650	9
5651	7
5652	5
5653	6
5654	8
5655	6
5656	10
5657	9
5658	8
5659	9
5660	8
5661	6
5662	6
5663	4
5664	7
5665	7
5666	8
5667	5
5668	9
5669	16
5670	7
5671	2
5672	7
5673	6
5674	8
5675	3
5676	6
5677	9
5678	6
5679	10
5680	9
5681	9
5682	4
5683	10
5684	7
5685	9
5686	4
5687	7
5688	8
5689	6
5690	4
5691	7
5692	7
5693	11
5694	6
5695	6
5696	6
5697	5
5698	8
5699	4
5700	7
5701	1
5702	2
5703	4
5704	7
5705	9
5706	5
5707	11
5708	10
5709	4
5710	5
5711	5
5712	6
5713	9
5714	8
5715	5
5716	7
5717	4
5718	5
5719	4
5720	6
5721	8
5722	7
5723	9
5724	7
5725	8
5726	7
5727	14
5728	3
5729	1
5730	6
5731	2
5732	6
5733	8
5734	8
5735	8
5736	5
5737	4
5738	9
5739	5
5740	8
5741	1
5742	3
5743	6
5744	9
5745	2
5746	8
5747	7
5748	10
5749	6
5750	9
5751	10
5752	4
5753	8
5754	3
5755	5
5756	4
5757	9
5758	5
5759	4
5760	6
5761	4
5762	9
5763	8
5764	9
5765	4
5766	5
5767	4
5768	2
5769	3
5770	6
5771	6
5772	8
5773	4
5774	8
5775	6
5776	3
5777	10
5778	5
5779	2
5780	2
5781	5
5782	8
5783	7
5784	6
5785	8
5786	7
5787	6
5788	5
5789	6
5790	5
5791	9
5792	9
5793	7
5794	7
5795	8
5796	8
5797	5
5798	1
5799	8
5800	7
5801	5
5802	9
5803	8
5804	6
5805	7
5806	11
5807	4
5808	1
5809	15
5810	6
5811	6
5812	2
5813	5
5814	9
5815	10
5816	6
5817	7
5818	5
5819	4
5820	4
5821	7
5822	14
5823	8
5824	9
5825	3
5826	4
5827	6
5828	5
5829	8
5830	6
5831	8
5832	6
5833	3
5834	5
5835	3
5836	7
5837	6
5838	4
5839	3
5840	9
5841	4
5842	6
5843	8
5844	8
5845	6
5846	11
5847	4
5848	9
5849	3
5850	4
5851	6
5852	3
5853	6
5854	9
5855	4
5856	8
5857	4
5858	8
5859	9
5860	4
5861	7
5862	10
5863	4
5864	9
5865	5
5866	6
5867	5
5868	5
5869	5
5870	5
5871	5
5872	8
5873	6
5874	8
5875	6
5876	10
5877	2
5878	11
5879	7
5880	11
5881	7
5882	5
5883	9
5884	7
5885	5
5886	6
5887	4
5888	10
5889	8
5890	7
5891	6
5892	5
5893	4
5894	6
5895	7
5896	10
5897	11
5898	6
5899	2
5900	8
5901	2
5902	5
5903	6
5904	5
5905	4
5906	8
5907	9
5908	7
5909	6
5910	7
5911	9
5912	3
5913	9
5914	6
5915	2
5916	7
5917	5
5918	5
5919	7
5920	4
5921	7
5922	4
5923	7
5924	6
5925	3
5926	6
5927	5
5928	1
5929	2
5930	6
5931	7
5932	6
5933	9
5934	2
5935	6
5936	4
5937	7
5938	6
5939	5
5940	3
5941	3
5942	8
5943	4
5944	3
5945	6
5946	4
5947	4
5948	3
5949	4
5950	3
5951	7
5952	8
5953	2
5954	7
5955	2
5956	4
5957	8
5958	2
5959	4
5960	6
5961	5
5962	3
5963	7
5964	1
5965	9
5966	5
5967	6
5968	8
5969	7
5970	4
5971	7
5972	7
5973	2
5974	5
5975	8
5976	5
5977	7
5978	3
5979	5
5980	6
5981	7
5982	6
5983	5
5984	2
5985	8
5986	6
5987	7
5988	11
5989	6
5990	4
5991	5
5992	2
5993	6
5994	6
5995	5
5996	8
5997	5
5998	5
5999	6
6000	8
6001	3
6002	6
6003	4
6004	4
6005	6
6006	5
6007	6
6008	6
6009	2
6010	4
6011	3
6012	6
6013	2
6014	7
6015	4
6016	3
6017	6
6018	6
6019	3
6020	2
6021	7
6022	5
6023	2
6024	4
6025	5
6026	1
6027	2
6028	11
6029	5
6030	9
6031	2
6032	8
6033	6
6034	3
6035	4
6036	4
6037	2
6038	3
6039	5
6040	10
6041	3
6042	3
6043	8
6044	3
6045	7
6046	5
6047	12
6048	6
6049	5
6050	4
6051	3
6052	5
6053	8
6054	8
6055	4
6056	4
6057	3
6058	7
6059	3
6060	4
6061	5
6062	8
6063	4
6064	0
6065	5
6066	5
6067	4
6068	3
6069	7
6070	5
6071	6
6072	1
6073	9
6074	4
6075	4
6076	5
6077	9
6078	8
6079	5
6080	8
6081	3
6082	4
6083	6
6084	5
6085	3
6086	7
6087	6
6088	4
6089	6
6090	7
6091	5
6092	5
6093	7
6094	4
6095	5
6096	7
6097	5
6098	4
6099	4
6100	8
6101	6
6102	3
6103	9
6104	6
6105	3
6106	3
6107	3
6108	6
6109	4
6110	0
6111	8
6112	5
6113	7
6114	7
6115	7
6116	7
6117	5
6118	5
6119	7
6120	4
6121	6
6122	5
6123	9
6124	5
6125	4
6126	8
6127	5
6128	6
6129	2
6130	9
6131	9
6132	3
6133	5
6134	10
6135	5
6136	8
6137	7
6138	3
6139	6
6140	8
6141	2
6142	6
6143	3
6144	8
6145	5
6146	2
6147	9
6148	4
6149	8
6150	3
6151	7
6152	5
6153	3
6154	4
6155	5
6156	4
6157	7
6158	5
6159	5
6160	5
6161	7
6162	3
6163	5
6164	2
6165	5
6166	3
6167	7
6168	3
6169	7
6170	7
6171	2
6172	4
6173	5
6174	2
6175	3
6176	3
6177	3
6178	7
6179	6
6180	3
6181	8
6182	3
6183	8
6184	5
6185	6
6186	6
6187	3
6188	7
6189	5
6190	3
6191	5
6192	6
6193	6
6194	3
6195	2
6196	4
6197	9
6198	3
6199	3
6200	6
6201	2
6202	5
6203	6
6204	6
6205	7
6206	4
6207	5
6208	8
6209	2
6210	7
6211	9
6212	2
6213	7
6214	4
6215	2
6216	6
6217	4
6218	9
6219	6
6220	6
6221	2
6222	5
6223	2
6224	4
6225	6
6226	5
6227	7
6228	5
6229	7
6230	4
6231	7
6232	4
6233	2
6234	5
6235	3
6236	5
6237	4
6238	4
6239	6
6240	2
6241	2
6242	3
6243	8
6244	1
6245	5
6246	7
6247	1
6248	6
6249	6
6250	6
6251	5
6252	5
6253	1
6254	5
6255	2
6256	4
6257	4
6258	7
6259	5
6260	4
6261	5
6262	8
6263	8
6264	4
6265	6
6266	5
6267	6
6268	3
6269	2
6270	2
6271	4
6272	3
6273	5
6274	4
6275	2
6276	6
6277	5
6278	2
6279	6
6280	0
6281	3
6282	2
6283	3
6284	6
6285	3
6286	8
6287	5
6288	7
6289	4
6290	3
6291	5
6292	6
6293	1
6294	1
6295	7
6296	7
6297	3
6298	3
6299	5
6300	7
6301	7
6302	6
6303	6
6304	2
6305	5
6306	7
6307	4
6308	3
6309	6
6310	5
6311	6
6312	6
6313	2
6314	6
6315	3
6316	7
6317	4
6318	3
6319	5
6320	4
6321	5
6322	4
6323	4
6324	6
6325	4
6326	6
6327	2
6328	4
6329	6
6330	2
6331	2
6332	2
6333	5
6334	5
6335	4
6336	2
6337	0
6338	4
6339	4
6340	3
6341	6
6342	2
6343	2
6344	5
6345	5
6346	2
6347	3
6348	2
6349	5
6350	4
6351	2
6352	3
6353	3
6354	1
6355	3
6356	4
6357	5
6358	4
6359	3
6360	4
6361	3
6362	2
6363	5
6364	6
6365	8
6366	1
6367	6
6368	2
6369	3
6370	7
6371	4
6372	3
6373	2
6374	5
6375	4
6376	4
6377	4
6378	7
6379	8
6380	4
6381	6
6382	7
6383	3
6384	6
6385	6
6386	1
6387	6
6388	1
6389	4
6390	4
6391	5
6392	5
6393	4
6394	5
6395	4
6396	4
6397	3
6398	6
6399	7
6400	4
6401	8
6402	6
6403	1
6404	9
6405	3
6406	5
6407	4
6408	4
6409	3
6410	4
6411	4
6412	3
6413	7
6414	3
6415	2
6416	6
6417	5
6418	6
6419	6
6420	2
6421	1
6422	1
6423	2
6424	7
6425	4
6426	4
6427	4
6428	5
6429	2
6430	4
6431	3
6432	3
6433	6
6434	4
6435	3
6436	5
6437	3
6438	7
6439	2
6440	5
6441	5
6442	4
6443	6
6444	6
6445	3
6446	3
6447	3
6448	4
6449	3
6450	6
6451	5
6452	4
6453	2
6454	5
6455	0
6456	6
6457	7
6458	4
6459	4
6460	5
6461	4
6462	5
6463	3
6464	3
6465	6
6466	3
6467	3
6468	5
6469	4
6470	3
6471	5
6472	4
6473	3
6474	3
6475	3
6476	3
6477	3
6478	6
6479	5
6480	1
6481	5
6482	6
6483	3
6484	2
6485	5
6486	6
6487	3
6488	8
6489	6
6490	5
6491	4
6492	5
6493	6
6494	6
6495	2
6496	7
6497	4
6498	6
6499	7
6500	4
6501	3
6502	3
6503	3
6504	6
6505	8
6506	2
6507	4
6508	7
6509	5
6510	2
6511	2
6512	6
6513	4
6514	5
6515	4
6516	3
6517	4
6518	5
6519	4
6520	4
6521	4
6522	2
6523	1
6524	3
6525	2
6526	3
6527	3
6528	3
6529	5
6530	3
6531	3
6532	0
6533	3
6534	3
6535	2
6536	4
6537	4
6538	3
6539	7
6540	2
6541	3
6542	8
6543	2
6544	2
6545	4
6546	5
6547	4
6548	2
6549	1
6550	2
6551	2
6552	2
6553	1
6554	2
6555	4
6556	4
6557	1
6558	6
6559	6
6560	3
6561	1
6562	6
6563	10
6564	5
6565	4
6566	9
6567	4
6568	5
6569	2
6570	4
6571	3
6572	1
6573	1
6574	4
6575	6
6576	4
6577	3
6578	2
6579	3
6580	2
6581	5
6582	5
6583	6
6584	3
6585	1
6586	6
6587	2
6588	3
6589	4
6590	6
6591	7
6592	3
6593	1
6594	6
6595	6
6596	6
6597	3
6598	5
6599	5
6600	3
6601	3
6602	3
6603	8
6604	3
6605	6
6606	2
6607	2
6608	5
6609	3
6610	4
6611	6
6612	6
6613	3
6614	6
6615	6
6616	4
6617	6
6618	5
6619	5
6620	4
6621	4
6622	1
6623	5
6624	1
6625	1
6626	3
6627	1
6628	2
6629	6
6630	2
6631	3
6632	4
6633	2
6634	5
6635	5
6636	2
6637	3
6638	3
6639	3
6640	1
6641	2
6642	3
6643	1
6644	5
6645	4
6646	3
6647	4
6648	2
6649	6
6650	3
6651	2
6652	2
6653	5
6654	7
6655	3
6656	3
6657	2
6658	4
6659	8
6660	2
6661	1
6662	2
6663	3
6664	1
6665	6
6666	3
6667	2
6668	4
6669	3
6670	2
6671	4
6672	3
6673	3
6674	3
6675	5
6676	3
6677	3
6678	3
6679	4
6680	1
6681	4
6682	1
6683	2
6684	3
6685	0
6686	1
6687	5
6688	0
6689	2
6690	3
6691	4
6692	1
6693	4
6694	5
6695	3
6696	3
6697	7
6698	3
6699	2
6700	6
6701	4
6702	3
6703	4
6704	2
6705	2
6706	3
6707	5
6708	2
6709	5
6710	7
6711	1
6712	2
6713	2
6714	4
6715	5
6716	5
6717	5
6718	8
6719	4
6720	4
6721	5
6722	3
6723	5
6724	1
6725	4
6726	2
6727	1
6728	4
6729	6
6730	3
6731	1
6732	2
6733	1
6734	7
6735	4
6736	3
6737	3
6738	5
6739	4
6740	4
6741	2
6742	7
6743	4
6744	2
6745	3
6746	2
6747	5
6748	2
6749	5
6750	2
6751	4
6752	8
6753	4
6754	2
6755	2
6756	8
6757	3
6758	3
6759	4
6760	3
6761	10
6762	4
6763	2
6764	4
6765	1
6766	3
6767	6
6768	6
6769	1
6770	1
6771	3
6772	5
6773	5
6774	5
6775	5
6776	4
6777	6
6778	3
6779	2
6780	3
6781	5
6782	4
6783	1
6784	3
6785	2
6786	2
6787	4
6788	5
6789	1
6790	4
6791	3
6792	3
6793	2
6794	8
6795	3
6796	0
6797	4
6798	3
6799	2
6800	6
6801	2
6802	2
6803	2
6804	2
6805	6
6806	4
6807	3
6808	2
6809	6
6810	4
6811	4
6812	1
6813	2
6814	2
6815	3
6816	1
6817	3
6818	3
6819	7
6820	2
6821	7
6822	5
6823	2
6824	3
6825	3
6826	0
6827	4
6828	5
6829	6
6830	3
6831	6
6832	3
6833	5
6834	2
6835	2
6836	2
6837	2
6838	2
6839	2
6840	5
6841	3
6842	3
6843	4
6844	4
6845	5
6846	2
6847	5
6848	1
6849	8
6850	3
6851	2
6852	1
6853	6
6854	5
6855	2
6856	3
6857	1
6858	4
6859	4
6860	3
6861	3
6862	3
6863	1
6864	5
6865	5
6866	8
6867	3
6868	6
6869	4
6870	1
6871	4
6872	4
6873	3
6874	4
6875	1
6876	3
6877	4
6878	3
6879	2
6880	3
6881	4
6882	3
6883	5
6884	4
6885	7
6886	3
6887	3
6888	3
6889	4
6890	4
6891	6
6892	3
6893	6
6894	3
6895	3
6896	5
6897	3
6898	5
6899	1
6900	6
6901	5
6902	3
6903	1
6904	4
6905	3
6906	5
6907	1
6908	2
6909	5
6910	4
6911	0
6912	6
6913	0
6914	3
6915	3
6916	8
6917	3
6918	4
6919	3
6920	1
6921	7
6922	6
6923	5
6924	3
6925	2
6926	3
6927	4
6928	0
6929	6
6930	4
6931	3
6932	4
6933	2
6934	1
6935	0
6936	2
6937	4
6938	3
6939	4
6940	4
6941	5
6942	3
6943	2
6944	1
6945	2
6946	3
6947	1
6948	4
6949	4
6950	3
6951	4
6952	3
6953	2
6954	5
6955	3
6956	2
6957	1
6958	0
6959	5
6960	5
6961	4
6962	2
6963	0
6964	5
6965	2
6966	3
6967	6
6968	2
6969	0
6970	1
6971	3
6972	7
6973	6
6974	1
6975	2
6976	5
6977	9
6978	2
6979	2
6980	3
6981	2
6982	3
6983	2
6984	6
6985	2
6986	5
6987	3
6988	4
6989	5
6990	3
6991	0
6992	2
6993	3
6994	2
6995	4
6996	2
6997	5
6998	2
6999	1
7000	1
7001	2
7002	3
7003	1
7004	2
7005	3
7006	2
7007	2
7008	4
7009	2
7010	1
7011	2
7012	2
7013	4
7014	3
7015	3
7016	2
7017	1
7018	2
7019	5
7020	2
7021	7
7022	2
7023	3
7024	4
7025	1
7026	1
7027	6
7028	3
7029	3
7030	3
7031	3
7032	5
7033	4
7034	1
7035	0
7036	6
7037	0
7038	4
7039	3
7040	6
7041	5
7042	2
7043	2
7044	6
7045	0
7046	3
7047	2
7048	3
7049	2
7050	5
7051	4
7052	6
7053	3
7054	2
7055	1
7056	5
7057	4
7058	4
7059	1
7060	4
7061	1
7062	1
7063	7
7064	3
7065	4
7066	0
7067	4
7068	5
7069	0
7070	5
7071	4
7072	1
7073	2
7074	5
7075	5
7076	2
7077	1
7078	4
7079	4
7080	2
7081	2
7082	4
7083	1
7084	4
7085	2
7086	0
7087	1
7088	1
7089	5
7090	3
7091	3
7092	3
7093	1
7094	4
7095	2
7096	1
7097	3
7098	4
7099	3
7100	2
7101	5
7102	3
7103	1
7104	7
7105	3
7106	2
7107	2
7108	1
7109	4
7110	5
7111	3
7112	4
7113	2
7114	4
7115	3
7116	6
7117	5
7118	2
7119	4
7120	4
7121	3
7122	6
7123	5
7124	3
7125	2
7126	6
7127	4
7128	5
7129	3
7130	2
7131	4
7132	1
7133	2
7134	1
7135	4
7136	2
7137	4
7138	3
7139	2
7140	1
7141	3
7142	4
7143	3
7144	4
7145	6
7146	3
7147	2
7148	3
7149	1
7150	2
7151	3
7152	5
7153	5
7154	4
7155	3
7156	1
7157	3
7158	2
7159	1
7160	2
7161	2
7162	3
7163	4
7164	2
7165	3
7166	5
7167	0
7168	2
7169	4
7170	3
7171	0
7172	0
7173	0
7174	5
7175	3
7176	4
7177	8
7178	3
7179	2
7180	1
7181	0
7182	1
7183	1
7184	2
7185	3
7186	1
7187	2
7188	5
7189	2
7190	3
7191	2
7192	1
7193	2
7194	4
7195	3
7196	1
7197	7
7198	2
7199	10
7200	0
7201	1
7202	0
7203	3
7204	5
7205	3
7206	2
7207	2
7208	1
7209	1
7210	2
7211	4
7212	4
7213	3
7214	1
7215	2
7216	2
7217	2
7218	5
7219	3
7220	3
7221	3
7222	1
7223	4
7224	3
7225	1
7226	3
7227	3
7228	4
7229	4
7230	1
7231	5
7232	4
7233	2
7234	1
7235	1
7236	2
7237	2
7238	2
7239	4
7240	2
7241	2
7242	4
7243	2
7244	2
7245	2
7246	4
7247	4
7248	0
7249	1
7250	2
7251	3
7252	0
7253	1
7254	3
7255	3
7256	4
7257	0
7258	6
7259	2
7260	3
7261	3
7262	0
7263	1
7264	1
7265	3
7266	1
7267	6
7268	12
7269	4
7270	3
7271	3
7272	4
7273	1
7274	3
7275	2
7276	4
7277	1
7278	5
7279	2
7280	4
7281	3
7282	1
7283	0
7284	1
7285	3
7286	3
7287	3
7288	7
7289	0
7290	2
7291	2
7292	3
7293	2
7294	1
7295	3
7296	1
7297	2
7298	2
7299	4
7300	4
7301	5
7302	3
7303	6
7304	3
7305	0
7306	3
7307	2
7308	3
7309	5
7310	5
7311	1
7312	3
7313	1
7314	5
7315	6
7316	0
7317	3
7318	2
7319	6
7320	1
7321	2
7322	4
7323	1
7324	4
7325	5
7326	2
7327	3
7328	3
7329	2
7330	1
7331	2
7332	2
7333	2
7334	0
7335	4
7336	5
7337	4
7338	3
7339	3
7340	4
7341	4
7342	2
7343	3
7344	6
7345	5
7346	3
7347	3
7348	4
7349	0
7350	4
7351	4
7352	4
7353	1
7354	2
7355	1
7356	5
7357	1
7358	5
7359	0
7360	3
7361	3
7362	2
7363	1
7364	3
7365	1
7366	1
7367	3
7368	6
7369	1
7370	3
7371	0
7372	5
7373	2
7374	1
7375	1
7376	4
7377	2
7378	7
7379	1
7380	3
7381	2
7382	1
7383	1
7384	2
7385	6
7386	3
7387	0
7388	2
7389	2
7390	1
7391	7
7392	7
7393	1
7394	4
7395	2
7396	0
7397	2
7398	1
7399	2
7400	2
7401	3
7402	1
7403	4
7404	1
7405	2
7406	1
7407	6
7408	2
7409	1
7410	1
7411	0
7412	1
7413	4
7414	6
7415	2
7416	2
7417	1
7418	0
7419	1
7420	2
7421	1
7422	2
7423	3
7424	3
7425	3
7426	0
7427	3
7428	3
7429	1
7430	2
7431	2
7432	2
7433	1
7434	2
7435	1
7436	1
7437	3
7438	1
7439	4
7440	2
7441	0
7442	2
7443	3
7444	1
7445	0
7446	2
7447	2
7448	2
7449	1
7450	1
7451	3
7452	1
7453	3
7454	4
7455	7
7456	1
7457	3
7458	1
7459	3
7460	3
7461	5
7462	1
7463	4
7464	3
7465	6
7466	2
7467	2
7468	0
7469	2
7470	3
7471	2
7472	0
7473	0
7474	2
7475	0
7476	1
7477	2
7478	0
7479	1
7480	2
7481	1
7482	3
7483	4
7484	1
7485	1
7486	3
7487	0
7488	1
7489	2
7490	1
7491	5
7492	3
7493	3
7494	3
7495	1
7496	1
7497	0
7498	2
7499	0
7500	1
7501	3
7502	2
7503	1
7504	1
7505	4
7506	1
7507	2
7508	6
7509	5
7510	2
7511	3
7512	2
7513	4
7514	4
7515	0
7516	3
7517	6
7518	2
7519	0
7520	3
7521	4
7522	3
7523	0
7524	1
7525	1
7526	3
7527	2
7528	2
7529	1
7530	3
7531	2
7532	4
7533	1
7534	3
7535	1
7536	3
7537	1
7538	3
7539	2
7540	3
7541	2
7542	2
7543	2
7544	2
7545	3
7546	2
7547	1
7548	2
7549	3
7550	1
7551	0
7552	6
7553	2
7554	0
7555	3
7556	2
7557	2
7558	3
7559	1
7560	2
7561	0
7562	1
7563	5
7564	6
7565	3
7566	0
7567	0
7568	3
7569	3
7570	2
7571	1
7572	1
7573	0
7574	1
7575	1
7576	0
7577	0
7578	1
7579	1
7580	0
7581	1
7582	4
7583	0
7584	3
7585	4
7586	0
7587	3
7588	0
7589	1
7590	1
7591	1
7592	4
7593	1
7594	2
7595	2
7596	6
7597	1
7598	2
7599	2
7600	0
7601	2
7602	2
7603	4
7604	3
7605	3
7606	3
7607	4
7608	0
7609	3
7610	5
7611	2
7612	4
7613	3
7614	2
7615	3
7616	2
7617	1
7618	5
7619	4
7620	1
7621	1
7622	4
7623	1
7624	2
7625	2
7626	3
7627	4
7628	4
7629	3
7630	3
7631	1
7632	2
7633	0
7634	3
7635	6
7636	2
7637	1
7638	3
7639	1
7640	3
7641	1
7642	1
7643	0
7644	1
7645	0
7646	1
7647	2
7648	5
7649	3
7650	5
7651	1
7652	0
7653	1
7654	3
7655	0
7656	2
7657	1
7658	2
7659	3
7660	3
7661	1
7662	0
7663	2
7664	3
7665	0
7666	0
7667	2
7668	1
7669	4
7670	1
7671	1
7672	1
7673	3
7674	1
7675	2
7676	2
7677	1
7678	4
7679	0
7680	2
7681	2
7682	1
7683	5
7684	2
7685	4
7686	3
7687	1
7688	3
7689	2
7690	4
7691	3
7692	3
7693	4
7694	1
7695	5
7696	4
7697	2
7698	0
7699	2
7700	4
7701	4
7702	0
7703	3
7704	3
7705	3
7706	1
7707	2
7708	8
7709	2
7710	3
7711	3
7712	1
7713	2
7714	3
7715	3
7716	1
7717	4
7718	2
7719	0
7720	0
7721	1
7722	5
7723	1
7724	3
7725	3
7726	1
7727	4
7728	1
7729	2
7730	2
7731	0
7732	1
7733	1
7734	1
7735	1
7736	1
7737	0
7738	2
7739	2
7740	2
7741	2
7742	3
7743	2
7744	2
7745	2
7746	6
7747	2
7748	2
7749	1
7750	2
7751	1
7752	2
7753	1
7754	2
7755	0
7756	3
7757	0
7758	0
7759	3
7760	1
7761	3
7762	2
7763	0
7764	1
7765	0
7766	1
7767	1
7768	2
7769	4
7770	1
7771	1
7772	2
7773	2
7774	2
7775	2
7776	2
7777	0
7778	4
7779	2
7780	2
7781	2
7782	1
7783	1
7784	1
7785	0
7786	1
7787	3
7788	1
7789	1
7790	4
7791	1
7792	2
7793	0
7794	2
7795	5
7796	1
7797	5
7798	1
7799	2
7800	3
7801	4
7802	2
7803	0
7804	3
7805	2
7806	2
7807	1
7808	0
7809	2
7810	1
7811	4
7812	2
7813	3
7814	5
7815	3
7816	1
7817	1
7818	3
7819	1
7820	5
7821	3
7822	0
7823	0
7824	2
7825	2
7826	3
7827	2
7828	3
7829	2
7830	3
7831	2
7832	4
7833	2
7834	5
7835	1
7836	0
7837	2
7838	2
7839	5
7840	0
7841	2
7842	0
7843	2
7844	3
7845	0
7846	6
7847	1
7848	1
7849	0
7850	4
7851	2
7852	0
7853	1
7854	1
7855	2
7856	1
7857	0
7858	1
7859	3
7860	1
7861	2
7862	2
7863	0
7864	0
7865	0
7866	3
7867	2
7868	6
7869	1
7870	2
7871	2
7872	8
7873	0
7874	2
7875	3
7876	3
7877	4
7878	2
7879	1
7880	7
7881	2
7882	1
7883	0
7884	3
7885	2
7886	1
7887	1
7888	1
7889	0
7890	2
7891	2
7892	1
7893	2
7894	1
7895	4
7896	3
7897	2
7898	2
7899	2
7900	3
7901	1
7902	1
7903	6
7904	1
7905	3
7906	5
7907	0
7908	1
7909	3
7910	2
7911	2
7912	1
7913	1
7914	2
7915	2
7916	1
7917	1
7918	0
7919	2
7920	1
7921	1
7922	3
7923	2
7924	1
7925	3
7926	2
7927	1
7928	1
7929	4
7930	2
7931	1
7932	2
7933	0
7934	2
7935	0
7936	0
7937	1
7938	3
7939	0
7940	3
7941	1
7942	1
7943	1
7944	2
7945	5
7946	1
7947	0
7948	3
7949	1
7950	3
7951	2
7952	2
7953	2
7954	0
7955	0
7956	3
7957	2
7958	2
7959	1
7960	4
7961	6
7962	1
7963	0
7964	0
7965	1
7966	1
7967	4
7968	2
7969	1
7970	2
7971	2
7972	4
7973	0
7974	0
7975	1
7976	4
7977	3
7978	1
7979	1
7980	1
7981	3
7982	4
7983	3
7984	3
7985	1
7986	2
7987	4
7988	2
7989	2
7990	2
7991	0
7992	2
7993	4
7994	1
7995	2
7996	1
7997	0
7998	1
7999	0
8000	4
8001	0
8002	1
8003	4
8004	3
8005	1
8006	2
8007	2
8008	4
8009	1
8010	6
8011	3
8012	0
8013	0
8014	1
8015	0
8016	1
8017	0
8018	1
8019	1
8020	2
8021	2
8022	1
8023	1
8024	2
8025	1
8026	1
8027	6
8028	1
8029	4
8030	5
8031	1
8032	1
8033	1
8034	3
8035	3
8036	1
8037	2
8038	0
8039	1
8040	1
8041	2
8042	0
8043	2
8044	2
8045	2
8046	3
8047	0
8048	3
8049	1
8050	4
8051	2
8052	2
8053	3
8054	1
8055	2
8056	2
8057	0
8058	2
8059	1
8060	0
8061	4
8062	0
8063	1
8064	0
8065	0
8066	0
8067	0
8068	0
8069	0
8070	0
8071	0
8072	0
8073	0
8074	0
8075	0
8076	0
8077	0
8078	0
8079	0
8080	0
8081	0
8082	0
8083	0
8084	0
8085	0
8086	0
8087	0
8088	0
8089	0
8090	0
8091	0
8092	0
8093	0
8094	0
8095	0
8096	0
8097	0
8098	0
8099	0
8100	0
8101	0
8102	0
8103	0
8104	0
8105	0
8106	0
8107	0
8108	0
8109	0
8110	0
8111	0
8112	0
8113	0
8114	0
8115	0
8116	0
8117	0
8118	0
8119	0
8120	0
8121	0
8122	0
8123	0
8124	0
8125	0
8126	0
8127	0
8128	0
8129	0
8130	0
8131	0
8132	0
8133	0
8134	0
8135	0
8136	0
8137	0
8138	0
8139	0
8140	0
8141	0
8142	0
8143	0
8144	0
8145	0
8146	0
8147	0
8148	0
8149	0
8150	0
8151	0
8152	0
8153	0
8154	0
8155	0
8156	0
8157	0
8158	0
8159	0
8160	0
8161	0
8162	0
8163	0
8164	0
8165	0
8166	0
8167	0
8168	0
8169	0
8170	0
8171	0
8172	0
8173	0
8174	0
8175	0
8176	0
8177	0
8178	0
8179	0
8180	0
8181	0
8182	0
8183	0
8184	0
8185	0
8186	0
8187	0
8188	0
8189	0
8190	0
8191	0
