-2	21594
-1	22080.48
0	0
1	0
2	0
3	0
4	0
5	0
6	0
7	0
8	0
9	0
10	0
11	0
12	0
13	0
14	0
15	0
16	0
17	0
18	0
19	0
20	0
21	0
22	0
23	0
24	0
25	0
26	0
27	0
28	0
29	0
30	0
31	0
32	0
33	0
34	0
35	0
36	0
37	0
38	0
39	0
40	0
41	0
42	0
43	0
44	0
45	0
46	1
47	1
48	7
49	498
50	2522
51	3746
52	4526
53	5676
54	7133
55	8938
56	10588
57	11896
58	13340
59	14627
60	16254
61	18278
62	22303
63	36923
64	91392
65	200696
66	280593
67	231931
68	110372
69	29189
70	4488
71	602
72	317
73	337
74	399
75	478
76	421
77	323
78	293
79	258
80	272
81	235
82	204
83	244
84	238
85	249
86	236
87	246
88	220
89	245
90	249
91	267
92	278
93	240
94	266
95	264
96	271
97	245
98	262
99	256
100	311
101	287
102	263
103	282
104	295
105	319
106	297
107	322
108	519
109	781
110	857
111	785
112	640
113	823
114	1032
115	949
116	612
117	353
118	263
119	249
120	224
121	252
122	236
123	251
124	293
125	291
126	280
127	317
128	322
129	292
130	279
131	265
132	290
133	290
134	300
135	363
136	382
137	512
138	733
139	899
140	760
141	497
142	287
143	282
144	259
145	248
146	281
147	273
148	303
149	244
150	261
151	261
152	282
153	244
154	286
155	323
156	272
157	311
158	243
159	303
160	268
161	359
162	417
163	388
164	363
165	313
166	309
167	314
168	323
169	279
170	297
171	305
172	302
173	275
174	284
175	305
176	308
177	299
178	292
179	288
180	292
181	300
182	282
183	313
184	294
185	313
186	286
187	346
188	348
189	361
190	287
191	303
192	273
193	278
194	274
195	285
196	282
197	273
198	260
199	281
200	282
201	267
202	285
203	288
204	264
205	304
206	281
207	274
208	275
209	309
210	276
211	301
212	259
213	250
214	291
215	299
216	255
217	254
218	287
219	283
220	297
221	268
222	257
223	248
224	244
225	240
226	277
227	250
228	301
229	400
230	552
231	663
232	533
233	374
234	300
235	258
236	247
237	223
238	223
239	205
240	233
241	221
242	229
243	226
244	247
245	244
246	266
247	251
248	213
249	234
250	216
251	209
252	221
253	206
254	223
255	205
256	204
257	231
258	207
259	195
260	197
261	215
262	206
263	221
264	160
265	230
266	200
267	192
268	195
269	203
270	205
271	216
272	186
273	219
274	184
275	179
276	173
277	167
278	179
279	191
280	217
281	203
282	175
283	187
284	191
285	181
286	193
287	185
288	161
289	161
290	158
291	193
292	187
293	186
294	208
295	173
296	201
297	197
298	196
299	175
300	180
301	161
302	181
303	199
304	156
305	160
306	145
307	183
308	169
309	163
310	187
311	164
312	142
313	153
314	158
315	135
316	140
317	162
318	138
319	168
320	146
321	161
322	151
323	167
324	171
325	173
326	156
327	156
328	160
329	160
330	153
331	177
332	176
333	168
334	151
335	148
336	145
337	141
338	148
339	130
340	144
341	157
342	138
343	151
344	202
345	252
346	292
347	275
348	219
349	143
350	148
351	144
352	134
353	152
354	121
355	129
356	177
357	198
358	200
359	186
360	167
361	133
362	146
363	140
364	144
365	136
366	155
367	160
368	201
369	232
370	299
371	344
372	459
373	361
374	208
375	136
376	148
377	122
378	121
379	127
380	114
381	127
382	122
383	107
384	130
385	122
386	116
387	124
388	126
389	125
390	146
391	120
392	114
393	119
394	107
395	125
396	112
397	117
398	111
399	119
400	110
401	111
402	94
403	120
404	127
405	140
406	150
407	163
408	216
409	233
410	193
411	149
412	124
413	107
414	112
415	108
416	157
417	195
418	203
419	141
420	138
421	118
422	100
423	112
424	104
425	132
426	119
427	127
428	121
429	100
430	86
431	86
432	108
433	100
434	94
435	93
436	87
437	73
438	89
439	116
440	81
441	95
442	98
443	97
444	106
445	95
446	85
447	83
448	88
449	106
450	98
451	105
452	86
453	110
454	92
455	91
456	101
457	80
458	90
459	75
460	95
461	90
462	95
463	90
464	98
465	78
466	93
467	86
468	105
469	100
470	77
471	95
472	106
473	93
474	103
475	90
476	89
477	73
478	98
479	85
480	83
481	68
482	71
483	85
484	75
485	88
486	84
487	85
488	77
489	104
490	85
491	84
492	81
493	94
494	94
495	85
496	85
497	83
498	89
499	92
500	79
501	78
502	67
503	75
504	93
505	97
506	77
507	84
508	65
509	72
510	80
511	78
512	83
513	84
514	71
515	74
516	79
517	70
518	91
519	90
520	79
521	102
522	88
523	59
524	84
525	73
526	78
527	91
528	68
529	71
530	69
531	63
532	61
533	81
534	68
535	69
536	55
537	73
538	62
539	71
540	70
541	65
542	78
543	70
544	55
545	91
546	70
547	64
548	55
549	70
550	69
551	59
552	77
553	68
554	77
555	71
556	55
557	59
558	72
559	65
560	79
561	73
562	94
563	150
564	184
565	279
566	323
567	322
568	254
569	187
570	119
571	90
572	82
573	75
574	64
575	57
576	68
577	56
578	54
579	65
580	68
581	61
582	70
583	53
584	52
585	66
586	51
587	68
588	48
589	61
590	55
591	61
592	47
593	59
594	60
595	54
596	49
597	52
598	56
599	63
600	58
601	61
602	62
603	49
604	67
605	62
606	61
607	60
608	48
609	50
610	63
611	50
612	53
613	57
614	54
615	62
616	53
617	53
618	47
619	39
620	37
621	54
622	44
623	58
624	64
625	53
626	57
627	59
628	64
629	58
630	61
631	49
632	56
633	70
634	59
635	58
636	58
637	54
638	73
639	61
640	51
641	57
642	56
643	53
644	69
645	74
646	59
647	68
648	79
649	47
650	65
651	47
652	65
653	64
654	54
655	61
656	46
657	58
658	49
659	56
660	60
661	74
662	66
663	86
664	81
665	93
666	92
667	82
668	63
669	88
670	76
671	75
672	76
673	80
674	100
675	102
676	100
677	74
678	64
679	57
680	55
681	81
682	61
683	60
684	84
685	92
686	80
687	72
688	58
689	64
690	51
691	51
692	65
693	61
694	63
695	51
696	33
697	50
698	44
699	45
700	47
701	61
702	70
703	46
704	54
705	59
706	43
707	55
708	53
709	47
710	56
711	63
712	60
713	46
714	58
715	50
716	54
717	44
718	44
719	44
720	50
721	47
722	68
723	70
724	52
725	56
726	54
727	49
728	41
729	41
730	58
731	70
732	114
733	167
734	207
735	178
736	102
737	68
738	49
739	48
740	64
741	84
742	95
743	87
744	74
745	35
746	49
747	44
748	49
749	57
750	37
751	38
752	22
753	60
754	49
755	52
756	55
757	50
758	52
759	38
760	39
761	53
762	62
763	65
764	38
765	59
766	65
767	62
768	63
769	74
770	63
771	60
772	55
773	44
774	61
775	49
776	55
777	55
778	54
779	61
780	54
781	60
782	57
783	48
784	49
785	56
786	68
787	46
788	47
789	37
790	51
791	37
792	34
793	42
794	32
795	43
796	71
797	58
798	77
799	103
800	142
801	105
802	82
803	48
804	52
805	55
806	46
807	41
808	42
809	37
810	42
811	31
812	45
813	48
814	37
815	48
816	39
817	51
818	48
819	35
820	37
821	51
822	40
823	40
824	36
825	47
826	32
827	36
828	31
829	35
830	41
831	38
832	40
833	40
834	51
835	30
836	34
837	37
838	38
839	45
840	46
841	61
842	32
843	35
844	30
845	37
846	33
847	40
848	38
849	56
850	53
851	57
852	59
853	56
854	61
855	58
856	49
857	46
858	39
859	27
860	27
861	30
862	38
863	37
864	28
865	35
866	28
867	32
868	45
869	36
870	45
871	38
872	33
873	37
874	40
875	30
876	35
877	36
878	36
879	32
880	38
881	36
882	40
883	41
884	30
885	34
886	32
887	25
888	22
889	43
890	47
891	42
892	29
893	36
894	24
895	26
896	37
897	34
898	30
899	40
900	31
901	29
902	36
903	26
904	30
905	36
906	33
907	29
908	30
909	24
910	36
911	34
912	23
913	25
914	37
915	31
916	28
917	33
918	40
919	37
920	28
921	39
922	34
923	40
924	42
925	39
926	27
927	37
928	54
929	36
930	36
931	40
932	33
933	33
934	30
935	48
936	44
937	31
938	37
939	39
940	32
941	29
942	40
943	41
944	34
945	36
946	39
947	34
948	31
949	30
950	29
951	34
952	38
953	32
954	47
955	36
956	40
957	27
958	37
959	30
960	29
961	43
962	38
963	35
964	22
965	27
966	32
967	21
968	28
969	27
970	36
971	32
972	38
973	31
974	21
975	43
976	43
977	35
978	37
979	30
980	30
981	42
982	34
983	34
984	28
985	32
986	23
987	26
988	29
989	36
990	21
991	32
992	39
993	33
994	37
995	48
996	36
997	43
998	42
999	35
1000	41
1001	35
1002	27
1003	33
1004	29
1005	29
1006	30
1007	36
1008	49
1009	59
1010	59
1011	30
1012	30
1013	24
1014	33
1015	35
1016	24
1017	31
1018	30
1019	29
1020	25
1021	29
1022	38
1023	38
1024	26
1025	40
1026	31
1027	33
1028	28
1029	23
1030	32
1031	22
1032	21
1033	31
1034	39
1035	38
1036	30
1037	30
1038	25
1039	25
1040	34
1041	32
1042	37
1043	22
1044	29
1045	28
1046	47
1047	22
1048	32
1049	33
1050	28
1051	27
1052	25
1053	30
1054	24
1055	19
1056	26
1057	26
1058	30
1059	24
1060	26
1061	30
1062	39
1063	53
1064	86
1065	127
1066	122
1067	96
1068	71
1069	41
1070	31
1071	24
1072	45
1073	40
1074	38
1075	34
1076	25
1077	32
1078	14
1079	28
1080	22
1081	26
1082	38
1083	29
1084	38
1085	32
1086	26
1087	27
1088	22
1089	24
1090	26
1091	24
1092	21
1093	21
1094	26
1095	26
1096	27
1097	23
1098	36
1099	21
1100	23
1101	18
1102	18
1103	24
1104	23
1105	11
1106	22
1107	29
1108	25
1109	30
1110	25
1111	24
1112	23
1113	25
1114	22
1115	19
1116	22
1117	32
1118	32
1119	19
1120	33
1121	30
1122	27
1123	32
1124	21
1125	30
1126	25
1127	17
1128	27
1129	26
1130	31
1131	29
1132	16
1133	31
1134	26
1135	20
1136	19
1137	29
1138	25
1139	23
1140	22
1141	21
1142	20
1143	27
1144	26
1145	23
1146	28
1147	24
1148	21
1149	19
1150	21
1151	35
1152	28
1153	29
1154	23
1155	30
1156	30
1157	25
1158	22
1159	21
1160	22
1161	34
1162	33
1163	37
1164	40
1165	30
1166	27
1167	26
1168	28
1169	24
1170	17
1171	24
1172	29
1173	14
1174	23
1175	19
1176	22
1177	30
1178	27
1179	23
1180	20
1181	23
1182	32
1183	27
1184	26
1185	27
1186	26
1187	33
1188	21
1189	25
1190	28
1191	19
1192	26
1193	26
1194	26
1195	32
1196	33
1197	34
1198	21
1199	29
1200	21
1201	23
1202	30
1203	22
1204	29
1205	22
1206	18
1207	24
1208	23
1209	14
1210	21
1211	17
1212	19
1213	22
1214	24
1215	23
1216	23
1217	29
1218	19
1219	17
1220	19
1221	25
1222	24
1223	24
1224	30
1225	23
1226	21
1227	22
1228	24
1229	27
1230	40
1231	25
1232	17
1233	37
1234	48
1235	64
1236	78
1237	65
1238	46
1239	37
1240	39
1241	38
1242	30
1243	25
1244	25
1245	23
1246	25
1247	26
1248	30
1249	24
1250	25
1251	25
1252	26
1253	23
1254	20
1255	18
1256	23
1257	22
1258	26
1259	22
1260	26
1261	17
1262	18
1263	16
1264	26
1265	20
1266	19
1267	19
1268	19
1269	26
1270	26
1271	23
1272	15
1273	22
1274	20
1275	23
1276	19
1277	21
1278	21
1279	25
1280	22
1281	17
1282	19
1283	20
1284	14
1285	18
1286	21
1287	25
1288	29
1289	23
1290	33
1291	28
1292	16
1293	22
1294	23
1295	20
1296	27
1297	27
1298	19
1299	27
1300	22
1301	18
1302	19
1303	24
1304	21
1305	24
1306	16
1307	23
1308	24
1309	15
1310	21
1311	25
1312	13
1313	26
1314	22
1315	15
1316	23
1317	22
1318	14
1319	22
1320	25
1321	14
1322	20
1323	19
1324	20
1325	9
1326	21
1327	21
1328	13
1329	20
1330	17
1331	14
1332	24
1333	26
1334	17
1335	22
1336	25
1337	20
1338	25
1339	22
1340	20
1341	20
1342	16
1343	30
1344	28
1345	22
1346	21
1347	19
1348	22
1349	18
1350	17
1351	16
1352	26
1353	22
1354	33
1355	22
1356	27
1357	21
1358	16
1359	26
1360	16
1361	19
1362	27
1363	27
1364	22
1365	31
1366	15
1367	17
1368	19
1369	24
1370	23
1371	24
1372	24
1373	21
1374	28
1375	20
1376	15
1377	17
1378	19
1379	23
1380	22
1381	19
1382	22
1383	20
1384	15
1385	12
1386	20
1387	18
1388	16
1389	14
1390	18
1391	26
1392	22
1393	18
1394	17
1395	19
1396	20
1397	19
1398	21
1399	9
1400	12
1401	26
1402	20
1403	15
1404	23
1405	26
1406	13
1407	14
1408	23
1409	25
1410	20
1411	20
1412	20
1413	16
1414	19
1415	20
1416	17
1417	19
1418	21
1419	22
1420	12
1421	19
1422	23
1423	17
1424	15
1425	9
1426	12
1427	15
1428	16
1429	20
1430	15
1431	11
1432	19
1433	16
1434	12
1435	9
1436	14
1437	13
1438	15
1439	20
1440	10
1441	24
1442	13
1443	18
1444	19
1445	17
1446	13
1447	16
1448	13
1449	12
1450	11
1451	9
1452	17
1453	22
1454	17
1455	11
1456	21
1457	18
1458	13
1459	21
1460	23
1461	12
1462	11
1463	13
1464	18
1465	10
1466	13
1467	34
1468	46
1469	58
1470	62
1471	46
1472	21
1473	16
1474	25
1475	18
1476	21
1477	12
1478	18
1479	11
1480	19
1481	14
1482	10
1483	16
1484	11
1485	17
1486	13
1487	11
1488	23
1489	16
1490	22
1491	16
1492	15
1493	14
1494	22
1495	13
1496	22
1497	23
1498	27
1499	14
1500	17
1501	15
1502	4
1503	9
1504	9
1505	17
1506	16
1507	6
1508	17
1509	18
1510	14
1511	12
1512	19
1513	15
1514	12
1515	6
1516	14
1517	18
1518	17
1519	12
1520	19
1521	16
1522	16
1523	14
1524	17
1525	16
1526	16
1527	12
1528	16
1529	15
1530	16
1531	23
1532	15
1533	15
1534	12
1535	12
1536	13
1537	15
1538	17
1539	18
1540	17
1541	12
1542	10
1543	6
1544	11
1545	10
1546	18
1547	6
1548	11
1549	22
1550	11
1551	20
1552	5
1553	20
1554	16
1555	6
1556	10
1557	15
1558	21
1559	11
1560	14
1561	16
1562	29
1563	28
1564	30
1565	24
1566	17
1567	20
1568	10
1569	15
1570	8
1571	10
1572	16
1573	12
1574	9
1575	17
1576	15
1577	12
1578	5
1579	8
1580	8
1581	16
1582	17
1583	9
1584	12
1585	17
1586	16
1587	13
1588	14
1589	5
1590	13
1591	13
1592	9
1593	15
1594	8
1595	6
1596	14
1597	16
1598	13
1599	6
1600	8
1601	14
1602	17
1603	11
1604	15
1605	17
1606	4
1607	6
1608	15
1609	11
1610	14
1611	13
1612	16
1613	24
1614	45
1615	117
1616	194
1617	226
1618	232
1619	153
1620	91
1621	42
1622	23
1623	12
1624	4
1625	12
1626	5
1627	14
1628	13
1629	12
1630	13
1631	6
1632	7
1633	11
1634	10
1635	8
1636	16
1637	11
1638	14
1639	30
1640	26
1641	30
1642	13
1643	8
1644	11
1645	12
1646	5
1647	8
1648	13
1649	8
1650	8
1651	10
1652	5
1653	10
1654	9
1655	7
1656	5
1657	16
1658	6
1659	8
1660	9
1661	10
1662	11
1663	13
1664	7
1665	8
1666	10
1667	13
1668	15
1669	11
1670	11
1671	7
1672	13
1673	7
1674	8
1675	10
1676	8
1677	10
1678	6
1679	3
1680	10
1681	6
1682	9
1683	8
1684	15
1685	8
1686	13
1687	8
1688	8
1689	11
1690	4
1691	6
1692	10
1693	7
1694	7
1695	9
1696	11
1697	4
1698	9
1699	11
1700	8
1701	10
1702	5
1703	9
1704	7
1705	7
1706	9
1707	11
1708	9
1709	8
1710	10
1711	15
1712	22
1713	16
1714	10
1715	15
1716	11
1717	12
1718	10
1719	8
1720	4
1721	5
1722	7
1723	13
1724	7
1725	8
1726	8
1727	7
1728	11
1729	8
1730	7
1731	6
1732	5
1733	6
1734	9
1735	9
1736	9
1737	14
1738	5
1739	9
1740	5
1741	18
1742	11
1743	7
1744	5
1745	6
1746	5
1747	10
1748	6
1749	11
1750	9
1751	10
1752	7
1753	11
1754	8
1755	14
1756	11
1757	19
1758	10
1759	13
1760	12
1761	4
1762	9
1763	7
1764	13
1765	11
1766	11
1767	8
1768	4
1769	10
1770	7
1771	8
1772	8
1773	6
1774	5
1775	7
1776	9
1777	6
1778	4
1779	9
1780	10
1781	2
1782	7
1783	6
1784	7
1785	9
1786	9
1787	6
1788	11
1789	4
1790	12
1791	11
1792	12
1793	5
1794	11
1795	9
1796	22
1797	16
1798	15
1799	14
1800	13
1801	15
1802	8
1803	6
1804	5
1805	10
1806	9
1807	3
1808	7
1809	8
1810	5
1811	11
1812	8
1813	11
1814	9
1815	9
1816	12
1817	8
1818	6
1819	9
1820	8
1821	3
1822	3
1823	8
1824	12
1825	7
1826	5
1827	9
1828	8
1829	6
1830	7
1831	12
1832	6
1833	9
1834	11
1835	2
1836	4
1837	3
1838	9
1839	5
1840	7
1841	4
1842	8
1843	12
1844	9
1845	7
1846	2
1847	4
1848	4
1849	10
1850	9
1851	12
1852	6
1853	5
1854	11
1855	6
1856	5
1857	7
1858	14
1859	12
1860	6
1861	5
1862	10
1863	10
1864	4
1865	7
1866	7
1867	8
1868	10
1869	9
1870	10
1871	6
1872	1
1873	8
1874	3
1875	5
1876	7
1877	6
1878	8
1879	5
1880	6
1881	5
1882	8
1883	4
1884	11
1885	4
1886	6
1887	10
1888	4
1889	3
1890	4
1891	5
1892	11
1893	12
1894	9
1895	8
1896	6
1897	5
1898	7
1899	7
1900	8
1901	7
1902	9
1903	3
1904	5
1905	11
1906	6
1907	11
1908	14
1909	11
1910	17
1911	10
1912	12
1913	10
1914	9
1915	10
1916	8
1917	10
1918	11
1919	8
1920	7
1921	9
1922	7
1923	8
1924	5
1925	4
1926	8
1927	11
1928	6
1929	7
1930	3
1931	7
1932	10
1933	9
1934	9
1935	4
1936	7
1937	8
1938	6
1939	8
1940	7
1941	3
1942	10
1943	7
1944	11
1945	8
1946	2
1947	7
1948	10
1949	15
1950	10
1951	12
1952	28
1953	23
1954	29
1955	18
1956	19
1957	15
1958	2
1959	7
1960	8
1961	6
1962	7
1963	9
1964	8
1965	5
1966	6
1967	7
1968	3
1969	4
1970	5
1971	3
1972	9
1973	9
1974	9
1975	13
1976	11
1977	7
1978	4
1979	6
1980	7
1981	8
1982	5
1983	2
1984	8
1985	4
1986	6
1987	6
1988	7
1989	10
1990	8
1991	5
1992	1
1993	6
1994	4
1995	2
1996	3
1997	2
1998	7
1999	7
2000	7
2001	9
2002	9
2003	6
2004	7
2005	7
2006	6
2007	6
2008	3
2009	8
2010	4
2011	10
2012	2
2013	4
2014	5
2015	5
2016	2
2017	3
2018	12
2019	5
2020	6
2021	3
2022	8
2023	5
2024	6
2025	11
2026	11
2027	6
2028	6
2029	10
2030	10
2031	8
2032	12
2033	9
2034	9
2035	4
2036	8
2037	5
2038	5
2039	9
2040	9
2041	5
2042	6
2043	9
2044	6
2045	9
2046	11
2047	9
2048	11
2049	5
2050	5
2051	7
2052	6
2053	8
2054	7
2055	5
2056	4
2057	10
2058	8
2059	15
2060	16
2061	11
2062	14
2063	15
2064	9
2065	12
2066	4
2067	7
2068	7
2069	8
2070	6
2071	1
2072	8
2073	7
2074	8
2075	7
2076	10
2077	4
2078	10
2079	2
2080	9
2081	4
2082	4
2083	4
2084	5
2085	7
2086	4
2087	2
2088	5
2089	5
2090	6
2091	2
2092	8
2093	1
2094	11
2095	6
2096	4
2097	12
2098	10
2099	6
2100	6
2101	8
2102	9
2103	5
2104	14
2105	6
2106	5
2107	6
2108	5
2109	4
2110	6
2111	5
2112	4
2113	6
2114	5
2115	9
2116	8
2117	4
2118	6
2119	7
2120	8
2121	3
2122	5
2123	9
2124	2
2125	5
2126	6
2127	7
2128	3
2129	3
2130	6
2131	6
2132	9
2133	13
2134	6
2135	2
2136	8
2137	6
2138	5
2139	7
2140	7
2141	6
2142	10
2143	13
2144	6
2145	6
2146	7
2147	8
2148	7
2149	3
2150	4
2151	3
2152	4
2153	3
2154	4
2155	7
2156	7
2157	4
2158	3
2159	6
2160	8
2161	5
2162	4
2163	6
2164	7
2165	8
2166	4
2167	8
2168	2
2169	3
2170	7
2171	8
2172	7
2173	5
2174	9
2175	8
2176	10
2177	7
2178	4
2179	6
2180	8
2181	7
2182	10
2183	9
2184	3
2185	6
2186	3
2187	10
2188	9
2189	5
2190	5
2191	7
2192	5
2193	7
2194	9
2195	5
2196	4
2197	7
2198	2
2199	5
2200	6
2201	6
2202	4
2203	10
2204	6
2205	5
2206	5
2207	7
2208	5
2209	5
2210	5
2211	3
2212	5
2213	6
2214	5
2215	8
2216	7
2217	6
2218	8
2219	5
2220	2
2221	5
2222	15
2223	5
2224	3
2225	8
2226	7
2227	9
2228	5
2229	3
2230	7
2231	2
2232	3
2233	6
2234	4
2235	5
2236	5
2237	7
2238	6
2239	7
2240	5
2241	5
2242	7
2243	5
2244	5
2245	8
2246	8
2247	7
2248	3
2249	4
2250	8
2251	8
2252	7
2253	8
2254	9
2255	3
2256	6
2257	6
2258	7
2259	3
2260	9
2261	1
2262	7
2263	3
2264	6
2265	3
2266	8
2267	6
2268	6
2269	3
2270	8
2271	5
2272	6
2273	7
2274	6
2275	6
2276	9
2277	5
2278	3
2279	5
2280	4
2281	7
2282	5
2283	4
2284	9
2285	9
2286	8
2287	3
2288	4
2289	6
2290	6
2291	2
2292	11
2293	9
2294	4
2295	7
2296	2
2297	5
2298	10
2299	6
2300	4
2301	4
2302	6
2303	4
2304	6
2305	3
2306	9
2307	3
2308	6
2309	7
2310	3
2311	8
2312	3
2313	3
2314	9
2315	9
2316	6
2317	10
2318	9
2319	3
2320	11
2321	6
2322	4
2323	4
2324	12
2325	4
2326	9
2327	6
2328	14
2329	9
2330	6
2331	10
2332	5
2333	5
2334	10
2335	8
2336	5
2337	2
2338	5
2339	3
2340	7
2341	3
2342	4
2343	6
2344	5
2345	8
2346	4
2347	8
2348	8
2349	7
2350	3
2351	5
2352	5
2353	5
2354	5
2355	5
2356	6
2357	4
2358	3
2359	3
2360	4
2361	2
2362	5
2363	4
2364	4
2365	5
2366	8
2367	2
2368	7
2369	6
2370	3
2371	9
2372	8
2373	4
2374	4
2375	2
2376	7
2377	4
2378	2
2379	6
2380	6
2381	9
2382	5
2383	3
2384	2
2385	3
2386	3
2387	3
2388	4
2389	3
2390	8
2391	11
2392	7
2393	4
2394	1
2395	4
2396	2
2397	4
2398	4
2399	3
2400	2
2401	5
2402	3
2403	7
2404	2
2405	8
2406	2
2407	5
2408	4
2409	7
2410	7
2411	5
2412	4
2413	11
2414	6
2415	4
2416	10
2417	7
2418	7
2419	10
2420	5
2421	7
2422	3
2423	3
2424	12
2425	2
2426	7
2427	4
2428	7
2429	5
2430	3
2431	8
2432	5
2433	4
2434	10
2435	5
2436	6
2437	8
2438	8
2439	13
2440	9
2441	8
2442	13
2443	6
2444	7
2445	6
2446	5
2447	5
2448	9
2449	6
2450	4
2451	6
2452	7
2453	5
2454	7
2455	2
2456	10
2457	10
2458	5
2459	5
2460	4
2461	9
2462	5
2463	4
2464	4
2465	3
2466	6
2467	6
2468	7
2469	6
2470	3
2471	6
2472	5
2473	8
2474	4
2475	9
2476	5
2477	5
2478	4
2479	1
2480	8
2481	6
2482	5
2483	5
2484	4
2485	3
2486	5
2487	0
2488	5
2489	3
2490	5
2491	4
2492	3
2493	4
2494	2
2495	1
2496	6
2497	6
2498	6
2499	8
2500	2
2501	2
2502	6
2503	7
2504	5
2505	9
2506	9
2507	9
2508	4
2509	5
2510	7
2511	2
2512	2
2513	7
2514	6
2515	5
2516	7
2517	9
2518	4
2519	6
2520	7
2521	2
2522	3
2523	7
2524	6
2525	6
2526	5
2527	3
2528	8
2529	3
2530	4
2531	7
2532	5
2533	4
2534	3
2535	4
2536	8
2537	6
2538	4
2539	7
2540	3
2541	7
2542	7
2543	5
2544	7
2545	3
2546	7
2547	3
2548	7
2549	4
2550	6
2551	4
2552	5
2553	7
2554	5
2555	6
2556	2
2557	7
2558	6
2559	4
2560	5
2561	3
2562	5
2563	3
2564	3
2565	3
2566	10
2567	6
2568	7
2569	7
2570	2
2571	7
2572	5
2573	6
2574	3
2575	4
2576	5
2577	5
2578	7
2579	7
2580	9
2581	3
2582	5
2583	7
2584	5
2585	6
2586	10
2587	4
2588	6
2589	7
2590	5
2591	8
2592	6
2593	6
2594	4
2595	7
2596	5
2597	5
2598	6
2599	8
2600	7
2601	1
2602	9
2603	7
2604	6
2605	7
2606	8
2607	1
2608	3
2609	2
2610	7
2611	5
2612	7
2613	6
2614	3
2615	2
2616	3
2617	5
2618	8
2619	7
2620	2
2621	4
2622	3
2623	2
2624	6
2625	5
2626	8
2627	8
2628	4
2629	5
2630	4
2631	3
2632	9
2633	7
2634	8
2635	7
2636	2
2637	2
2638	2
2639	6
2640	8
2641	3
2642	3
2643	4
2644	6
2645	4
2646	5
2647	5
2648	3
2649	9
2650	3
2651	3
2652	2
2653	5
2654	8
2655	4
2656	5
2657	5
2658	6
2659	4
2660	5
2661	5
2662	5
2663	2
2664	7
2665	2
2666	3
2667	2
2668	4
2669	4
2670	4
2671	3
2672	3
2673	2
2674	3
2675	8
2676	7
2677	1
2678	3
2679	2
2680	9
2681	4
2682	8
2683	3
2684	3
2685	3
2686	9
2687	8
2688	6
2689	5
2690	1
2691	4
2692	4
2693	1
2694	8
2695	1
2696	4
2697	5
2698	4
2699	4
2700	4
2701	4
2702	6
2703	2
2704	3
2705	5
2706	4
2707	10
2708	14
2709	8
2710	7
2711	10
2712	5
2713	8
2714	3
2715	3
2716	2
2717	3
2718	1
2719	5
2720	9
2721	3
2722	2
2723	6
2724	5
2725	3
2726	3
2727	3
2728	9
2729	2
2730	3
2731	3
2732	5
2733	4
2734	6
2735	2
2736	6
2737	3
2738	5
2739	6
2740	3
2741	4
2742	3
2743	5
2744	4
2745	1
2746	1
2747	2
2748	5
2749	0
2750	2
2751	6
2752	1
2753	1
2754	2
2755	4
2756	0
2757	4
2758	2
2759	7
2760	4
2761	7
2762	5
2763	8
2764	5
2765	11
2766	2
2767	5
2768	7
2769	1
2770	2
2771	2
2772	2
2773	2
2774	3
2775	5
2776	8
2777	4
2778	2
2779	5
2780	6
2781	6
2782	3
2783	3
2784	4
2785	6
2786	6
2787	2
2788	4
2789	4
2790	2
2791	2
2792	2
2793	3
2794	5
2795	3
2796	2
2797	6
2798	5
2799	4
2800	2
2801	4
2802	5
2803	1
2804	5
2805	3
2806	6
2807	8
2808	2
2809	7
2810	0
2811	4
2812	5
2813	4
2814	1
2815	3
2816	3
2817	2
2818	5
2819	1
2820	2
2821	5
2822	4
2823	5
2824	3
2825	4
2826	5
2827	3
2828	2
2829	3
2830	2
2831	2
2832	1
2833	6
2834	1
2835	8
2836	1
2837	1
2838	4
2839	2
2840	4
2841	2
2842	3
2843	3
2844	4
2845	4
2846	5
2847	5
2848	3
2849	2
2850	0
2851	7
2852	2
2853	4
2854	6
2855	1
2856	4
2857	3
2858	3
2859	3
2860	3
2861	5
2862	0
2863	0
2864	4
2865	1
2866	2
2867	3
2868	6
2869	5
2870	7
2871	4
2872	3
2873	3
2874	3
2875	5
2876	5
2877	4
2878	2
2879	1
2880	2
2881	5
2882	3
2883	1
2884	1
2885	7
2886	2
2887	3
2888	5
2889	11
2890	19
2891	32
2892	53
2893	71
2894	53
2895	58
2896	46
2897	32
2898	7
2899	7
2900	1
2901	1
2902	4
2903	2
2904	6
2905	2
2906	1
2907	1
2908	3
2909	4
2910	5
2911	8
2912	2
2913	2
2914	1
2915	3
2916	1
2917	1
2918	3
2919	1
2920	1
2921	3
2922	2
2923	3
2924	4
2925	2
2926	6
2927	1
2928	3
2929	0
2930	0
2931	2
2932	1
2933	3
2934	2
2935	4
2936	5
2937	2
2938	2
2939	3
2940	4
2941	3
2942	1
2943	1
2944	4
2945	1
2946	1
2947	0
2948	3
2949	5
2950	7
2951	4
2952	6
2953	1
2954	4
2955	2
2956	2
2957	2
2958	7
2959	5
2960	4
2961	3
2962	1
2963	1
2964	1
2965	3
2966	1
2967	1
2968	4
2969	1
2970	3
2971	2
2972	2
2973	0
2974	3
2975	3
2976	2
2977	0
2978	4
2979	5
2980	5
2981	3
2982	5
2983	4
2984	4
2985	2
2986	1
2987	4
2988	3
2989	2
2990	3
2991	5
2992	2
2993	1
2994	4
2995	1
2996	1
2997	2
2998	3
2999	3
3000	3
3001	2
3002	4
3003	3
3004	1
3005	4
3006	1
3007	5
3008	6
3009	3
3010	4
3011	3
3012	4
3013	0
3014	2
3015	3
3016	1
3017	4
3018	4
3019	3
3020	2
3021	4
3022	2
3023	1
3024	8
3025	3
3026	4
3027	4
3028	3
3029	3
3030	3
3031	3
3032	3
3033	4
3034	0
3035	0
3036	3
3037	2
3038	3
3039	2
3040	4
3041	3
3042	7
3043	1
3044	3
3045	3
3046	3
3047	2
3048	6
3049	4
3050	2
3051	3
3052	3
3053	3
3054	8
3055	3
3056	3
3057	1
3058	4
3059	5
3060	1
3061	3
3062	4
3063	4
3064	0
3065	5
3066	2
3067	4
3068	4
3069	4
3070	3
3071	3
3072	3
3073	1
3074	2
3075	5
3076	2
3077	1
3078	3
3079	3
3080	2
3081	3
3082	2
3083	5
3084	1
3085	3
3086	5
3087	3
3088	1
3089	2
3090	2
3091	2
3092	2
3093	2
3094	3
3095	3
3096	2
3097	4
3098	7
3099	1
3100	4
3101	1
3102	3
3103	4
3104	3
3105	2
3106	5
3107	3
3108	2
3109	5
3110	5
3111	4
3112	2
3113	3
3114	1
3115	1
3116	1
3117	4
3118	4
3119	3
3120	3
3121	3
3122	2
3123	4
3124	1
3125	2
3126	5
3127	2
3128	1
3129	1
3130	1
3131	4
3132	7
3133	1
3134	2
3135	3
3136	1
3137	2
3138	0
3139	2
3140	7
3141	1
3142	2
3143	1
3144	1
3145	3
3146	3
3147	2
3148	5
3149	3
3150	2
3151	3
3152	0
3153	1
3154	4
3155	7
3156	2
3157	3
3158	0
3159	1
3160	3
3161	3
3162	0
3163	1
3164	5
3165	7
3166	4
3167	5
3168	0
3169	1
3170	6
3171	1
3172	2
3173	1
3174	6
3175	7
3176	2
3177	1
3178	2
3179	1
3180	2
3181	6
3182	2
3183	5
3184	0
3185	1
3186	4
3187	3
3188	3
3189	4
3190	3
3191	4
3192	5
3193	3
3194	2
3195	1
3196	6
3197	2
3198	0
3199	4
3200	2
3201	4
3202	2
3203	4
3204	3
3205	0
3206	4
3207	7
3208	2
3209	1
3210	2
3211	2
3212	1
3213	3
3214	4
3215	3
3216	2
3217	2
3218	4
3219	2
3220	5
3221	0
3222	1
3223	2
3224	3
3225	1
3226	5
3227	2
3228	5
3229	4
3230	1
3231	5
3232	0
3233	1
3234	3
3235	1
3236	6
3237	3
3238	2
3239	1
3240	2
3241	2
3242	2
3243	3
3244	1
3245	4
3246	0
3247	2
3248	4
3249	1
3250	3
3251	1
3252	0
3253	1
3254	3
3255	1
3256	0
3257	5
3258	3
3259	2
3260	3
3261	3
3262	2
3263	0
3264	4
3265	0
3266	4
3267	3
3268	5
3269	2
3270	2
3271	4
3272	1
3273	5
3274	3
3275	2
3276	3
3277	3
3278	3
3279	3
3280	3
3281	2
3282	1
3283	5
3284	3
3285	4
3286	1
3287	1
3288	4
3289	3
3290	0
3291	1
3292	3
3293	1
3294	4
3295	3
3296	2
3297	4
3298	4
3299	5
3300	2
3301	1
3302	4
3303	3
3304	4
3305	0
3306	3
3307	0
3308	4
3309	1
3310	2
3311	2
3312	1
3313	1
3314	2
3315	3
3316	3
3317	2
3318	4
3319	2
3320	3
3321	2
3322	2
3323	3
3324	1
3325	5
3326	3
3327	2
3328	2
3329	3
3330	3
3331	1
3332	2
3333	2
3334	4
3335	0
3336	2
3337	3
3338	1
3339	5
3340	3
3341	2
3342	10
3343	8
3344	4
3345	2
3346	1
3347	3
3348	4
3349	4
3350	4
3351	3
3352	1
3353	4
3354	0
3355	6
3356	5
3357	4
3358	2
3359	1
3360	6
3361	2
3362	3
3363	6
3364	0
3365	4
3366	3
3367	2
3368	4
3369	5
3370	5
3371	5
3372	5
3373	8
3374	1
3375	1
3376	3
3377	3
3378	4
3379	0
3380	4
3381	4
3382	2
3383	2
3384	7
3385	1
3386	4
3387	1
3388	3
3389	3
3390	2
3391	5
3392	0
3393	0
3394	3
3395	3
3396	2
3397	3
3398	4
3399	4
3400	0
3401	3
3402	1
3403	4
3404	3
3405	2
3406	0
3407	3
3408	3
3409	3
3410	3
3411	0
3412	4
3413	3
3414	1
3415	2
3416	1
3417	1
3418	3
3419	3
3420	1
3421	3
3422	3
3423	3
3424	2
3425	1
3426	3
3427	3
3428	0
3429	3
3430	5
3431	4
3432	6
3433	1
3434	0
3435	4
3436	1
3437	5
3438	2
3439	5
3440	2
3441	1
3442	2
3443	3
3444	1
3445	1
3446	1
3447	3
3448	4
3449	5
3450	2
3451	4
3452	3
3453	2
3454	3
3455	4
3456	3
3457	0
3458	1
3459	2
3460	1
3461	2
3462	2
3463	0
3464	1
3465	1
3466	5
3467	0
3468	4
3469	4
3470	3
3471	1
3472	2
3473	1
3474	4
3475	1
3476	2
3477	2
3478	0
3479	1
3480	2
3481	1
3482	2
3483	2
3484	3
3485	3
3486	3
3487	5
3488	3
3489	4
3490	3
3491	2
3492	5
3493	4
3494	4
3495	2
3496	1
3497	5
3498	4
3499	1
3500	3
3501	3
3502	5
3503	2
3504	0
3505	5
3506	2
3507	5
3508	2
3509	3
3510	2
3511	3
3512	4
3513	3
3514	1
3515	3
3516	0
3517	4
3518	0
3519	4
3520	1
3521	3
3522	4
3523	0
3524	5
3525	3
3526	5
3527	1
3528	2
3529	3
3530	2
3531	1
3532	0
3533	3
3534	3
3535	0
3536	1
3537	1
3538	5
3539	3
3540	3
3541	6
3542	3
3543	3
3544	4
3545	2
3546	2
3547	5
3548	2
3549	5
3550	3
3551	2
3552	1
3553	3
3554	2
3555	3
3556	4
3557	1
3558	1
3559	3
3560	0
3561	3
3562	3
3563	2
3564	2
3565	0
3566	1
3567	5
3568	0
3569	2
3570	2
3571	4
3572	4
3573	3
3574	3
3575	3
3576	2
3577	3
3578	2
3579	4
3580	3
3581	2
3582	4
3583	4
3584	6
3585	2
3586	6
3587	6
3588	2
3589	1
3590	3
3591	4
3592	6
3593	3
3594	6
3595	3
3596	7
3597	4
3598	1
3599	3
3600	1
3601	2
3602	3
3603	4
3604	3
3605	2
3606	6
3607	5
3608	1
3609	2
3610	5
3611	2
3612	2
3613	2
3614	3
3615	2
3616	3
3617	1
3618	2
3619	1
3620	1
3621	2
3622	4
3623	1
3624	2
3625	1
3626	2
3627	1
3628	1
3629	4
3630	2
3631	4
3632	2
3633	3
3634	4
3635	1
3636	5
3637	1
3638	1
3639	1
3640	1
3641	2
3642	1
3643	5
3644	1
3645	5
3646	2
3647	1
3648	1
3649	5
3650	1
3651	4
3652	6
3653	2
3654	1
3655	2
3656	1
3657	1
3658	4
3659	4
3660	2
3661	1
3662	2
3663	3
3664	2
3665	5
3666	0
3667	4
3668	3
3669	2
3670	0
3671	5
3672	2
3673	2
3674	3
3675	2
3676	1
3677	2
3678	2
3679	6
3680	1
3681	7
3682	2
3683	1
3684	2
3685	1
3686	2
3687	1
3688	3
3689	0
3690	4
3691	4
3692	4
3693	0
3694	2
3695	3
3696	1
3697	2
3698	2
3699	0
3700	2
3701	2
3702	2
3703	5
3704	1
3705	1
3706	6
3707	4
3708	1
3709	2
3710	2
3711	4
3712	3
3713	1
3714	4
3715	1
3716	5
3717	0
3718	4
3719	2
3720	2
3721	3
3722	2
3723	1
3724	1
3725	7
3726	4
3727	5
3728	5
3729	1
3730	5
3731	2
3732	2
3733	4
3734	4
3735	1
3736	2
3737	1
3738	2
3739	0
3740	3
3741	2
3742	3
3743	4
3744	4
3745	5
3746	4
3747	2
3748	4
3749	4
3750	7
3751	6
3752	2
3753	3
3754	0
3755	4
3756	5
3757	8
3758	3
3759	4
3760	3
3761	5
3762	4
3763	6
3764	4
3765	5
3766	2
3767	6
3768	3
3769	5
3770	3
3771	4
3772	4
3773	4
3774	6
3775	3
3776	5
3777	6
3778	1
3779	1
3780	6
3781	2
3782	6
3783	5
3784	6
3785	4
3786	5
3787	3
3788	3
3789	6
3790	3
3791	6
3792	6
3793	5
3794	3
3795	2
3796	8
3797	2
3798	6
3799	2
3800	7
3801	6
3802	4
3803	4
3804	5
3805	2
3806	6
3807	4
3808	2
3809	4
3810	5
3811	4
3812	1
3813	6
3814	4
3815	2
3816	3
3817	8
3818	7
3819	2
3820	4
3821	3
3822	2
3823	6
3824	5
3825	5
3826	7
3827	3
3828	3
3829	1
3830	1
3831	1
3832	4
3833	1
3834	1
3835	3
3836	7
3837	4
3838	2
3839	4
3840	3
3841	3
3842	7
3843	1
3844	2
3845	7
3846	6
3847	2
3848	3
3849	6
3850	3
3851	5
3852	4
3853	2
3854	2
3855	3
3856	1
3857	5
3858	6
3859	2
3860	2
3861	3
3862	5
3863	3
3864	3
3865	3
3866	2
3867	2
3868	7
3869	5
3870	0
3871	3
3872	5
3873	3
3874	2
3875	1
3876	1
3877	2
3878	5
3879	8
3880	2
3881	3
3882	4
3883	2
3884	2
3885	3
3886	1
3887	2
3888	4
3889	1
3890	4
3891	3
3892	3
3893	3
3894	3
3895	4
3896	2
3897	5
3898	1
3899	3
3900	6
3901	2
3902	5
3903	2
3904	3
3905	2
3906	3
3907	2
3908	1
3909	2
3910	2
3911	3
3912	4
3913	5
3914	4
3915	5
3916	4
3917	2
3918	0
3919	5
3920	2
3921	3
3922	2
3923	4
3924	4
3925	3
3926	2
3927	4
3928	5
3929	2
3930	4
3931	9
3932	9
3933	3
3934	3
3935	8
3936	4
3937	3
3938	4
3939	8
3940	5
3941	4
3942	2
3943	4
3944	2
3945	3
3946	8
3947	2
3948	2
3949	5
3950	4
3951	1
3952	3
3953	2
3954	3
3955	1
3956	3
3957	0
3958	4
3959	4
3960	4
3961	2
3962	6
3963	2
3964	3
3965	3
3966	3
3967	4
3968	2
3969	6
3970	5
3971	4
3972	1
3973	6
3974	5
3975	2
3976	5
3977	1
3978	5
3979	2
3980	3
3981	2
3982	6
3983	4
3984	3
3985	1
3986	2
3987	4
3988	7
3989	7
3990	2
3991	5
3992	2
3993	1
3994	1
3995	4
3996	4
3997	7
3998	4
3999	2
4000	5
4001	2
4002	6
4003	2
4004	4
4005	3
4006	3
4007	7
4008	4
4009	4
4010	4
4011	4
4012	3
4013	2
4014	4
4015	6
4016	1
4017	4
4018	5
4019	6
4020	4
4021	1
4022	7
4023	2
4024	3
4025	2
4026	3
4027	7
4028	5
4029	3
4030	2
4031	1
4032	2
4033	4
4034	5
4035	4
4036	3
4037	7
4038	4
4039	2
4040	6
4041	5
4042	1
4043	1
4044	2
4045	6
4046	4
4047	5
4048	2
4049	7
4050	1
4051	4
4052	4
4053	5
4054	3
4055	1
4056	3
4057	5
4058	2
4059	2
4060	1
4061	3
4062	4
4063	4
4064	3
4065	2
4066	5
4067	1
4068	2
4069	3
4070	6
4071	2
4072	3
4073	2
4074	4
4075	0
4076	5
4077	3
4078	1
4079	4
4080	4
4081	2
4082	2
4083	3
4084	5
4085	4
4086	2
4087	3
4088	5
4089	5
4090	3
4091	7
4092	8
4093	3
4094	1
4095	3
4096	6
4097	4
4098	7
4099	6
4100	3
4101	7
4102	5
4103	4
4104	7
4105	3
4106	2
4107	5
4108	1
4109	4
4110	2
4111	1
4112	2
4113	3
4114	3
4115	6
4116	2
4117	9
4118	3
4119	2
4120	2
4121	4
4122	5
4123	3
4124	4
4125	2
4126	5
4127	5
4128	0
4129	4
4130	7
4131	1
4132	2
4133	3
4134	3
4135	4
4136	3
4137	3
4138	6
4139	4
4140	1
4141	2
4142	4
4143	2
4144	4
4145	4
4146	2
4147	6
4148	4
4149	5
4150	3
4151	2
4152	4
4153	4
4154	5
4155	5
4156	5
4157	3
4158	4
4159	3
4160	4
4161	10
4162	6
4163	2
4164	3
4165	3
4166	4
4167	2
4168	3
4169	4
4170	2
4171	5
4172	4
4173	5
4174	6
4175	4
4176	5
4177	2
4178	3
4179	3
4180	6
4181	3
4182	4
4183	2
4184	4
4185	2
4186	11
4187	4
4188	5
4189	6
4190	2
4191	2
4192	2
4193	5
4194	3
4195	6
4196	2
4197	10
4198	3
4199	2
4200	6
4201	1
4202	1
4203	2
4204	4
4205	4
4206	2
4207	4
4208	8
4209	4
4210	2
4211	2
4212	2
4213	4
4214	1
4215	3
4216	6
4217	2
4218	1
4219	4
4220	2
4221	3
4222	6
4223	3
4224	6
4225	3
4226	4
4227	7
4228	4
4229	3
4230	5
4231	6
4232	3
4233	4
4234	1
4235	1
4236	7
4237	1
4238	5
4239	0
4240	3
4241	1
4242	4
4243	5
4244	3
4245	6
4246	4
4247	4
4248	5
4249	2
4250	2
4251	5
4252	4
4253	2
4254	7
4255	6
4256	4
4257	2
4258	4
4259	3
4260	4
4261	4
4262	4
4263	5
4264	5
4265	6
4266	5
4267	5
4268	1
4269	3
4270	6
4271	2
4272	3
4273	2
4274	1
4275	7
4276	3
4277	7
4278	6
4279	3
4280	4
4281	2
4282	3
4283	7
4284	4
4285	5
4286	5
4287	4
4288	7
4289	4
4290	6
4291	5
4292	7
4293	6
4294	7
4295	7
4296	7
4297	5
4298	4
4299	7
4300	5
4301	3
4302	9
4303	0
4304	7
4305	8
4306	7
4307	4
4308	7
4309	4
4310	10
4311	3
4312	9
4313	5
4314	5
4315	7
4316	8
4317	5
4318	8
4319	8
4320	7
4321	5
4322	7
4323	5
4324	5
4325	5
4326	9
4327	9
4328	4
4329	5
4330	6
4331	8
4332	6
4333	8
4334	7
4335	6
4336	7
4337	3
4338	6
4339	6
4340	13
4341	4
4342	8
4343	11
4344	9
4345	6
4346	3
4347	4
4348	6
4349	6
4350	4
4351	9
4352	5
4353	7
4354	5
4355	8
4356	7
4357	3
4358	10
4359	8
4360	8
4361	8
4362	10
4363	11
4364	5
4365	4
4366	7
4367	6
4368	5
4369	5
4370	8
4371	4
4372	4
4373	5
4374	7
4375	4
4376	6
4377	9
4378	3
4379	7
4380	10
4381	10
4382	2
4383	8
4384	6
4385	4
4386	13
4387	6
4388	8
4389	6
4390	4
4391	6
4392	4
4393	6
4394	4
4395	8
4396	11
4397	9
4398	4
4399	5
4400	3
4401	7
4402	7
4403	7
4404	2
4405	5
4406	5
4407	4
4408	6
4409	1
4410	4
4411	1
4412	7
4413	8
4414	6
4415	5
4416	3
4417	7
4418	4
4419	3
4420	5
4421	6
4422	3
4423	11
4424	3
4425	6
4426	3
4427	2
4428	6
4429	7
4430	5
4431	8
4432	9
4433	3
4434	4
4435	1
4436	1
4437	2
4438	5
4439	3
4440	5
4441	9
4442	4
4443	2
4444	3
4445	5
4446	6
4447	6
4448	2
4449	6
4450	6
4451	1
4452	4
4453	4
4454	2
4455	4
4456	4
4457	3
4458	5
4459	2
4460	4
4461	5
4462	3
4463	8
4464	2
4465	3
4466	7
4467	8
4468	2
4469	7
4470	6
4471	5
4472	7
4473	7
4474	7
4475	0
4476	5
4477	7
4478	5
4479	4
4480	3
4481	8
4482	2
4483	8
4484	1
4485	5
4486	3
4487	2
4488	2
4489	3
4490	8
4491	5
4492	3
4493	6
4494	1
4495	6
4496	1
4497	2
4498	4
4499	5
4500	4
4501	0
4502	3
4503	5
4504	6
4505	6
4506	6
4507	4
4508	8
4509	5
4510	4
4511	2
4512	4
4513	3
4514	7
4515	5
4516	8
4517	5
4518	3
4519	5
4520	4
4521	2
4522	6
4523	5
4524	8
4525	6
4526	5
4527	4
4528	7
4529	7
4530	4
4531	5
4532	8
4533	0
4534	5
4535	2
4536	5
4537	3
4538	6
4539	8
4540	5
4541	5
4542	13
4543	6
4544	8
4545	1
4546	5
4547	4
4548	8
4549	1
4550	7
4551	7
4552	2
4553	5
4554	4
4555	4
4556	3
4557	3
4558	7
4559	3
4560	4
4561	3
4562	4
4563	4
4564	8
4565	6
4566	3
4567	4
4568	5
4569	6
4570	4
4571	5
4572	4
4573	5
4574	4
4575	5
4576	3
4577	2
4578	5
4579	5
4580	6
4581	6
4582	5
4583	6
4584	3
4585	7
4586	3
4587	4
4588	2
4589	3
4590	5
4591	4
4592	8
4593	4
4594	8
4595	4
4596	6
4597	3
4598	2
4599	6
4600	7
4601	3
4602	3
4603	5
4604	5
4605	2
4606	3
4607	2
4608	3
4609	7
4610	3
4611	5
4612	10
4613	2
4614	7
4615	3
4616	3
4617	5
4618	3
4619	10
4620	1
4621	7
4622	9
4623	1
4624	4
4625	4
4626	3
4627	3
4628	4
4629	3
4630	5
4631	5
4632	4
4633	3
4634	4
4635	1
4636	6
4637	2
4638	4
4639	2
4640	3
4641	4
4642	4
4643	2
4644	0
4645	7
4646	3
4647	4
4648	7
4649	3
4650	2
4651	3
4652	2
4653	1
4654	2
4655	1
4656	4
4657	1
4658	4
4659	4
4660	7
4661	4
4662	3
4663	3
4664	3
4665	3
4666	2
4667	5
4668	1
4669	4
4670	1
4671	4
4672	3
4673	4
4674	2
4675	2
4676	1
4677	5
4678	6
4679	3
4680	2
4681	4
4682	2
4683	5
4684	3
4685	2
4686	7
4687	6
4688	5
4689	6
4690	5
4691	5
4692	2
4693	4
4694	7
4695	2
4696	4
4697	4
4698	4
4699	5
4700	0
4701	2
4702	3
4703	6
4704	2
4705	4
4706	3
4707	2
4708	1
4709	5
4710	2
4711	2
4712	5
4713	7
4714	0
4715	2
4716	3
4717	1
4718	3
4719	6
4720	1
4721	4
4722	3
4723	5
4724	3
4725	7
4726	1
4727	3
4728	0
4729	4
4730	3
4731	3
4732	3
4733	3
4734	2
4735	1
4736	5
4737	3
4738	4
4739	2
4740	3
4741	8
4742	0
4743	1
4744	2
4745	3
4746	2
4747	3
4748	4
4749	5
4750	2
4751	1
4752	5
4753	1
4754	1
4755	2
4756	3
4757	3
4758	5
4759	0
4760	5
4761	5
4762	2
4763	4
4764	2
4765	3
4766	0
4767	3
4768	4
4769	2
4770	5
4771	3
4772	1
4773	3
4774	4
4775	3
4776	1
4777	0
4778	3
4779	1
4780	3
4781	1
4782	3
4783	2
4784	2
4785	2
4786	0
4787	2
4788	3
4789	1
4790	0
4791	1
4792	1
4793	1
4794	1
4795	1
4796	1
4797	0
4798	0
4799	1
4800	2
4801	1
4802	1
4803	2
4804	3
4805	1
4806	2
4807	3
4808	3
4809	2
4810	3
4811	1
4812	4
4813	2
4814	1
4815	4
4816	6
4817	1
4818	3
4819	2
4820	3
4821	1
4822	1
4823	4
4824	2
4825	3
4826	5
4827	3
4828	0
4829	5
4830	2
4831	1
4832	3
4833	4
4834	2
4835	3
4836	4
4837	2
4838	3
4839	2
4840	6
4841	1
4842	3
4843	4
4844	7
4845	2
4846	1
4847	6
4848	2
4849	8
4850	5
4851	4
4852	4
4853	3
4854	8
4855	5
4856	5
4857	9
4858	11
4859	5
4860	7
4861	5
4862	8
4863	3
4864	4
4865	2
4866	7
4867	5
4868	4
4869	5
4870	10
4871	8
4872	7
4873	6
4874	11
4875	8
4876	10
4877	9
4878	5
4879	11
4880	9
4881	9
4882	11
4883	12
4884	11
4885	6
4886	7
4887	9
4888	13
4889	9
4890	6
4891	8
4892	8
4893	10
4894	7
4895	8
4896	5
4897	3
4898	13
4899	13
4900	9
4901	11
4902	6
4903	10
4904	13
4905	9
4906	9
4907	5
4908	6
4909	13
4910	4
4911	16
4912	8
4913	8
4914	5
4915	10
4916	9
4917	9
4918	7
4919	10
4920	7
4921	8
4922	8
4923	6
4924	8
4925	9
4926	12
4927	12
4928	13
4929	8
4930	10
4931	16
4932	8
4933	14
4934	9
4935	7
4936	10
4937	7
4938	7
4939	13
4940	9
4941	6
4942	14
4943	9
4944	6
4945	14
4946	8
4947	13
4948	6
4949	4
4950	5
4951	4
4952	6
4953	8
4954	1
4955	4
4956	5
4957	4
4958	6
4959	7
4960	9
4961	3
4962	4
4963	6
4964	1
4965	6
4966	5
4967	2
4968	4
4969	4
4970	3
4971	3
4972	2
4973	6
4974	3
4975	1
4976	5
4977	2
4978	1
4979	2
4980	4
4981	1
4982	1
4983	2
4984	1
4985	2
4986	5
4987	3
4988	5
4989	5
4990	0
4991	2
4992	2
4993	2
4994	4
4995	3
4996	2
4997	1
4998	2
4999	5
5000	0
5001	1
5002	1
5003	0
5004	0
5005	2
5006	1
5007	2
5008	0
5009	1
5010	2
5011	2
5012	1
5013	1
5014	0
5015	2
5016	6
5017	0
5018	2
5019	0
5020	2
5021	1
5022	1
5023	1
5024	1
5025	1
5026	2
5027	1
5028	0
5029	0
5030	0
5031	0
5032	0
5033	1
5034	0
5035	0
5036	0
5037	0
5038	1
5039	1
5040	1
5041	1
5042	0
5043	2
5044	2
5045	1
5046	1
5047	1
5048	0
5049	2
5050	0
5051	0
5052	0
5053	1
5054	0
5055	2
5056	1
5057	1
5058	0
5059	2
5060	2
5061	0
5062	1
5063	0
5064	0
5065	1
5066	2
5067	1
5068	1
5069	0
5070	1
5071	0
5072	1
5073	0
5074	0
5075	1
5076	1
5077	0
5078	0
5079	1
5080	0
5081	0
5082	0
5083	2
5084	1
5085	0
5086	1
5087	1
5088	0
5089	1
5090	1
5091	1
5092	0
5093	0
5094	0
5095	0
5096	0
5097	1
5098	0
5099	1
5100	0
5101	0
5102	0
5103	1
5104	0
5105	0
5106	0
5107	0
5108	1
5109	0
5110	1
5111	0
5112	0
5113	0
5114	0
5115	0
5116	1
5117	2
5118	0
5119	0
5120	0
5121	0
5122	1
5123	0
5124	0
5125	1
5126	0
5127	2
5128	0
5129	0
5130	0
5131	0
5132	2
5133	0
5134	0
5135	0
5136	0
5137	0
5138	1
5139	1
5140	0
5141	0
5142	0
5143	1
5144	0
5145	2
5146	0
5147	2
5148	0
5149	0
5150	2
5151	0
5152	0
5153	0
5154	0
5155	1
5156	1
5157	0
5158	0
5159	0
5160	0
5161	0
5162	0
5163	1
5164	0
5165	1
5166	0
5167	1
5168	0
5169	1
5170	3
5171	0
5172	1
5173	0
5174	0
5175	0
5176	1
5177	0
5178	0
5179	1
5180	0
5181	0
5182	1
5183	1
5184	0
5185	2
5186	0
5187	4
5188	0
5189	0
5190	1
5191	0
5192	2
5193	0
5194	0
5195	0
5196	0
5197	1
5198	1
5199	5
5200	0
5201	0
5202	0
5203	0
5204	0
5205	0
5206	0
5207	1
5208	0
5209	0
5210	1
5211	1
5212	0
5213	0
5214	1
5215	0
5216	1
5217	2
5218	0
5219	1
5220	1
5221	1
5222	0
5223	1
5224	1
5225	0
5226	0
5227	0
5228	2
5229	3
5230	0
5231	1
5232	1
5233	1
5234	0
5235	1
5236	1
5237	2
5238	1
5239	2
5240	0
5241	0
5242	1
5243	0
5244	0
5245	1
5246	0
5247	0
5248	1
5249	1
5250	0
5251	2
5252	0
5253	0
5254	0
5255	2
5256	0
5257	0
5258	1
5259	2
5260	1
5261	1
5262	0
5263	0
5264	1
5265	2
5266	2
5267	0
5268	0
5269	1
5270	0
5271	0
5272	1
5273	0
5274	0
5275	0
5276	1
5277	0
5278	1
5279	0
5280	2
5281	0
5282	0
5283	2
5284	1
5285	1
5286	0
5287	2
5288	0
5289	2
5290	1
5291	0
5292	0
5293	1
5294	1
5295	1
5296	1
5297	0
5298	0
5299	1
5300	0
5301	2
5302	0
5303	0
5304	1
5305	0
5306	0
5307	0
5308	1
5309	0
5310	0
5311	1
5312	0
5313	1
5314	1
5315	0
5316	1
5317	0
5318	1
5319	0
5320	0
5321	1
5322	1
5323	1
5324	1
5325	0
5326	2
5327	2
5328	2
5329	1
5330	3
5331	1
5332	1
5333	1
5334	0
5335	0
5336	0
5337	1
5338	0
5339	1
5340	1
5341	0
5342	0
5343	0
5344	0
5345	2
5346	0
5347	0
5348	0
5349	1
5350	0
5351	0
5352	1
5353	0
5354	1
5355	2
5356	0
5357	1
5358	1
5359	0
5360	0
5361	1
5362	1
5363	2
5364	0
5365	0
5366	1
5367	1
5368	0
5369	0
5370	0
5371	2
5372	0
5373	0
5374	0
5375	0
5376	0
5377	0
5378	0
5379	0
5380	0
5381	0
5382	0
5383	0
5384	0
5385	1
5386	1
5387	0
5388	1
5389	1
5390	1
5391	2
5392	1
5393	0
5394	0
5395	1
5396	0
5397	1
5398	0
5399	0
5400	0
5401	0
5402	1
5403	4
5404	1
5405	0
5406	1
5407	0
5408	2
5409	0
5410	0
5411	0
5412	0
5413	0
5414	1
5415	1
5416	1
5417	0
5418	1
5419	0
5420	1
5421	1
5422	2
5423	1
5424	0
5425	0
5426	0
5427	0
5428	0
5429	1
5430	1
5431	0
5432	0
5433	0
5434	0
5435	0
5436	1
5437	0
5438	0
5439	0
5440	0
5441	0
5442	0
5443	0
5444	0
5445	0
5446	0
5447	0
5448	1
5449	0
5450	1
5451	1
5452	0
5453	2
5454	0
5455	1
5456	0
5457	0
5458	0
5459	0
5460	0
5461	0
5462	1
5463	1
5464	1
5465	0
5466	1
5467	0
5468	1
5469	0
5470	1
5471	0
5472	2
5473	0
5474	0
5475	1
5476	0
5477	0
5478	1
5479	0
5480	0
5481	0
5482	0
5483	1
5484	0
5485	1
5486	0
5487	0
5488	0
5489	0
5490	1
5491	0
5492	1
5493	1
5494	0
5495	0
5496	1
5497	0
5498	1
5499	0
5500	1
5501	0
5502	1
5503	0
5504	0
5505	1
5506	0
5507	1
5508	0
5509	1
5510	1
5511	0
5512	2
5513	0
5514	0
5515	0
5516	1
5517	0
5518	0
5519	0
5520	3
5521	2
5522	1
5523	0
5524	0
5525	0
5526	0
5527	0
5528	0
5529	0
5530	0
5531	0
5532	1
5533	0
5534	0
5535	0
5536	1
5537	0
5538	0
5539	1
5540	1
5541	0
5542	0
5543	1
5544	0
5545	0
5546	0
5547	0
5548	0
5549	2
5550	0
5551	1
5552	1
5553	0
5554	0
5555	0
5556	0
5557	0
5558	0
5559	1
5560	0
5561	1
5562	1
5563	0
5564	0
5565	0
5566	0
5567	1
5568	1
5569	1
5570	0
5571	0
5572	0
5573	0
5574	0
5575	1
5576	0
5577	0
5578	1
5579	0
5580	0
5581	0
5582	1
5583	0
5584	0
5585	0
5586	1
5587	0
5588	0
5589	0
5590	0
5591	0
5592	1
5593	0
5594	0
5595	0
5596	0
5597	0
5598	0
5599	0
5600	0
5601	0
5602	0
5603	1
5604	0
5605	0
5606	0
5607	0
5608	0
5609	0
5610	1
5611	0
5612	2
5613	1
5614	0
5615	2
5616	0
5617	0
5618	1
5619	0
5620	0
5621	0
5622	0
5623	0
5624	0
5625	1
5626	1
5627	0
5628	1
5629	0
5630	0
5631	0
5632	0
5633	0
5634	1
5635	1
5636	0
5637	0
5638	0
5639	1
5640	0
5641	1
5642	0
5643	0
5644	1
5645	0
5646	1
5647	0
5648	0
5649	0
5650	2
5651	0
5652	0
5653	0
5654	0
5655	1
5656	0
5657	1
5658	0
5659	0
5660	0
5661	0
5662	2
5663	0
5664	0
5665	0
5666	0
5667	0
5668	0
5669	0
5670	0
5671	0
5672	0
5673	0
5674	0
5675	0
5676	1
5677	2
5678	2
5679	0
5680	0
5681	2
5682	1
5683	0
5684	0
5685	2
5686	1
5687	1
5688	0
5689	0
5690	0
5691	1
5692	1
5693	0
5694	0
5695	1
5696	0
5697	1
5698	0
5699	1
5700	2
5701	1
5702	0
5703	0
5704	1
5705	0
5706	0
5707	1
5708	0
5709	1
5710	0
5711	0
5712	0
5713	0
5714	0
5715	1
5716	1
5717	1
5718	2
5719	0
5720	2
5721	1
5722	1
5723	1
5724	1
5725	2
5726	3
5727	0
5728	1
5729	1
5730	0
5731	1
5732	1
5733	0
5734	1
5735	1
5736	0
5737	2
5738	0
5739	1
5740	2
5741	0
5742	0
5743	1
5744	0
5745	0
5746	1
5747	0
5748	0
5749	0
5750	1
5751	0
5752	0
5753	1
5754	1
5755	0
5756	3
5757	0
5758	2
5759	1
5760	0
5761	0
5762	1
5763	0
5764	0
5765	0
5766	1
5767	1
5768	0
5769	1
5770	1
5771	0
5772	2
5773	1
5774	0
5775	0
5776	0
5777	1
5778	0
5779	0
5780	1
5781	1
5782	0
5783	0
5784	1
5785	2
5786	2
5787	0
5788	1
5789	1
5790	0
5791	0
5792	0
5793	0
5794	0
5795	1
5796	0
5797	0
5798	2
5799	0
5800	0
5801	0
5802	1
5803	1
5804	0
5805	1
5806	0
5807	0
5808	2
5809	0
5810	0
5811	1
5812	0
5813	0
5814	0
5815	2
5816	0
5817	0
5818	0
5819	0
5820	0
5821	0
5822	0
5823	0
5824	0
5825	1
5826	0
5827	0
5828	0
5829	0
5830	0
5831	1
5832	0
5833	1
5834	1
5835	0
5836	0
5837	1
5838	1
5839	1
5840	0
5841	0
5842	0
5843	2
5844	0
5845	0
5846	0
5847	3
5848	0
5849	1
5850	0
5851	0
5852	2
5853	0
5854	1
5855	1
5856	0
5857	0
5858	0
5859	0
5860	0
5861	0
5862	0
5863	0
5864	1
5865	0
5866	1
5867	2
5868	0
5869	1
5870	0
5871	0
5872	0
5873	2
5874	1
5875	0
5876	1
5877	1
5878	0
5879	1
5880	0
5881	0
5882	0
5883	1
5884	1
5885	3
5886	1
5887	2
5888	0
5889	0
5890	0
5891	0
5892	0
5893	0
5894	0
5895	1
5896	0
5897	0
5898	0
5899	0
5900	0
5901	0
5902	1
5903	1
5904	0
5905	0
5906	0
5907	0
5908	0
5909	0
5910	0
5911	0
5912	0
5913	0
5914	0
5915	1
5916	0
5917	0
5918	0
5919	2
5920	0
5921	0
5922	0
5923	0
5924	0
5925	0
5926	1
5927	0
5928	0
5929	0
5930	0
5931	0
5932	1
5933	1
5934	0
5935	1
5936	0
5937	2
5938	0
5939	0
5940	0
5941	1
5942	0
5943	0
5944	0
5945	0
5946	0
5947	1
5948	1
5949	1
5950	0
5951	0
5952	3
5953	3
5954	0
5955	0
5956	0
5957	0
5958	1
5959	0
5960	0
5961	0
5962	0
5963	0
5964	1
5965	0
5966	0
5967	0
5968	0
5969	0
5970	0
5971	0
5972	0
5973	1
5974	1
5975	0
5976	0
5977	0
5978	0
5979	0
5980	1
5981	0
5982	0
5983	1
5984	1
5985	1
5986	0
5987	0
5988	0
5989	0
5990	0
5991	0
5992	0
5993	1
5994	0
5995	0
5996	0
5997	0
5998	0
5999	0
6000	0
6001	0
6002	0
6003	0
6004	1
6005	0
6006	0
6007	0
6008	0
6009	1
6010	1
6011	1
6012	0
6013	0
6014	0
6015	0
6016	0
6017	1
6018	0
6019	0
6020	2
6021	0
6022	0
6023	0
6024	0
6025	0
6026	0
6027	2
6028	0
6029	0
6030	1
6031	1
6032	1
6033	1
6034	0
6035	0
6036	0
6037	0
6038	0
6039	0
6040	1
6041	3
6042	1
6043	1
6044	1
6045	0
6046	0
6047	0
6048	0
6049	0
6050	1
6051	0
6052	0
6053	0
6054	0
6055	2
6056	0
6057	1
6058	1
6059	0
6060	2
6061	0
6062	0
6063	0
6064	0
6065	1
6066	1
6067	1
6068	1
6069	0
6070	1
6071	3
6072	0
6073	0
6074	0
6075	0
6076	1
6077	0
6078	0
6079	1
6080	1
6081	0
6082	0
6083	1
6084	1
6085	0
6086	0
6087	0
6088	0
6089	0
6090	0
6091	0
6092	0
6093	1
6094	0
6095	0
6096	0
6097	0
6098	0
6099	0
6100	0
6101	1
6102	0
6103	0
6104	0
6105	0
6106	0
6107	0
6108	0
6109	0
6110	0
6111	0
6112	0
6113	1
6114	0
6115	1
6116	0
6117	0
6118	0
6119	0
6120	0
6121	2
6122	2
6123	0
6124	0
6125	0
6126	0
6127	0
6128	0
6129	0
6130	0
6131	0
6132	0
6133	0
6134	0
6135	0
6136	1
6137	1
6138	0
6139	0
6140	1
6141	0
6142	0
6143	0
6144	0
6145	0
6146	0
6147	0
6148	0
6149	0
6150	2
6151	0
6152	0
6153	0
6154	1
6155	0
6156	0
6157	2
6158	1
6159	0
6160	0
6161	1
6162	0
6163	0
6164	1
6165	0
6166	0
6167	1
6168	1
6169	0
6170	0
6171	2
6172	0
6173	0
6174	2
6175	0
6176	0
6177	1
6178	0
6179	0
6180	0
6181	0
6182	1
6183	0
6184	0
6185	1
6186	0
6187	0
6188	0
6189	0
6190	0
6191	0
6192	2
6193	0
6194	0
6195	0
6196	0
6197	0
6198	0
6199	1
6200	0
6201	0
6202	0
6203	0
6204	0
6205	1
6206	0
6207	0
6208	0
6209	0
6210	0
6211	0
6212	0
6213	0
6214	0
6215	1
6216	0
6217	0
6218	0
6219	0
6220	1
6221	0
6222	0
6223	1
6224	0
6225	0
6226	0
6227	1
6228	0
6229	1
6230	0
6231	0
6232	0
6233	1
6234	3
6235	0
6236	1
6237	0
6238	0
6239	0
6240	0
6241	0
6242	0
6243	1
6244	1
6245	0
6246	0
6247	0
6248	2
6249	1
6250	0
6251	1
6252	0
6253	0
6254	0
6255	0
6256	0
6257	0
6258	0
6259	0
6260	0
6261	0
6262	0
6263	1
6264	0
6265	0
6266	2
6267	1
6268	1
6269	1
6270	1
6271	1
6272	0
6273	0
6274	0
6275	0
6276	0
6277	0
6278	0
6279	0
6280	0
6281	0
6282	0
6283	0
6284	0
6285	0
6286	2
6287	0
6288	0
6289	0
6290	1
6291	0
6292	0
6293	0
6294	0
6295	0
6296	0
6297	0
6298	0
6299	1
6300	0
6301	1
6302	1
6303	0
6304	0
6305	1
6306	2
6307	1
6308	0
6309	1
6310	0
6311	1
6312	1
6313	0
6314	0
6315	1
6316	1
6317	0
6318	1
6319	0
6320	1
6321	0
6322	1
6323	0
6324	0
6325	0
6326	0
6327	0
6328	0
6329	1
6330	1
6331	1
6332	1
6333	0
6334	0
6335	1
6336	0
6337	0
6338	1
6339	0
6340	0
6341	0
6342	0
6343	0
6344	1
6345	0
6346	0
6347	0
6348	0
6349	0
6350	0
6351	0
6352	0
6353	0
6354	1
6355	0
6356	0
6357	1
6358	0
6359	2
6360	0
6361	0
6362	0
6363	0
6364	0
6365	0
6366	0
6367	1
6368	0
6369	1
6370	0
6371	1
6372	0
6373	0
6374	0
6375	1
6376	0
6377	1
6378	0
6379	0
6380	0
6381	0
6382	2
6383	0
6384	0
6385	0
6386	0
6387	0
6388	1
6389	1
6390	0
6391	0
6392	1
6393	2
6394	0
6395	1
6396	0
6397	0
6398	2
6399	0
6400	0
6401	0
6402	0
6403	0
6404	0
6405	0
6406	1
6407	0
6408	0
6409	0
6410	0
6411	0
6412	0
6413	0
6414	1
6415	0
6416	0
6417	1
6418	2
6419	1
6420	0
6421	0
6422	1
6423	0
6424	1
6425	0
6426	0
6427	0
6428	0
6429	1
6430	0
6431	0
6432	1
6433	0
6434	1
6435	1
6436	0
6437	0
6438	0
6439	0
6440	0
6441	0
6442	0
6443	0
6444	1
6445	1
6446	0
6447	0
6448	2
6449	2
6450	0
6451	0
6452	0
6453	0
6454	0
6455	2
6456	1
6457	0
6458	0
6459	0
6460	0
6461	1
6462	3
6463	0
6464	0
6465	0
6466	1
6467	0
6468	0
6469	1
6470	0
6471	0
6472	1
6473	1
6474	1
6475	0
6476	1
6477	0
6478	0
6479	0
6480	0
6481	0
6482	1
6483	0
6484	0
6485	0
6486	2
6487	0
6488	0
6489	0
6490	0
6491	1
6492	1
6493	0
6494	0
6495	1
6496	0
6497	1
6498	1
6499	1
6500	2
6501	0
6502	0
6503	0
6504	0
6505	1
6506	1
6507	0
6508	0
6509	1
6510	0
6511	0
6512	0
6513	0
6514	0
6515	1
6516	0
6517	0
6518	1
6519	2
6520	0
6521	0
6522	0
6523	0
6524	0
6525	0
6526	1
6527	0
6528	0
6529	1
6530	0
6531	1
6532	3
6533	0
6534	2
6535	0
6536	0
6537	0
6538	0
6539	0
6540	0
6541	0
6542	0
6543	0
6544	0
6545	1
6546	0
6547	0
6548	0
6549	1
6550	0
6551	0
6552	0
6553	0
6554	1
6555	0
6556	0
6557	0
6558	0
6559	0
6560	0
6561	0
6562	0
6563	0
6564	0
6565	0
6566	0
6567	0
6568	0
6569	0
6570	0
6571	3
6572	0
6573	0
6574	1
6575	0
6576	0
6577	0
6578	2
6579	0
6580	1
6581	0
6582	0
6583	1
6584	1
6585	0
6586	1
6587	0
6588	1
6589	0
6590	0
6591	1
6592	0
6593	0
6594	0
6595	1
6596	0
6597	0
6598	0
6599	0
6600	2
6601	0
6602	0
6603	0
6604	0
6605	1
6606	0
6607	0
6608	0
6609	0
6610	0
6611	0
6612	0
6613	1
6614	0
6615	0
6616	0
6617	0
6618	0
6619	0
6620	0
6621	0
6622	0
6623	0
6624	1
6625	1
6626	0
6627	0
6628	0
6629	0
6630	0
6631	0
6632	0
6633	0
6634	0
6635	0
6636	0
6637	0
6638	1
6639	0
6640	0
6641	0
6642	0
6643	0
6644	1
6645	0
6646	0
6647	0
6648	0
6649	0
6650	1
6651	0
6652	1
6653	1
6654	0
6655	0
6656	0
6657	1
6658	0
6659	0
6660	0
6661	1
6662	0
6663	0
6664	0
6665	0
6666	0
6667	0
6668	0
6669	0
6670	1
6671	0
6672	0
6673	0
6674	0
6675	0
6676	0
6677	1
6678	0
6679	1
6680	1
6681	1
6682	0
6683	1
6684	0
6685	1
6686	1
6687	1
6688	1
6689	0
6690	1
6691	1
6692	0
6693	1
6694	1
6695	0
6696	1
6697	1
6698	0
6699	0
6700	0
6701	0
6702	1
6703	0
6704	0
6705	0
6706	1
6707	0
6708	1
6709	0
6710	0
6711	0
6712	0
6713	0
6714	1
6715	0
6716	0
6717	0
6718	0
6719	0
6720	0
6721	0
6722	0
6723	1
6724	0
6725	1
6726	0
6727	0
6728	0
6729	1
6730	1
6731	0
6732	0
6733	0
6734	2
6735	0
6736	1
6737	0
6738	0
6739	1
6740	1
6741	0
6742	0
6743	0
6744	0
6745	0
6746	1
6747	0
6748	0
6749	0
6750	0
6751	0
6752	1
6753	1
6754	0
6755	1
6756	0
6757	1
6758	0
6759	0
6760	2
6761	0
6762	0
6763	0
6764	0
6765	0
6766	0
6767	1
6768	0
6769	0
6770	0
6771	0
6772	0
6773	0
6774	0
6775	0
6776	0
6777	0
6778	0
6779	2
6780	0
6781	0
6782	0
6783	0
6784	1
6785	0
6786	2
6787	0
6788	0
6789	0
6790	0
6791	0
6792	0
6793	0
6794	0
6795	0
6796	0
6797	2
6798	1
6799	1
6800	1
6801	0
6802	1
6803	0
6804	0
6805	0
6806	0
6807	1
6808	0
6809	0
6810	1
6811	0
6812	0
6813	0
6814	0
6815	0
6816	0
6817	0
6818	0
6819	1
6820	0
6821	1
6822	0
6823	1
6824	0
6825	0
6826	0
6827	0
6828	0
6829	0
6830	0
6831	0
6832	0
6833	0
6834	0
6835	1
6836	1
6837	2
6838	0
6839	0
6840	0
6841	0
6842	0
6843	0
6844	0
6845	0
6846	0
6847	0
6848	0
6849	0
6850	0
6851	0
6852	0
6853	1
6854	1
6855	0
6856	0
6857	0
6858	0
6859	0
6860	1
6861	0
6862	0
6863	0
6864	1
6865	1
6866	0
6867	0
6868	0
6869	0
6870	1
6871	0
6872	0
6873	0
6874	0
6875	0
6876	0
6877	0
6878	1
6879	0
6880	0
6881	0
6882	1
6883	1
6884	0
6885	0
6886	0
6887	0
6888	0
6889	0
6890	0
6891	0
6892	0
6893	1
6894	1
6895	0
6896	1
6897	0
6898	2
6899	0
6900	0
6901	0
6902	0
6903	0
6904	0
6905	0
6906	0
6907	0
6908	1
6909	0
6910	0
6911	0
6912	1
6913	0
6914	1
6915	0
6916	1
6917	1
6918	0
6919	0
6920	0
6921	0
6922	0
6923	0
6924	1
6925	0
6926	0
6927	0
6928	0
6929	0
6930	0
6931	0
6932	0
6933	2
6934	0
6935	0
6936	0
6937	0
6938	1
6939	0
6940	1
6941	0
6942	0
6943	0
6944	0
6945	0
6946	0
6947	1
6948	0
6949	0
6950	0
6951	0
6952	0
6953	0
6954	0
6955	0
6956	0
6957	2
6958	0
6959	0
6960	0
6961	0
6962	1
6963	1
6964	0
6965	1
6966	0
6967	1
6968	0
6969	1
6970	0
6971	2
6972	0
6973	0
6974	0
6975	0
6976	1
6977	0
6978	1
6979	0
6980	0
6981	1
6982	0
6983	2
6984	0
6985	0
6986	0
6987	0
6988	1
6989	0
6990	0
6991	0
6992	0
6993	0
6994	0
6995	0
6996	1
6997	0
6998	1
6999	0
7000	0
7001	0
7002	0
7003	0
7004	0
7005	0
7006	0
7007	0
7008	0
7009	0
7010	0
7011	0
7012	0
7013	1
7014	0
7015	0
7016	0
7017	0
7018	0
7019	0
7020	0
7021	0
7022	1
7023	0
7024	0
7025	1
7026	1
7027	0
7028	0
7029	0
7030	0
7031	1
7032	0
7033	0
7034	0
7035	0
7036	0
7037	0
7038	1
7039	0
7040	0
7041	0
7042	0
7043	0
7044	0
7045	0
7046	0
7047	2
7048	0
7049	0
7050	0
7051	0
7052	1
7053	0
7054	0
7055	0
7056	0
7057	0
7058	0
7059	0
7060	0
7061	0
7062	0
7063	0
7064	0
7065	0
7066	0
7067	0
7068	0
7069	0
7070	0
7071	0
7072	0
7073	1
7074	0
7075	0
7076	0
7077	0
7078	0
7079	0
7080	0
7081	1
7082	1
7083	0
7084	0
7085	0
7086	0
7087	0
7088	0
7089	0
7090	1
7091	0
7092	1
7093	0
7094	0
7095	0
7096	0
7097	0
7098	0
7099	0
7100	0
7101	0
7102	1
7103	1
7104	0
7105	0
7106	0
7107	0
7108	0
7109	0
7110	0
7111	0
7112	0
7113	1
7114	0
7115	1
7116	0
7117	0
7118	0
7119	0
7120	0
7121	0
7122	0
7123	0
7124	0
7125	0
7126	0
7127	1
7128	0
7129	0
7130	0
7131	0
7132	0
7133	0
7134	2
7135	0
7136	0
7137	0
7138	0
7139	0
7140	1
7141	0
7142	1
7143	0
7144	0
7145	0
7146	1
7147	1
7148	0
7149	0
7150	0
7151	0
7152	0
7153	1
7154	0
7155	0
7156	0
7157	0
7158	1
7159	0
7160	0
7161	1
7162	0
7163	0
7164	0
7165	2
7166	0
7167	0
7168	1
7169	0
7170	0
7171	0
7172	0
7173	1
7174	0
7175	0
7176	0
7177	0
7178	3
7179	0
7180	0
7181	1
7182	0
7183	1
7184	0
7185	0
7186	0
7187	0
7188	0
7189	0
7190	0
7191	0
7192	0
7193	0
7194	0
7195	0
7196	0
7197	0
7198	0
7199	0
7200	0
7201	0
7202	0
7203	0
7204	0
7205	0
7206	0
7207	0
7208	0
7209	0
7210	0
7211	0
7212	0
7213	0
7214	1
7215	0
7216	0
7217	0
7218	1
7219	0
7220	0
7221	0
7222	0
7223	0
7224	0
7225	0
7226	1
7227	0
7228	0
7229	1
7230	0
7231	0
7232	0
7233	0
7234	0
7235	1
7236	0
7237	0
7238	0
7239	0
7240	0
7241	1
7242	0
7243	0
7244	1
7245	0
7246	1
7247	0
7248	0
7249	1
7250	0
7251	0
7252	0
7253	0
7254	2
7255	0
7256	0
7257	0
7258	0
7259	0
7260	0
7261	0
7262	0
7263	0
7264	0
7265	0
7266	0
7267	0
7268	0
7269	0
7270	0
7271	0
7272	0
7273	0
7274	0
7275	0
7276	0
7277	0
7278	0
7279	0
7280	0
7281	0
7282	0
7283	0
7284	0
7285	0
7286	0
7287	0
7288	0
7289	1
7290	0
7291	1
7292	1
7293	0
7294	0
7295	0
7296	0
7297	0
7298	0
7299	0
7300	1
7301	0
7302	0
7303	1
7304	0
7305	1
7306	0
7307	0
7308	1
7309	0
7310	0
7311	0
7312	0
7313	0
7314	0
7315	0
7316	0
7317	1
7318	1
7319	0
7320	0
7321	0
7322	0
7323	0
7324	0
7325	0
7326	0
7327	0
7328	0
7329	0
7330	0
7331	0
7332	0
7333	1
7334	0
7335	0
7336	0
7337	0
7338	0
7339	0
7340	0
7341	0
7342	0
7343	2
7344	0
7345	0
7346	0
7347	0
7348	0
7349	0
7350	0
7351	0
7352	0
7353	0
7354	0
7355	2
7356	0
7357	2
7358	0
7359	0
7360	1
7361	0
7362	1
7363	0
7364	0
7365	1
7366	0
7367	2
7368	0
7369	0
7370	0
7371	0
7372	0
7373	1
7374	0
7375	1
7376	0
7377	1
7378	1
7379	0
7380	0
7381	0
7382	0
7383	0
7384	0
7385	0
7386	0
7387	0
7388	0
7389	0
7390	0
7391	0
7392	0
7393	0
7394	0
7395	1
7396	0
7397	0
7398	1
7399	1
7400	0
7401	0
7402	0
7403	0
7404	0
7405	0
7406	0
7407	0
7408	0
7409	1
7410	0
7411	1
7412	0
7413	0
7414	0
7415	0
7416	0
7417	0
7418	0
7419	0
7420	1
7421	0
7422	1
7423	0
7424	0
7425	0
7426	0
7427	0
7428	0
7429	0
7430	0
7431	0
7432	0
7433	0
7434	1
7435	0
7436	0
7437	0
7438	0
7439	0
7440	1
7441	0
7442	0
7443	0
7444	0
7445	1
7446	0
7447	0
7448	0
7449	0
7450	0
7451	0
7452	2
7453	0
7454	0
7455	0
7456	0
7457	1
7458	0
7459	0
7460	0
7461	0
7462	0
7463	0
7464	0
7465	0
7466	0
7467	0
7468	0
7469	0
7470	0
7471	0
7472	0
7473	0
7474	0
7475	0
7476	0
7477	0
7478	0
7479	0
7480	0
7481	0
7482	0
7483	0
7484	0
7485	1
7486	2
7487	0
7488	0
7489	0
7490	0
7491	0
7492	0
7493	1
7494	1
7495	0
7496	0
7497	1
7498	0
7499	1
7500	1
7501	0
7502	1
7503	0
7504	0
7505	0
7506	0
7507	0
7508	0
7509	1
7510	0
7511	0
7512	0
7513	0
7514	0
7515	0
7516	2
7517	0
7518	0
7519	1
7520	0
7521	0
7522	0
7523	1
7524	1
7525	0
7526	0
7527	0
7528	0
7529	0
7530	0
7531	1
7532	0
7533	1
7534	0
7535	0
7536	0
7537	0
7538	0
7539	0
7540	1
7541	0
7542	0
7543	0
7544	0
7545	0
7546	1
7547	0
7548	0
7549	0
7550	0
7551	0
7552	0
7553	0
7554	0
7555	0
7556	1
7557	1
7558	1
7559	0
7560	0
7561	0
7562	0
7563	0
7564	0
7565	0
7566	1
7567	0
7568	0
7569	0
7570	0
7571	0
7572	0
7573	1
7574	0
7575	0
7576	0
7577	0
7578	0
7579	0
7580	1
7581	0
7582	1
7583	0
7584	0
7585	0
7586	0
7587	1
7588	1
7589	0
7590	2
7591	0
7592	0
7593	0
7594	0
7595	0
7596	0
7597	0
7598	0
7599	0
7600	1
7601	0
7602	0
7603	0
7604	0
7605	0
7606	0
7607	0
7608	0
7609	0
7610	1
7611	1
7612	0
7613	0
7614	0
7615	0
7616	0
7617	0
7618	0
7619	1
7620	0
7621	0
7622	0
7623	1
7624	0
7625	0
7626	0
7627	0
7628	0
7629	0
7630	0
7631	0
7632	0
7633	0
7634	0
7635	1
7636	0
7637	1
7638	0
7639	0
7640	0
7641	0
7642	0
7643	0
7644	0
7645	1
7646	0
7647	0
7648	0
7649	0
7650	0
7651	0
7652	0
7653	0
7654	0
7655	0
7656	0
7657	1
7658	0
7659	0
7660	1
7661	0
7662	1
7663	0
7664	0
7665	0
7666	0
7667	0
7668	0
7669	0
7670	0
7671	0
7672	0
7673	0
7674	0
7675	0
7676	0
7677	0
7678	0
7679	0
7680	0
7681	1
7682	0
7683	0
7684	0
7685	1
7686	0
7687	0
7688	0
7689	0
7690	0
7691	1
7692	1
7693	0
7694	0
7695	0
7696	0
7697	0
7698	0
7699	0
7700	0
7701	0
7702	0
7703	1
7704	0
7705	0
7706	0
7707	0
7708	1
7709	0
7710	0
7711	0
7712	0
7713	0
7714	1
7715	0
7716	1
7717	0
7718	1
7719	1
7720	1
7721	1
7722	1
7723	1
7724	0
7725	0
7726	0
7727	0
7728	0
7729	1
7730	0
7731	0
7732	0
7733	0
7734	0
7735	0
7736	0
7737	0
7738	0
7739	0
7740	0
7741	1
7742	0
7743	0
7744	0
7745	0
7746	0
7747	0
7748	0
7749	0
7750	0
7751	0
7752	0
7753	0
7754	0
7755	0
7756	0
7757	0
7758	0
7759	0
7760	0
7761	0
7762	0
7763	0
7764	0
7765	0
7766	0
7767	1
7768	0
7769	0
7770	0
7771	0
7772	0
7773	0
7774	0
7775	2
7776	0
7777	0
7778	0
7779	0
7780	0
7781	0
7782	0
7783	0
7784	0
7785	0
7786	0
7787	0
7788	0
7789	0
7790	0
7791	0
7792	0
7793	0
7794	0
7795	0
7796	0
7797	0
7798	0
7799	1
7800	0
7801	0
7802	0
7803	0
7804	0
7805	0
7806	0
7807	0
7808	0
7809	0
7810	0
7811	0
7812	0
7813	0
7814	1
7815	0
7816	0
7817	0
7818	0
7819	1
7820	0
7821	0
7822	0
7823	0
7824	0
7825	0
7826	0
7827	0
7828	0
7829	0
7830	0
7831	0
7832	0
7833	0
7834	0
7835	0
7836	0
7837	0
7838	1
7839	1
7840	0
7841	0
7842	1
7843	0
7844	0
7845	0
7846	0
7847	0
7848	0
7849	0
7850	0
7851	0
7852	0
7853	0
7854	0
7855	0
7856	0
7857	0
7858	0
7859	0
7860	0
7861	0
7862	1
7863	1
7864	0
7865	1
7866	1
7867	0
7868	0
7869	0
7870	0
7871	0
7872	0
7873	0
7874	0
7875	0
7876	0
7877	0
7878	0
7879	0
7880	0
7881	0
7882	0
7883	0
7884	0
7885	0
7886	0
7887	0
7888	0
7889	0
7890	0
7891	0
7892	1
7893	0
7894	0
7895	0
7896	0
7897	0
7898	0
7899	0
7900	0
7901	0
7902	0
7903	0
7904	0
7905	0
7906	0
7907	0
7908	0
7909	1
7910	0
7911	1
7912	1
7913	0
7914	0
7915	1
7916	0
7917	0
7918	0
7919	0
7920	0
7921	0
7922	1
7923	0
7924	0
7925	1
7926	0
7927	0
7928	0
7929	0
7930	0
7931	0
7932	0
7933	0
7934	0
7935	0
7936	0
7937	0
7938	1
7939	0
7940	0
7941	0
7942	0
7943	0
7944	0
7945	0
7946	0
7947	0
7948	0
7949	1
7950	0
7951	0
7952	1
7953	0
7954	1
7955	0
7956	0
7957	0
7958	0
7959	0
7960	0
7961	0
7962	0
7963	0
7964	0
7965	0
7966	0
7967	0
7968	0
7969	0
7970	0
7971	0
7972	0
7973	0
7974	1
7975	0
7976	0
7977	0
7978	0
7979	0
7980	0
7981	0
7982	0
7983	0
7984	0
7985	0
7986	0
7987	0
7988	0
7989	0
7990	0
7991	0
7992	0
7993	0
7994	0
7995	0
7996	0
7997	0
7998	0
7999	1
8000	0
8001	0
8002	0
8003	0
8004	0
8005	0
8006	0
8007	0
8008	0
8009	0
8010	1
8011	0
8012	0
8013	0
8014	0
8015	1
8016	0
8017	0
8018	1
8019	0
8020	0
8021	0
8022	0
8023	0
8024	0
8025	0
8026	0
8027	0
8028	0
8029	0
8030	0
8031	0
8032	0
8033	0
8034	0
8035	0
8036	0
8037	0
8038	0
8039	0
8040	0
8041	0
8042	0
8043	0
8044	0
8045	1
8046	0
8047	0
8048	0
8049	0
8050	1
8051	0
8052	0
8053	0
8054	0
8055	0
8056	0
8057	0
8058	0
8059	0
8060	0
8061	0
8062	0
8063	0
8064	0
8065	0
8066	0
8067	0
8068	0
8069	0
8070	0
8071	0
8072	0
8073	0
8074	0
8075	0
8076	0
8077	0
8078	0
8079	0
8080	0
8081	0
8082	0
8083	0
8084	0
8085	0
8086	0
8087	0
8088	0
8089	0
8090	0
8091	0
8092	0
8093	0
8094	0
8095	0
8096	0
8097	0
8098	0
8099	0
8100	0
8101	0
8102	0
8103	0
8104	0
8105	0
8106	0
8107	0
8108	0
8109	0
8110	0
8111	0
8112	0
8113	0
8114	0
8115	0
8116	0
8117	0
8118	0
8119	0
8120	0
8121	0
8122	0
8123	0
8124	0
8125	0
8126	0
8127	0
8128	0
8129	0
8130	0
8131	0
8132	0
8133	0
8134	0
8135	0
8136	0
8137	0
8138	0
8139	0
8140	0
8141	0
8142	0
8143	0
8144	0
8145	0
8146	0
8147	0
8148	0
8149	0
8150	0
8151	0
8152	0
8153	0
8154	0
8155	0
8156	0
8157	0
8158	0
8159	0
8160	0
8161	0
8162	0
8163	0
8164	0
8165	0
8166	0
8167	0
8168	0
8169	0
8170	0
8171	0
8172	0
8173	0
8174	0
8175	0
8176	0
8177	0
8178	0
8179	0
8180	0
8181	0
8182	0
8183	0
8184	0
8185	0
8186	0
8187	0
8188	0
8189	0
8190	0
8191	0
