-2	21211.94
-1	21219.28
0	0
1	0
2	0
3	0
4	0
5	0
6	0
7	0
8	0
9	0
10	0
11	0
12	0
13	0
14	0
15	0
16	0
17	0
18	0
19	0
20	0
21	0
22	0
23	0
24	0
25	0
26	0
27	0
28	0
29	0
30	0
31	0
32	0
33	0
34	0
35	0
36	0
37	0
38	0
39	0
40	0
41	0
42	0
43	0
44	0
45	0
46	1
47	1
48	0
49	22
50	84
51	123
52	136
53	168
54	177
55	200
56	212
57	230
58	215
59	214
60	197
61	175
62	200
63	171
64	153
65	218
66	184
67	195
68	186
69	198
70	188
71	198
72	184
73	197
74	195
75	190
76	198
77	181
78	202
79	223
80	204
81	185
82	188
83	202
84	198
85	236
86	203
87	223
88	192
89	210
90	179
91	212
92	202
93	192
94	222
95	223
96	202
97	217
98	200
99	213
100	230
101	230
102	229
103	224
104	236
105	245
106	213
107	255
108	275
109	249
110	245
111	215
112	212
113	236
114	267
115	278
116	259
117	262
118	267
119	294
120	312
121	326
122	299
123	299
124	315
125	305
126	322
127	295
128	294
129	309
130	321
131	335
132	325
133	346
134	322
135	325
136	359
137	331
138	334
139	352
140	345
141	337
142	352
143	379
144	350
145	336
146	337
147	374
148	381
149	367
150	359
151	381
152	375
153	389
154	385
155	374
156	392
157	405
158	386
159	401
160	388
161	394
162	390
163	398
164	371
165	389
166	436
167	369
168	398
169	384
170	370
171	394
172	412
173	383
174	393
175	416
176	447
177	384
178	406
179	427
180	404
181	379
182	415
183	442
184	400
185	393
186	375
187	411
188	408
189	380
190	435
191	419
192	414
193	390
194	369
195	379
196	365
197	391
198	409
199	381
200	392
201	342
202	368
203	366
204	384
205	379
206	387
207	407
208	436
209	401
210	369
211	379
212	391
213	401
214	380
215	443
216	418
217	425
218	388
219	417
220	398
221	368
222	391
223	393
224	386
225	405
226	376
227	378
228	376
229	434
230	382
231	367
232	360
233	343
234	356
235	371
236	372
237	337
238	350
239	358
240	356
241	359
242	359
243	378
244	311
245	349
246	360
247	361
248	324
249	363
250	343
251	368
252	336
253	356
254	376
255	348
256	365
257	316
258	338
259	344
260	344
261	334
262	295
263	352
264	349
265	355
266	339
267	330
268	325
269	297
270	329
271	303
272	340
273	299
274	319
275	319
276	283
277	307
278	295
279	297
280	267
281	270
282	299
283	290
284	306
285	268
286	306
287	314
288	288
289	297
290	292
291	315
292	296
293	262
294	277
295	288
296	285
297	281
298	276
299	298
300	273
301	253
302	288
303	310
304	293
305	238
306	270
307	300
308	272
309	291
310	300
311	244
312	282
313	267
314	242
315	240
316	266
317	269
318	279
319	246
320	237
321	234
322	259
323	246
324	234
325	254
326	259
327	257
328	248
329	244
330	244
331	225
332	227
333	237
334	230
335	236
336	263
337	223
338	211
339	202
340	222
341	234
342	241
343	235
344	227
345	244
346	220
347	236
348	209
349	207
350	209
351	207
352	215
353	224
354	207
355	185
356	220
357	209
358	231
359	207
360	239
361	229
362	208
363	220
364	202
365	236
366	202
367	184
368	187
369	208
370	195
371	195
372	217
373	212
374	218
375	192
376	217
377	211
378	191
379	196
380	216
381	196
382	173
383	185
384	205
385	188
386	209
387	195
388	208
389	215
390	231
391	199
392	190
393	192
394	196
395	177
396	176
397	169
398	193
399	189
400	187
401	177
402	166
403	178
404	160
405	171
406	166
407	180
408	154
409	194
410	158
411	181
412	158
413	184
414	171
415	161
416	159
417	157
418	203
419	157
420	172
421	153
422	174
423	183
424	143
425	153
426	144
427	163
428	143
429	148
430	141
431	161
432	157
433	158
434	140
435	175
436	150
437	142
438	164
439	171
440	155
441	150
442	151
443	163
444	138
445	170
446	163
447	131
448	146
449	152
450	162
451	143
452	145
453	164
454	150
455	155
456	148
457	133
458	153
459	137
460	114
461	144
462	138
463	150
464	153
465	153
466	147
467	141
468	162
469	135
470	163
471	127
472	131
473	127
474	137
475	130
476	149
477	134
478	138
479	125
480	148
481	136
482	120
483	128
484	153
485	124
486	123
487	126
488	139
489	158
490	129
491	148
492	153
493	135
494	147
495	150
496	159
497	129
498	135
499	122
500	115
501	112
502	131
503	129
504	122
505	122
506	128
507	124
508	134
509	122
510	131
511	113
512	127
513	132
514	140
515	146
516	131
517	126
518	111
519	112
520	112
521	119
522	126
523	131
524	125
525	143
526	119
527	106
528	120
529	119
530	109
531	115
532	108
533	125
534	126
535	130
536	125
537	128
538	107
539	114
540	129
541	125
542	129
543	113
544	116
545	102
546	110
547	123
548	113
549	101
550	110
551	112
552	120
553	95
554	95
555	128
556	108
557	103
558	112
559	112
560	134
561	131
562	165
563	208
564	267
565	336
566	301
567	267
568	195
569	147
570	127
571	117
572	97
573	104
574	93
575	109
576	112
577	112
578	98
579	103
580	101
581	105
582	95
583	84
584	87
585	96
586	89
587	97
588	107
589	114
590	114
591	100
592	82
593	87
594	99
595	89
596	91
597	87
598	78
599	95
600	99
601	100
602	95
603	93
604	94
605	100
606	99
607	78
608	89
609	79
610	80
611	80
612	81
613	85
614	131
615	94
616	103
617	85
618	95
619	88
620	86
621	91
622	77
623	88
624	87
625	90
626	104
627	94
628	86
629	85
630	75
631	98
632	97
633	87
634	96
635	83
636	88
637	77
638	93
639	83
640	86
641	89
642	106
643	111
644	145
645	170
646	135
647	117
648	100
649	74
650	91
651	89
652	82
653	84
654	94
655	96
656	77
657	91
658	83
659	87
660	87
661	77
662	87
663	87
664	94
665	82
666	77
667	71
668	90
669	93
670	96
671	117
672	124
673	168
674	193
675	142
676	116
677	104
678	76
679	79
680	75
681	81
682	81
683	82
684	81
685	59
686	73
687	68
688	70
689	73
690	77
691	74
692	69
693	90
694	86
695	84
696	70
697	80
698	74
699	67
700	71
701	65
702	72
703	77
704	72
705	68
706	82
707	86
708	75
709	93
710	73
711	67
712	68
713	86
714	81
715	66
716	74
717	72
718	77
719	67
720	57
721	62
722	62
723	68
724	81
725	67
726	77
727	58
728	80
729	73
730	64
731	72
732	58
733	75
734	79
735	64
736	70
737	76
738	65
739	70
740	77
741	79
742	62
743	76
744	58
745	77
746	79
747	54
748	72
749	60
750	73
751	69
752	49
753	66
754	52
755	67
756	58
757	65
758	73
759	59
760	64
761	74
762	69
763	72
764	63
765	66
766	60
767	69
768	70
769	56
770	67
771	68
772	73
773	68
774	71
775	63
776	78
777	71
778	54
779	84
780	86
781	71
782	72
783	77
784	67
785	74
786	65
787	56
788	69
789	65
790	68
791	64
792	74
793	62
794	71
795	66
796	69
797	60
798	71
799	67
800	62
801	65
802	70
803	68
804	83
805	73
806	71
807	57
808	64
809	60
810	70
811	58
812	51
813	57
814	52
815	73
816	63
817	56
818	57
819	63
820	69
821	68
822	46
823	75
824	63
825	51
826	65
827	49
828	49
829	56
830	56
831	58
832	56
833	63
834	55
835	68
836	58
837	55
838	55
839	53
840	55
841	55
842	58
843	60
844	54
845	59
846	63
847	50
848	56
849	76
850	89
851	67
852	72
853	66
854	57
855	60
856	58
857	43
858	49
859	41
860	54
861	66
862	46
863	57
864	45
865	55
866	62
867	65
868	71
869	75
870	56
871	41
872	48
873	61
874	66
875	52
876	55
877	66
878	101
879	74
880	54
881	60
882	54
883	58
884	41
885	55
886	59
887	53
888	49
889	54
890	60
891	49
892	76
893	65
894	40
895	62
896	65
897	39
898	45
899	67
900	55
901	70
902	60
903	53
904	52
905	52
906	41
907	57
908	51
909	52
910	53
911	57
912	52
913	43
914	54
915	59
916	44
917	44
918	63
919	47
920	51
921	55
922	69
923	54
924	36
925	55
926	57
927	52
928	48
929	50
930	63
931	42
932	54
933	46
934	57
935	44
936	61
937	52
938	50
939	46
940	44
941	55
942	56
943	48
944	61
945	36
946	59
947	55
948	45
949	51
950	64
951	62
952	74
953	46
954	47
955	50
956	47
957	51
958	53
959	45
960	48
961	40
962	49
963	45
964	45
965	47
966	49
967	37
968	36
969	42
970	54
971	37
972	31
973	34
974	61
975	49
976	47
977	58
978	47
979	47
980	39
981	48
982	42
983	39
984	48
985	52
986	44
987	47
988	49
989	42
990	51
991	48
992	41
993	40
994	49
995	34
996	52
997	54
998	37
999	48
1000	38
1001	43
1002	43
1003	43
1004	38
1005	73
1006	100
1007	141
1008	100
1009	83
1010	51
1011	52
1012	45
1013	37
1014	47
1015	40
1016	36
1017	51
1018	43
1019	37
1020	40
1021	37
1022	40
1023	45
1024	47
1025	50
1026	47
1027	45
1028	39
1029	27
1030	50
1031	40
1032	69
1033	58
1034	53
1035	50
1036	36
1037	50
1038	42
1039	52
1040	49
1041	28
1042	60
1043	45
1044	37
1045	46
1046	30
1047	37
1048	39
1049	48
1050	42
1051	43
1052	44
1053	41
1054	40
1055	42
1056	56
1057	42
1058	33
1059	37
1060	41
1061	34
1062	49
1063	51
1064	66
1065	66
1066	66
1067	53
1068	42
1069	69
1070	91
1071	83
1072	99
1073	82
1074	67
1075	37
1076	26
1077	31
1078	47
1079	54
1080	26
1081	38
1082	42
1083	37
1084	38
1085	36
1086	36
1087	47
1088	41
1089	30
1090	33
1091	46
1092	45
1093	35
1094	35
1095	45
1096	37
1097	36
1098	44
1099	30
1100	49
1101	45
1102	41
1103	50
1104	34
1105	42
1106	36
1107	40
1108	31
1109	37
1110	38
1111	46
1112	36
1113	33
1114	42
1115	23
1116	45
1117	35
1118	27
1119	46
1120	40
1121	31
1122	32
1123	36
1124	37
1125	29
1126	37
1127	35
1128	33
1129	39
1130	34
1131	37
1132	28
1133	44
1134	46
1135	24
1136	38
1137	25
1138	33
1139	36
1140	34
1141	35
1142	33
1143	31
1144	35
1145	33
1146	38
1147	34
1148	41
1149	41
1150	38
1151	38
1152	35
1153	43
1154	37
1155	26
1156	49
1157	32
1158	56
1159	42
1160	30
1161	40
1162	32
1163	40
1164	25
1165	31
1166	35
1167	34
1168	27
1169	39
1170	38
1171	43
1172	32
1173	35
1174	32
1175	32
1176	37
1177	40
1178	45
1179	37
1180	41
1181	33
1182	31
1183	40
1184	36
1185	27
1186	32
1187	36
1188	36
1189	32
1190	41
1191	35
1192	34
1193	17
1194	41
1195	39
1196	44
1197	38
1198	47
1199	33
1200	33
1201	43
1202	48
1203	42
1204	30
1205	34
1206	37
1207	32
1208	32
1209	35
1210	26
1211	35
1212	26
1213	30
1214	31
1215	48
1216	32
1217	37
1218	25
1219	40
1220	31
1221	38
1222	35
1223	34
1224	42
1225	42
1226	35
1227	39
1228	42
1229	43
1230	30
1231	35
1232	39
1233	29
1234	35
1235	35
1236	48
1237	71
1238	77
1239	76
1240	75
1241	44
1242	50
1243	31
1244	26
1245	34
1246	29
1247	24
1248	46
1249	37
1250	32
1251	39
1252	38
1253	23
1254	30
1255	33
1256	40
1257	35
1258	30
1259	44
1260	27
1261	46
1262	43
1263	31
1264	31
1265	38
1266	22
1267	35
1268	30
1269	33
1270	35
1271	38
1272	32
1273	17
1274	41
1275	31
1276	43
1277	41
1278	38
1279	36
1280	37
1281	45
1282	42
1283	39
1284	35
1285	30
1286	40
1287	38
1288	52
1289	35
1290	53
1291	40
1292	31
1293	34
1294	31
1295	36
1296	18
1297	30
1298	27
1299	36
1300	39
1301	29
1302	33
1303	35
1304	33
1305	36
1306	39
1307	37
1308	35
1309	35
1310	41
1311	44
1312	29
1313	34
1314	29
1315	30
1316	22
1317	36
1318	26
1319	33
1320	27
1321	34
1322	31
1323	37
1324	41
1325	29
1326	34
1327	34
1328	29
1329	23
1330	38
1331	33
1332	28
1333	47
1334	33
1335	37
1336	28
1337	33
1338	38
1339	26
1340	27
1341	32
1342	45
1343	27
1344	37
1345	30
1346	41
1347	35
1348	36
1349	29
1350	32
1351	39
1352	46
1353	40
1354	37
1355	33
1356	33
1357	31
1358	38
1359	37
1360	32
1361	31
1362	24
1363	50
1364	37
1365	29
1366	45
1367	51
1368	50
1369	57
1370	64
1371	37
1372	30
1373	39
1374	29
1375	31
1376	31
1377	32
1378	30
1379	29
1380	28
1381	24
1382	33
1383	23
1384	35
1385	38
1386	25
1387	20
1388	27
1389	30
1390	20
1391	32
1392	45
1393	21
1394	29
1395	24
1396	26
1397	25
1398	27
1399	34
1400	19
1401	35
1402	26
1403	34
1404	22
1405	24
1406	26
1407	20
1408	29
1409	23
1410	17
1411	26
1412	28
1413	26
1414	30
1415	36
1416	28
1417	35
1418	45
1419	26
1420	27
1421	21
1422	24
1423	20
1424	27
1425	20
1426	14
1427	21
1428	22
1429	33
1430	33
1431	26
1432	25
1433	17
1434	27
1435	28
1436	29
1437	25
1438	20
1439	23
1440	29
1441	23
1442	20
1443	20
1444	22
1445	28
1446	24
1447	18
1448	23
1449	22
1450	26
1451	25
1452	21
1453	24
1454	30
1455	24
1456	28
1457	21
1458	22
1459	16
1460	17
1461	19
1462	27
1463	21
1464	30
1465	21
1466	23
1467	30
1468	14
1469	19
1470	16
1471	22
1472	22
1473	17
1474	30
1475	23
1476	22
1477	21
1478	18
1479	19
1480	18
1481	22
1482	18
1483	20
1484	17
1485	24
1486	21
1487	16
1488	23
1489	22
1490	23
1491	12
1492	23
1493	17
1494	21
1495	12
1496	23
1497	22
1498	12
1499	24
1500	19
1501	15
1502	18
1503	25
1504	22
1505	22
1506	19
1507	16
1508	24
1509	21
1510	20
1511	18
1512	21
1513	19
1514	26
1515	21
1516	12
1517	30
1518	17
1519	24
1520	28
1521	34
1522	33
1523	28
1524	21
1525	16
1526	26
1527	9
1528	21
1529	23
1530	23
1531	20
1532	28
1533	20
1534	20
1535	19
1536	15
1537	17
1538	21
1539	16
1540	13
1541	17
1542	12
1543	16
1544	17
1545	20
1546	15
1547	15
1548	14
1549	21
1550	21
1551	18
1552	25
1553	22
1554	25
1555	24
1556	24
1557	24
1558	20
1559	19
1560	18
1561	25
1562	17
1563	19
1564	14
1565	13
1566	18
1567	15
1568	16
1569	16
1570	26
1571	22
1572	18
1573	25
1574	18
1575	16
1576	21
1577	10
1578	18
1579	18
1580	7
1581	18
1582	15
1583	11
1584	20
1585	21
1586	11
1587	18
1588	18
1589	13
1590	21
1591	19
1592	14
1593	23
1594	18
1595	14
1596	21
1597	10
1598	17
1599	13
1600	17
1601	17
1602	13
1603	14
1604	17
1605	19
1606	20
1607	11
1608	23
1609	29
1610	41
1611	124
1612	312
1613	561
1614	734
1615	678
1616	443
1617	260
1618	70
1619	21
1620	14
1621	7
1622	11
1623	15
1624	6
1625	9
1626	11
1627	17
1628	11
1629	14
1630	10
1631	5
1632	14
1633	13
1634	13
1635	5
1636	14
1637	11
1638	17
1639	11
1640	16
1641	11
1642	7
1643	9
1644	11
1645	15
1646	5
1647	12
1648	8
1649	8
1650	8
1651	8
1652	15
1653	9
1654	10
1655	12
1656	14
1657	9
1658	13
1659	10
1660	16
1661	8
1662	11
1663	11
1664	9
1665	18
1666	24
1667	19
1668	22
1669	10
1670	16
1671	11
1672	18
1673	14
1674	13
1675	9
1676	10
1677	15
1678	13
1679	13
1680	3
1681	8
1682	13
1683	4
1684	9
1685	4
1686	11
1687	8
1688	8
1689	11
1690	13
1691	10
1692	10
1693	7
1694	10
1695	19
1696	9
1697	7
1698	17
1699	13
1700	15
1701	8
1702	7
1703	11
1704	15
1705	13
1706	10
1707	10
1708	9
1709	12
1710	9
1711	16
1712	6
1713	8
1714	9
1715	9
1716	9
1717	5
1718	15
1719	4
1720	8
1721	9
1722	12
1723	9
1724	10
1725	11
1726	9
1727	9
1728	14
1729	5
1730	13
1731	6
1732	9
1733	5
1734	10
1735	12
1736	10
1737	10
1738	8
1739	9
1740	3
1741	8
1742	12
1743	6
1744	14
1745	11
1746	6
1747	19
1748	10
1749	8
1750	11
1751	12
1752	14
1753	18
1754	20
1755	18
1756	18
1757	21
1758	14
1759	10
1760	12
1761	18
1762	11
1763	6
1764	9
1765	10
1766	12
1767	9
1768	13
1769	10
1770	17
1771	7
1772	15
1773	12
1774	13
1775	6
1776	5
1777	10
1778	13
1779	5
1780	11
1781	13
1782	7
1783	8
1784	5
1785	11
1786	7
1787	15
1788	7
1789	21
1790	14
1791	20
1792	17
1793	8
1794	14
1795	7
1796	8
1797	4
1798	11
1799	5
1800	8
1801	18
1802	11
1803	11
1804	12
1805	10
1806	13
1807	7
1808	11
1809	13
1810	15
1811	8
1812	10
1813	5
1814	6
1815	8
1816	10
1817	10
1818	6
1819	13
1820	5
1821	5
1822	2
1823	12
1824	9
1825	5
1826	10
1827	3
1828	11
1829	7
1830	15
1831	8
1832	14
1833	15
1834	9
1835	10
1836	12
1837	14
1838	11
1839	10
1840	9
1841	8
1842	6
1843	9
1844	13
1845	4
1846	8
1847	8
1848	7
1849	5
1850	7
1851	11
1852	12
1853	5
1854	7
1855	10
1856	5
1857	7
1858	9
1859	4
1860	7
1861	6
1862	11
1863	10
1864	9
1865	1
1866	12
1867	10
1868	10
1869	8
1870	7
1871	7
1872	8
1873	7
1874	6
1875	10
1876	7
1877	6
1878	9
1879	7
1880	8
1881	5
1882	7
1883	10
1884	9
1885	4
1886	14
1887	7
1888	7
1889	19
1890	9
1891	12
1892	7
1893	10
1894	18
1895	8
1896	8
1897	10
1898	9
1899	8
1900	8
1901	6
1902	5
1903	10
1904	11
1905	12
1906	13
1907	8
1908	6
1909	15
1910	12
1911	20
1912	9
1913	20
1914	7
1915	2
1916	6
1917	1
1918	7
1919	11
1920	3
1921	2
1922	9
1923	8
1924	6
1925	3
1926	7
1927	9
1928	10
1929	8
1930	6
1931	6
1932	6
1933	5
1934	9
1935	7
1936	6
1937	10
1938	7
1939	2
1940	17
1941	9
1942	7
1943	8
1944	8
1945	11
1946	18
1947	35
1948	46
1949	52
1950	64
1951	46
1952	35
1953	13
1954	11
1955	4
1956	4
1957	8
1958	7
1959	7
1960	3
1961	9
1962	5
1963	6
1964	8
1965	4
1966	5
1967	2
1968	2
1969	7
1970	7
1971	8
1972	4
1973	2
1974	9
1975	8
1976	12
1977	16
1978	6
1979	11
1980	9
1981	9
1982	7
1983	4
1984	9
1985	6
1986	4
1987	10
1988	4
1989	3
1990	10
1991	5
1992	8
1993	5
1994	7
1995	6
1996	7
1997	6
1998	5
1999	8
2000	9
2001	3
2002	5
2003	4
2004	11
2005	8
2006	9
2007	5
2008	6
2009	9
2010	7
2011	5
2012	7
2013	6
2014	9
2015	7
2016	11
2017	8
2018	3
2019	4
2020	7
2021	7
2022	10
2023	5
2024	7
2025	8
2026	14
2027	4
2028	10
2029	6
2030	8
2031	8
2032	8
2033	5
2034	9
2035	9
2036	7
2037	5
2038	3
2039	8
2040	12
2041	15
2042	9
2043	8
2044	14
2045	8
2046	12
2047	4
2048	8
2049	5
2050	5
2051	4
2052	9
2053	10
2054	9
2055	6
2056	6
2057	5
2058	6
2059	5
2060	14
2061	9
2062	5
2063	4
2064	7
2065	7
2066	7
2067	4
2068	5
2069	15
2070	5
2071	3
2072	12
2073	6
2074	9
2075	2
2076	8
2077	7
2078	8
2079	6
2080	7
2081	6
2082	5
2083	5
2084	5
2085	6
2086	9
2087	3
2088	10
2089	10
2090	1
2091	6
2092	8
2093	5
2094	7
2095	4
2096	6
2097	6
2098	3
2099	8
2100	6
2101	8
2102	7
2103	7
2104	4
2105	4
2106	4
2107	10
2108	6
2109	2
2110	6
2111	8
2112	6
2113	4
2114	7
2115	7
2116	6
2117	7
2118	6
2119	13
2120	7
2121	6
2122	6
2123	2
2124	10
2125	5
2126	5
2127	6
2128	6
2129	6
2130	13
2131	5
2132	9
2133	9
2134	2
2135	7
2136	8
2137	5
2138	10
2139	8
2140	4
2141	16
2142	4
2143	7
2144	9
2145	5
2146	7
2147	2
2148	5
2149	8
2150	11
2151	8
2152	7
2153	1
2154	9
2155	8
2156	4
2157	6
2158	5
2159	7
2160	4
2161	9
2162	5
2163	8
2164	1
2165	5
2166	2
2167	9
2168	5
2169	4
2170	3
2171	5
2172	8
2173	3
2174	8
2175	8
2176	3
2177	4
2178	4
2179	5
2180	9
2181	4
2182	4
2183	8
2184	8
2185	3
2186	8
2187	6
2188	6
2189	4
2190	5
2191	6
2192	8
2193	1
2194	3
2195	5
2196	8
2197	5
2198	5
2199	8
2200	3
2201	6
2202	4
2203	5
2204	7
2205	5
2206	5
2207	6
2208	6
2209	3
2210	6
2211	9
2212	5
2213	14
2214	5
2215	8
2216	3
2217	4
2218	5
2219	6
2220	11
2221	3
2222	6
2223	5
2224	6
2225	8
2226	4
2227	6
2228	2
2229	0
2230	6
2231	5
2232	8
2233	6
2234	5
2235	2
2236	3
2237	10
2238	10
2239	6
2240	5
2241	5
2242	5
2243	8
2244	4
2245	3
2246	8
2247	9
2248	8
2249	4
2250	5
2251	1
2252	10
2253	5
2254	3
2255	4
2256	5
2257	6
2258	6
2259	4
2260	0
2261	6
2262	3
2263	0
2264	8
2265	8
2266	5
2267	5
2268	9
2269	7
2270	5
2271	4
2272	5
2273	6
2274	4
2275	4
2276	2
2277	9
2278	4
2279	7
2280	3
2281	6
2282	2
2283	3
2284	4
2285	7
2286	5
2287	4
2288	8
2289	2
2290	2
2291	10
2292	5
2293	6
2294	3
2295	2
2296	6
2297	5
2298	8
2299	4
2300	3
2301	3
2302	1
2303	4
2304	6
2305	7
2306	10
2307	6
2308	10
2309	4
2310	6
2311	5
2312	6
2313	5
2314	4
2315	4
2316	4
2317	6
2318	6
2319	5
2320	15
2321	12
2322	17
2323	22
2324	20
2325	17
2326	11
2327	8
2328	10
2329	10
2330	9
2331	7
2332	5
2333	9
2334	5
2335	6
2336	0
2337	9
2338	8
2339	12
2340	10
2341	10
2342	10
2343	2
2344	6
2345	7
2346	7
2347	6
2348	5
2349	7
2350	7
2351	2
2352	3
2353	6
2354	6
2355	3
2356	6
2357	5
2358	8
2359	3
2360	5
2361	4
2362	5
2363	5
2364	6
2365	5
2366	7
2367	9
2368	8
2369	2
2370	8
2371	6
2372	6
2373	3
2374	8
2375	3
2376	6
2377	5
2378	6
2379	2
2380	7
2381	6
2382	5
2383	2
2384	5
2385	6
2386	2
2387	6
2388	9
2389	4
2390	7
2391	6
2392	6
2393	5
2394	9
2395	2
2396	5
2397	5
2398	5
2399	10
2400	5
2401	6
2402	7
2403	3
2404	9
2405	3
2406	7
2407	6
2408	3
2409	1
2410	7
2411	9
2412	4
2413	4
2414	7
2415	5
2416	7
2417	5
2418	5
2419	4
2420	5
2421	6
2422	6
2423	7
2424	11
2425	5
2426	5
2427	4
2428	8
2429	5
2430	5
2431	4
2432	11
2433	16
2434	23
2435	28
2436	27
2437	17
2438	17
2439	12
2440	1
2441	9
2442	6
2443	8
2444	3
2445	5
2446	4
2447	4
2448	2
2449	6
2450	11
2451	9
2452	6
2453	7
2454	8
2455	3
2456	3
2457	6
2458	3
2459	4
2460	5
2461	9
2462	6
2463	8
2464	1
2465	5
2466	4
2467	2
2468	9
2469	9
2470	6
2471	6
2472	5
2473	4
2474	5
2475	7
2476	4
2477	5
2478	2
2479	8
2480	7
2481	4
2482	5
2483	7
2484	9
2485	3
2486	4
2487	5
2488	3
2489	3
2490	4
2491	10
2492	9
2493	2
2494	6
2495	5
2496	7
2497	5
2498	6
2499	4
2500	2
2501	4
2502	4
2503	6
2504	4
2505	4
2506	4
2507	6
2508	6
2509	4
2510	5
2511	7
2512	8
2513	4
2514	6
2515	5
2516	2
2517	10
2518	13
2519	5
2520	10
2521	2
2522	6
2523	6
2524	3
2525	10
2526	4
2527	3
2528	5
2529	7
2530	6
2531	6
2532	8
2533	10
2534	10
2535	4
2536	4
2537	6
2538	3
2539	1
2540	3
2541	7
2542	4
2543	7
2544	3
2545	4
2546	5
2547	8
2548	6
2549	11
2550	7
2551	5
2552	5
2553	7
2554	8
2555	5
2556	3
2557	4
2558	2
2559	4
2560	7
2561	3
2562	5
2563	5
2564	4
2565	8
2566	9
2567	8
2568	3
2569	6
2570	3
2571	6
2572	9
2573	1
2574	4
2575	8
2576	6
2577	12
2578	3
2579	2
2580	7
2581	11
2582	3
2583	6
2584	5
2585	6
2586	6
2587	8
2588	5
2589	5
2590	5
2591	4
2592	5
2593	8
2594	5
2595	6
2596	6
2597	9
2598	6
2599	11
2600	7
2601	7
2602	4
2603	6
2604	9
2605	12
2606	4
2607	11
2608	6
2609	7
2610	6
2611	7
2612	7
2613	5
2614	6
2615	4
2616	7
2617	7
2618	3
2619	3
2620	3
2621	6
2622	5
2623	10
2624	4
2625	7
2626	6
2627	7
2628	5
2629	6
2630	5
2631	9
2632	2
2633	5
2634	7
2635	8
2636	3
2637	3
2638	6
2639	7
2640	4
2641	4
2642	4
2643	8
2644	6
2645	5
2646	2
2647	5
2648	5
2649	4
2650	8
2651	10
2652	5
2653	4
2654	4
2655	5
2656	7
2657	4
2658	4
2659	4
2660	5
2661	2
2662	6
2663	1
2664	4
2665	7
2666	4
2667	6
2668	8
2669	6
2670	3
2671	2
2672	5
2673	5
2674	2
2675	8
2676	4
2677	4
2678	3
2679	6
2680	2
2681	3
2682	4
2683	8
2684	7
2685	6
2686	3
2687	3
2688	4
2689	4
2690	6
2691	9
2692	2
2693	5
2694	5
2695	9
2696	8
2697	6
2698	7
2699	8
2700	4
2701	4
2702	6
2703	12
2704	9
2705	6
2706	11
2707	5
2708	10
2709	4
2710	3
2711	4
2712	2
2713	5
2714	2
2715	1
2716	0
2717	4
2718	3
2719	6
2720	5
2721	2
2722	8
2723	5
2724	3
2725	2
2726	3
2727	4
2728	5
2729	5
2730	5
2731	2
2732	6
2733	4
2734	10
2735	2
2736	3
2737	1
2738	4
2739	1
2740	4
2741	1
2742	1
2743	3
2744	2
2745	6
2746	2
2747	3
2748	2
2749	2
2750	3
2751	3
2752	6
2753	1
2754	3
2755	4
2756	2
2757	1
2758	3
2759	4
2760	3
2761	2
2762	0
2763	2
2764	2
2765	4
2766	1
2767	5
2768	4
2769	1
2770	2
2771	6
2772	3
2773	4
2774	1
2775	2
2776	4
2777	2
2778	3
2779	2
2780	2
2781	1
2782	4
2783	3
2784	1
2785	5
2786	0
2787	1
2788	2
2789	0
2790	2
2791	0
2792	1
2793	2
2794	2
2795	2
2796	2
2797	5
2798	3
2799	5
2800	1
2801	5
2802	2
2803	4
2804	4
2805	1
2806	1
2807	1
2808	2
2809	2
2810	7
2811	4
2812	2
2813	2
2814	3
2815	7
2816	1
2817	1
2818	6
2819	2
2820	0
2821	4
2822	2
2823	2
2824	2
2825	5
2826	5
2827	0
2828	2
2829	0
2830	2
2831	1
2832	0
2833	1
2834	0
2835	2
2836	3
2837	2
2838	2
2839	2
2840	2
2841	4
2842	0
2843	3
2844	3
2845	2
2846	2
2847	5
2848	4
2849	3
2850	3
2851	3
2852	1
2853	0
2854	3
2855	1
2856	2
2857	2
2858	1
2859	2
2860	2
2861	1
2862	0
2863	3
2864	3
2865	0
2866	3
2867	1
2868	3
2869	2
2870	2
2871	2
2872	0
2873	2
2874	3
2875	1
2876	4
2877	0
2878	1
2879	1
2880	1
2881	4
2882	8
2883	19
2884	34
2885	54
2886	86
2887	136
2888	157
2889	151
2890	130
2891	76
2892	43
2893	14
2894	8
2895	0
2896	1
2897	0
2898	3
2899	1
2900	1
2901	1
2902	0
2903	1
2904	2
2905	3
2906	0
2907	0
2908	2
2909	0
2910	2
2911	2
2912	0
2913	3
2914	0
2915	1
2916	0
2917	0
2918	1
2919	0
2920	1
2921	3
2922	1
2923	0
2924	1
2925	1
2926	2
2927	1
2928	1
2929	0
2930	2
2931	2
2932	1
2933	2
2934	1
2935	1
2936	2
2937	3
2938	2
2939	0
2940	1
2941	1
2942	0
2943	4
2944	2
2945	0
2946	2
2947	3
2948	2
2949	1
2950	2
2951	1
2952	0
2953	0
2954	0
2955	2
2956	2
2957	0
2958	0
2959	1
2960	0
2961	2
2962	1
2963	3
2964	1
2965	2
2966	1
2967	0
2968	0
2969	0
2970	0
2971	1
2972	1
2973	0
2974	3
2975	1
2976	6
2977	1
2978	0
2979	1
2980	2
2981	1
2982	0
2983	1
2984	1
2985	4
2986	0
2987	1
2988	0
2989	0
2990	1
2991	3
2992	0
2993	1
2994	0
2995	0
2996	2
2997	1
2998	2
2999	0
3000	0
3001	0
3002	2
3003	2
3004	1
3005	2
3006	3
3007	4
3008	0
3009	2
3010	2
3011	1
3012	0
3013	0
3014	0
3015	1
3016	2
3017	1
3018	1
3019	1
3020	0
3021	0
3022	1
3023	0
3024	2
3025	1
3026	2
3027	1
3028	2
3029	0
3030	2
3031	1
3032	0
3033	1
3034	1
3035	2
3036	1
3037	2
3038	1
3039	2
3040	0
3041	1
3042	2
3043	1
3044	1
3045	2
3046	0
3047	2
3048	1
3049	1
3050	3
3051	4
3052	1
3053	0
3054	2
3055	1
3056	1
3057	1
3058	2
3059	0
3060	2
3061	1
3062	1
3063	3
3064	0
3065	1
3066	1
3067	0
3068	4
3069	2
3070	0
3071	1
3072	1
3073	4
3074	2
3075	1
3076	2
3077	2
3078	2
3079	1
3080	1
3081	3
3082	1
3083	1
3084	2
3085	3
3086	4
3087	1
3088	0
3089	0
3090	2
3091	2
3092	0
3093	1
3094	1
3095	0
3096	0
3097	0
3098	3
3099	2
3100	1
3101	2
3102	1
3103	0
3104	3
3105	3
3106	1
3107	1
3108	1
3109	2
3110	2
3111	0
3112	2
3113	2
3114	0
3115	0
3116	3
3117	0
3118	0
3119	0
3120	0
3121	1
3122	1
3123	0
3124	3
3125	1
3126	1
3127	1
3128	2
3129	1
3130	0
3131	0
3132	1
3133	1
3134	1
3135	1
3136	0
3137	3
3138	1
3139	3
3140	3
3141	3
3142	1
3143	1
3144	2
3145	3
3146	0
3147	2
3148	2
3149	0
3150	2
3151	1
3152	0
3153	1
3154	3
3155	0
3156	2
3157	0
3158	0
3159	0
3160	1
3161	2
3162	1
3163	1
3164	0
3165	1
3166	0
3167	1
3168	1
3169	1
3170	2
3171	3
3172	0
3173	3
3174	0
3175	1
3176	3
3177	1
3178	0
3179	0
3180	1
3181	1
3182	4
3183	2
3184	3
3185	2
3186	2
3187	1
3188	1
3189	0
3190	0
3191	1
3192	0
3193	2
3194	1
3195	2
3196	1
3197	2
3198	0
3199	0
3200	3
3201	3
3202	1
3203	2
3204	1
3205	0
3206	1
3207	2
3208	2
3209	1
3210	0
3211	1
3212	1
3213	4
3214	1
3215	1
3216	0
3217	0
3218	1
3219	1
3220	0
3221	1
3222	2
3223	0
3224	0
3225	0
3226	2
3227	0
3228	2
3229	1
3230	1
3231	1
3232	0
3233	0
3234	3
3235	3
3236	2
3237	1
3238	1
3239	3
3240	1
3241	0
3242	3
3243	0
3244	3
3245	1
3246	1
3247	1
3248	0
3249	3
3250	0
3251	2
3252	0
3253	0
3254	1
3255	1
3256	1
3257	3
3258	1
3259	1
3260	1
3261	2
3262	0
3263	1
3264	1
3265	1
3266	0
3267	1
3268	0
3269	1
3270	2
3271	0
3272	0
3273	1
3274	1
3275	0
3276	1
3277	0
3278	6
3279	1
3280	0
3281	0
3282	1
3283	1
3284	0
3285	4
3286	1
3287	0
3288	0
3289	0
3290	2
3291	0
3292	2
3293	3
3294	1
3295	0
3296	2
3297	1
3298	0
3299	2
3300	2
3301	1
3302	2
3303	1
3304	1
3305	0
3306	1
3307	0
3308	0
3309	2
3310	1
3311	2
3312	2
3313	2
3314	0
3315	0
3316	2
3317	3
3318	2
3319	1
3320	3
3321	0
3322	2
3323	3
3324	2
3325	4
3326	1
3327	0
3328	4
3329	1
3330	1
3331	1
3332	0
3333	0
3334	2
3335	2
3336	2
3337	1
3338	1
3339	1
3340	3
3341	2
3342	0
3343	0
3344	0
3345	1
3346	2
3347	0
3348	0
3349	1
3350	2
3351	1
3352	0
3353	1
3354	0
3355	0
3356	0
3357	2
3358	0
3359	1
3360	2
3361	1
3362	0
3363	1
3364	1
3365	0
3366	0
3367	0
3368	1
3369	2
3370	0
3371	1
3372	1
3373	0
3374	3
3375	0
3376	0
3377	1
3378	0
3379	1
3380	1
3381	2
3382	2
3383	0
3384	2
3385	1
3386	2
3387	1
3388	0
3389	1
3390	2
3391	0
3392	1
3393	2
3394	1
3395	0
3396	3
3397	0
3398	2
3399	0
3400	1
3401	0
3402	1
3403	2
3404	0
3405	1
3406	1
3407	1
3408	0
3409	1
3410	0
3411	0
3412	0
3413	1
3414	0
3415	0
3416	0
3417	2
3418	1
3419	1
3420	2
3421	2
3422	1
3423	1
3424	1
3425	1
3426	0
3427	0
3428	0
3429	1
3430	1
3431	1
3432	2
3433	0
3434	2
3435	2
3436	3
3437	1
3438	1
3439	1
3440	2
3441	0
3442	0
3443	1
3444	1
3445	2
3446	0
3447	1
3448	2
3449	1
3450	0
3451	0
3452	2
3453	3
3454	1
3455	1
3456	2
3457	2
3458	1
3459	0
3460	3
3461	0
3462	0
3463	1
3464	0
3465	0
3466	0
3467	0
3468	2
3469	0
3470	2
3471	1
3472	1
3473	2
3474	2
3475	1
3476	2
3477	2
3478	0
3479	0
3480	0
3481	3
3482	1
3483	1
3484	1
3485	0
3486	0
3487	1
3488	0
3489	2
3490	1
3491	1
3492	0
3493	1
3494	1
3495	1
3496	0
3497	2
3498	0
3499	0
3500	2
3501	6
3502	2
3503	2
3504	0
3505	0
3506	1
3507	2
3508	0
3509	1
3510	1
3511	0
3512	3
3513	1
3514	1
3515	0
3516	1
3517	1
3518	0
3519	0
3520	0
3521	0
3522	1
3523	2
3524	0
3525	2
3526	0
3527	1
3528	1
3529	1
3530	0
3531	0
3532	1
3533	0
3534	1
3535	0
3536	1
3537	2
3538	1
3539	0
3540	0
3541	0
3542	2
3543	2
3544	1
3545	0
3546	0
3547	1
3548	0
3549	1
3550	3
3551	2
3552	0
3553	0
3554	0
3555	1
3556	0
3557	0
3558	0
3559	1
3560	2
3561	2
3562	0
3563	2
3564	0
3565	1
3566	3
3567	2
3568	1
3569	5
3570	3
3571	0
3572	0
3573	1
3574	2
3575	0
3576	0
3577	1
3578	0
3579	0
3580	1
3581	3
3582	1
3583	3
3584	0
3585	3
3586	0
3587	2
3588	1
3589	1
3590	0
3591	0
3592	0
3593	0
3594	0
3595	1
3596	2
3597	0
3598	0
3599	0
3600	0
3601	0
3602	1
3603	0
3604	0
3605	3
3606	1
3607	0
3608	1
3609	1
3610	0
3611	2
3612	2
3613	2
3614	0
3615	2
3616	1
3617	1
3618	1
3619	0
3620	0
3621	1
3622	1
3623	0
3624	1
3625	0
3626	1
3627	0
3628	1
3629	1
3630	0
3631	1
3632	1
3633	1
3634	1
3635	2
3636	0
3637	4
3638	1
3639	3
3640	1
3641	0
3642	3
3643	1
3644	2
3645	0
3646	2
3647	0
3648	1
3649	0
3650	1
3651	0
3652	2
3653	1
3654	2
3655	0
3656	0
3657	1
3658	1
3659	2
3660	0
3661	0
3662	1
3663	1
3664	3
3665	0
3666	0
3667	1
3668	0
3669	2
3670	3
3671	0
3672	0
3673	1
3674	0
3675	0
3676	0
3677	1
3678	1
3679	1
3680	0
3681	1
3682	1
3683	2
3684	1
3685	2
3686	0
3687	0
3688	1
3689	0
3690	1
3691	1
3692	3
3693	0
3694	0
3695	0
3696	1
3697	0
3698	1
3699	0
3700	1
3701	1
3702	0
3703	4
3704	1
3705	2
3706	0
3707	0
3708	0
3709	1
3710	0
3711	2
3712	1
3713	1
3714	1
3715	1
3716	1
3717	2
3718	2
3719	3
3720	0
3721	0
3722	0
3723	0
3724	1
3725	0
3726	2
3727	1
3728	0
3729	3
3730	1
3731	3
3732	2
3733	0
3734	1
3735	1
3736	1
3737	0
3738	1
3739	0
3740	0
3741	2
3742	0
3743	1
3744	0
3745	4
3746	0
3747	4
3748	2
3749	1
3750	5
3751	0
3752	0
3753	1
3754	0
3755	0
3756	0
3757	0
3758	1
3759	0
3760	0
3761	1
3762	1
3763	2
3764	1
3765	2
3766	1
3767	2
3768	0
3769	1
3770	2
3771	1
3772	0
3773	1
3774	1
3775	1
3776	0
3777	1
3778	1
3779	1
3780	2
3781	0
3782	1
3783	0
3784	3
3785	0
3786	1
3787	0
3788	1
3789	1
3790	1
3791	0
3792	0
3793	1
3794	0
3795	2
3796	1
3797	1
3798	1
3799	4
3800	0
3801	1
3802	0
3803	2
3804	1
3805	1
3806	3
3807	1
3808	1
3809	0
3810	0
3811	1
3812	1
3813	1
3814	0
3815	1
3816	2
3817	1
3818	2
3819	0
3820	2
3821	0
3822	1
3823	0
3824	1
3825	1
3826	3
3827	2
3828	0
3829	0
3830	2
3831	0
3832	0
3833	1
3834	2
3835	1
3836	0
3837	3
3838	1
3839	0
3840	2
3841	1
3842	2
3843	0
3844	1
3845	0
3846	0
3847	1
3848	1
3849	0
3850	3
3851	2
3852	2
3853	1
3854	0
3855	0
3856	0
3857	1
3858	1
3859	0
3860	1
3861	1
3862	1
3863	1
3864	2
3865	0
3866	2
3867	1
3868	0
3869	0
3870	2
3871	0
3872	0
3873	0
3874	3
3875	0
3876	0
3877	2
3878	1
3879	0
3880	2
3881	0
3882	1
3883	2
3884	1
3885	1
3886	0
3887	0
3888	2
3889	0
3890	0
3891	0
3892	1
3893	0
3894	1
3895	2
3896	0
3897	1
3898	1
3899	0
3900	0
3901	1
3902	1
3903	0
3904	2
3905	1
3906	3
3907	0
3908	1
3909	1
3910	0
3911	1
3912	0
3913	1
3914	2
3915	0
3916	0
3917	1
3918	3
3919	1
3920	2
3921	1
3922	0
3923	2
3924	1
3925	0
3926	2
3927	3
3928	0
3929	0
3930	0
3931	2
3932	0
3933	2
3934	1
3935	0
3936	0
3937	0
3938	2
3939	4
3940	0
3941	0
3942	0
3943	0
3944	2
3945	2
3946	2
3947	0
3948	2
3949	1
3950	1
3951	0
3952	2
3953	0
3954	2
3955	1
3956	0
3957	1
3958	0
3959	0
3960	1
3961	0
3962	0
3963	3
3964	1
3965	0
3966	2
3967	2
3968	0
3969	1
3970	1
3971	1
3972	0
3973	2
3974	2
3975	1
3976	0
3977	2
3978	0
3979	0
3980	2
3981	0
3982	1
3983	0
3984	2
3985	1
3986	1
3987	1
3988	2
3989	1
3990	1
3991	0
3992	2
3993	0
3994	0
3995	1
3996	2
3997	1
3998	0
3999	0
4000	0
4001	0
4002	2
4003	3
4004	1
4005	1
4006	0
4007	3
4008	0
4009	0
4010	1
4011	2
4012	2
4013	1
4014	0
4015	1
4016	2
4017	0
4018	1
4019	1
4020	1
4021	1
4022	1
4023	1
4024	1
4025	0
4026	0
4027	1
4028	2
4029	0
4030	1
4031	1
4032	0
4033	0
4034	1
4035	1
4036	0
4037	0
4038	0
4039	1
4040	0
4041	1
4042	2
4043	1
4044	2
4045	0
4046	0
4047	3
4048	2
4049	0
4050	0
4051	1
4052	1
4053	0
4054	1
4055	0
4056	0
4057	1
4058	2
4059	1
4060	2
4061	1
4062	0
4063	0
4064	1
4065	0
4066	0
4067	1
4068	0
4069	1
4070	1
4071	0
4072	2
4073	0
4074	0
4075	0
4076	1
4077	0
4078	1
4079	2
4080	0
4081	1
4082	0
4083	2
4084	0
4085	1
4086	1
4087	1
4088	0
4089	0
4090	0
4091	0
4092	3
4093	2
4094	1
4095	0
4096	2
4097	0
4098	1
4099	1
4100	1
4101	3
4102	1
4103	0
4104	0
4105	2
4106	0
4107	1
4108	2
4109	0
4110	1
4111	3
4112	2
4113	1
4114	2
4115	1
4116	0
4117	0
4118	1
4119	0
4120	0
4121	0
4122	0
4123	3
4124	0
4125	1
4126	2
4127	0
4128	2
4129	1
4130	3
4131	0
4132	0
4133	0
4134	0
4135	0
4136	1
4137	1
4138	3
4139	2
4140	1
4141	2
4142	1
4143	0
4144	1
4145	0
4146	0
4147	1
4148	2
4149	1
4150	3
4151	0
4152	1
4153	0
4154	0
4155	0
4156	1
4157	0
4158	0
4159	2
4160	1
4161	0
4162	1
4163	2
4164	1
4165	0
4166	2
4167	0
4168	1
4169	1
4170	0
4171	1
4172	2
4173	1
4174	0
4175	1
4176	1
4177	0
4178	0
4179	0
4180	0
4181	2
4182	2
4183	2
4184	0
4185	0
4186	0
4187	0
4188	1
4189	3
4190	0
4191	0
4192	1
4193	0
4194	0
4195	1
4196	1
4197	2
4198	0
4199	0
4200	2
4201	1
4202	3
4203	1
4204	0
4205	2
4206	3
4207	0
4208	1
4209	3
4210	0
4211	1
4212	1
4213	0
4214	0
4215	1
4216	1
4217	0
4218	0
4219	1
4220	0
4221	0
4222	0
4223	1
4224	3
4225	0
4226	0
4227	1
4228	2
4229	0
4230	1
4231	0
4232	0
4233	0
4234	0
4235	0
4236	1
4237	0
4238	1
4239	0
4240	1
4241	1
4242	0
4243	1
4244	0
4245	1
4246	0
4247	0
4248	2
4249	0
4250	0
4251	0
4252	0
4253	1
4254	0
4255	0
4256	3
4257	0
4258	2
4259	1
4260	1
4261	0
4262	2
4263	0
4264	0
4265	2
4266	0
4267	1
4268	1
4269	0
4270	0
4271	0
4272	0
4273	0
4274	0
4275	2
4276	2
4277	0
4278	1
4279	2
4280	1
4281	0
4282	0
4283	0
4284	1
4285	1
4286	1
4287	1
4288	0
4289	0
4290	1
4291	0
4292	2
4293	0
4294	0
4295	0
4296	1
4297	1
4298	1
4299	0
4300	1
4301	1
4302	2
4303	0
4304	1
4305	2
4306	2
4307	0
4308	1
4309	0
4310	2
4311	3
4312	1
4313	1
4314	1
4315	1
4316	0
4317	0
4318	0
4319	1
4320	0
4321	1
4322	1
4323	0
4324	1
4325	3
4326	2
4327	1
4328	1
4329	0
4330	1
4331	1
4332	0
4333	1
4334	0
4335	1
4336	1
4337	2
4338	0
4339	1
4340	1
4341	0
4342	0
4343	1
4344	0
4345	0
4346	0
4347	1
4348	0
4349	0
4350	0
4351	0
4352	2
4353	1
4354	1
4355	2
4356	1
4357	0
4358	2
4359	1
4360	0
4361	1
4362	1
4363	1
4364	1
4365	0
4366	0
4367	1
4368	1
4369	0
4370	2
4371	1
4372	0
4373	0
4374	0
4375	0
4376	2
4377	0
4378	0
4379	1
4380	1
4381	0
4382	0
4383	1
4384	0
4385	0
4386	0
4387	0
4388	0
4389	0
4390	1
4391	2
4392	5
4393	0
4394	1
4395	1
4396	3
4397	1
4398	0
4399	1
4400	0
4401	3
4402	2
4403	3
4404	0
4405	0
4406	0
4407	0
4408	2
4409	0
4410	3
4411	2
4412	0
4413	0
4414	0
4415	1
4416	1
4417	0
4418	1
4419	0
4420	0
4421	1
4422	1
4423	0
4424	0
4425	1
4426	1
4427	0
4428	1
4429	0
4430	1
4431	0
4432	1
4433	0
4434	0
4435	0
4436	1
4437	0
4438	0
4439	1
4440	3
4441	1
4442	0
4443	2
4444	1
4445	2
4446	1
4447	0
4448	0
4449	0
4450	1
4451	2
4452	0
4453	0
4454	2
4455	1
4456	1
4457	3
4458	1
4459	0
4460	0
4461	0
4462	0
4463	0
4464	0
4465	1
4466	0
4467	2
4468	1
4469	1
4470	1
4471	2
4472	1
4473	0
4474	0
4475	1
4476	0
4477	1
4478	1
4479	2
4480	0
4481	2
4482	1
4483	2
4484	0
4485	1
4486	1
4487	2
4488	3
4489	0
4490	1
4491	0
4492	0
4493	0
4494	0
4495	1
4496	3
4497	1
4498	0
4499	0
4500	2
4501	0
4502	0
4503	1
4504	1
4505	1
4506	0
4507	1
4508	0
4509	2
4510	3
4511	1
4512	0
4513	2
4514	2
4515	0
4516	0
4517	0
4518	1
4519	1
4520	1
4521	0
4522	1
4523	0
4524	1
4525	2
4526	0
4527	0
4528	3
4529	0
4530	0
4531	0
4532	0
4533	2
4534	2
4535	2
4536	0
4537	2
4538	3
4539	0
4540	2
4541	0
4542	0
4543	0
4544	0
4545	0
4546	0
4547	0
4548	1
4549	1
4550	0
4551	1
4552	0
4553	1
4554	2
4555	1
4556	2
4557	2
4558	0
4559	1
4560	0
4561	0
4562	0
4563	0
4564	1
4565	0
4566	0
4567	1
4568	0
4569	1
4570	1
4571	0
4572	0
4573	0
4574	0
4575	2
4576	1
4577	0
4578	1
4579	0
4580	2
4581	1
4582	1
4583	1
4584	0
4585	0
4586	0
4587	2
4588	0
4589	0
4590	1
4591	0
4592	0
4593	0
4594	1
4595	1
4596	2
4597	1
4598	0
4599	2
4600	0
4601	0
4602	1
4603	1
4604	0
4605	0
4606	1
4607	1
4608	0
4609	0
4610	0
4611	2
4612	1
4613	1
4614	1
4615	1
4616	1
4617	0
4618	1
4619	0
4620	0
4621	0
4622	3
4623	0
4624	2
4625	2
4626	0
4627	1
4628	0
4629	0
4630	0
4631	1
4632	2
4633	3
4634	1
4635	0
4636	1
4637	1
4638	2
4639	0
4640	0
4641	1
4642	1
4643	0
4644	0
4645	0
4646	0
4647	1
4648	0
4649	1
4650	1
4651	1
4652	0
4653	2
4654	0
4655	1
4656	0
4657	0
4658	0
4659	1
4660	0
4661	1
4662	1
4663	0
4664	2
4665	1
4666	1
4667	1
4668	1
4669	0
4670	0
4671	0
4672	0
4673	2
4674	4
4675	0
4676	1
4677	1
4678	0
4679	0
4680	0
4681	0
4682	1
4683	2
4684	2
4685	0
4686	1
4687	1
4688	1
4689	1
4690	0
4691	0
4692	0
4693	1
4694	0
4695	1
4696	0
4697	0
4698	1
4699	1
4700	2
4701	0
4702	1
4703	1
4704	0
4705	2
4706	1
4707	0
4708	0
4709	1
4710	0
4711	2
4712	0
4713	0
4714	0
4715	0
4716	0
4717	0
4718	0
4719	0
4720	1
4721	1
4722	1
4723	1
4724	1
4725	1
4726	0
4727	2
4728	0
4729	2
4730	2
4731	0
4732	1
4733	2
4734	0
4735	0
4736	0
4737	1
4738	0
4739	2
4740	2
4741	0
4742	0
4743	0
4744	2
4745	0
4746	0
4747	0
4748	0
4749	0
4750	1
4751	0
4752	1
4753	0
4754	1
4755	2
4756	0
4757	1
4758	2
4759	1
4760	3
4761	0
4762	1
4763	2
4764	0
4765	0
4766	2
4767	0
4768	1
4769	0
4770	0
4771	0
4772	0
4773	2
4774	0
4775	0
4776	0
4777	0
4778	0
4779	0
4780	0
4781	1
4782	1
4783	2
4784	0
4785	0
4786	0
4787	0
4788	0
4789	3
4790	2
4791	0
4792	1
4793	0
4794	0
4795	0
4796	0
4797	0
4798	0
4799	0
4800	2
4801	2
4802	0
4803	0
4804	0
4805	1
4806	0
4807	1
4808	1
4809	0
4810	1
4811	0
4812	0
4813	0
4814	1
4815	0
4816	3
4817	0
4818	1
4819	1
4820	0
4821	0
4822	1
4823	1
4824	0
4825	0
4826	2
4827	0
4828	0
4829	0
4830	0
4831	1
4832	1
4833	0
4834	1
4835	2
4836	2
4837	0
4838	1
4839	0
4840	2
4841	1
4842	0
4843	0
4844	1
4845	1
4846	0
4847	0
4848	0
4849	0
4850	1
4851	0
4852	0
4853	0
4854	1
4855	0
4856	1
4857	0
4858	0
4859	3
4860	1
4861	2
4862	0
4863	1
4864	3
4865	2
4866	2
4867	1
4868	1
4869	1
4870	0
4871	0
4872	2
4873	0
4874	0
4875	1
4876	1
4877	0
4878	0
4879	1
4880	1
4881	1
4882	1
4883	0
4884	0
4885	0
4886	2
4887	1
4888	0
4889	1
4890	0
4891	1
4892	0
4893	1
4894	0
4895	1
4896	1
4897	0
4898	0
4899	2
4900	0
4901	1
4902	1
4903	1
4904	0
4905	0
4906	1
4907	0
4908	1
4909	0
4910	1
4911	0
4912	1
4913	2
4914	0
4915	0
4916	0
4917	0
4918	0
4919	0
4920	1
4921	0
4922	0
4923	0
4924	1
4925	0
4926	1
4927	0
4928	0
4929	1
4930	1
4931	1
4932	0
4933	2
4934	0
4935	0
4936	2
4937	0
4938	0
4939	0
4940	1
4941	0
4942	0
4943	4
4944	1
4945	0
4946	1
4947	1
4948	0
4949	1
4950	1
4951	0
4952	0
4953	0
4954	1
4955	0
4956	0
4957	0
4958	2
4959	0
4960	1
4961	1
4962	2
4963	3
4964	0
4965	0
4966	1
4967	1
4968	1
4969	1
4970	0
4971	0
4972	1
4973	2
4974	1
4975	2
4976	2
4977	0
4978	0
4979	0
4980	0
4981	0
4982	0
4983	0
4984	3
4985	0
4986	0
4987	0
4988	0
4989	0
4990	0
4991	0
4992	2
4993	0
4994	0
4995	1
4996	1
4997	0
4998	0
4999	0
5000	0
5001	0
5002	2
5003	2
5004	3
5005	2
5006	2
5007	1
5008	0
5009	3
5010	1
5011	0
5012	0
5013	1
5014	1
5015	0
5016	0
5017	0
5018	1
5019	2
5020	1
5021	0
5022	0
5023	0
5024	1
5025	0
5026	0
5027	2
5028	2
5029	1
5030	1
5031	1
5032	1
5033	0
5034	1
5035	1
5036	0
5037	0
5038	0
5039	0
5040	0
5041	1
5042	1
5043	0
5044	3
5045	1
5046	1
5047	0
5048	0
5049	1
5050	0
5051	2
5052	2
5053	0
5054	0
5055	1
5056	0
5057	1
5058	0
5059	0
5060	0
5061	0
5062	1
5063	1
5064	1
5065	0
5066	0
5067	0
5068	1
5069	3
5070	0
5071	1
5072	0
5073	1
5074	1
5075	0
5076	1
5077	1
5078	0
5079	0
5080	0
5081	2
5082	0
5083	1
5084	1
5085	0
5086	0
5087	0
5088	1
5089	1
5090	1
5091	1
5092	0
5093	1
5094	2
5095	1
5096	0
5097	0
5098	0
5099	3
5100	0
5101	2
5102	0
5103	0
5104	1
5105	0
5106	2
5107	1
5108	1
5109	0
5110	0
5111	0
5112	0
5113	1
5114	1
5115	2
5116	0
5117	1
5118	0
5119	1
5120	0
5121	0
5122	0
5123	0
5124	0
5125	1
5126	1
5127	2
5128	0
5129	1
5130	0
5131	0
5132	0
5133	1
5134	2
5135	1
5136	1
5137	0
5138	2
5139	1
5140	1
5141	0
5142	0
5143	1
5144	2
5145	0
5146	0
5147	1
5148	1
5149	0
5150	1
5151	0
5152	1
5153	1
5154	2
5155	1
5156	0
5157	1
5158	0
5159	2
5160	0
5161	1
5162	0
5163	1
5164	0
5165	0
5166	1
5167	0
5168	0
5169	0
5170	0
5171	1
5172	0
5173	0
5174	1
5175	0
5176	0
5177	0
5178	0
5179	1
5180	0
5181	0
5182	0
5183	0
5184	1
5185	1
5186	0
5187	0
5188	1
5189	0
5190	1
5191	0
5192	0
5193	0
5194	3
5195	0
5196	0
5197	1
5198	0
5199	0
5200	0
5201	1
5202	0
5203	0
5204	0
5205	1
5206	0
5207	1
5208	1
5209	1
5210	0
5211	1
5212	2
5213	0
5214	1
5215	0
5216	0
5217	0
5218	3
5219	0
5220	0
5221	1
5222	0
5223	2
5224	1
5225	1
5226	1
5227	0
5228	0
5229	0
5230	0
5231	0
5232	0
5233	2
5234	0
5235	1
5236	3
5237	0
5238	0
5239	0
5240	1
5241	0
5242	1
5243	0
5244	1
5245	0
5246	0
5247	2
5248	0
5249	0
5250	1
5251	1
5252	0
5253	2
5254	1
5255	0
5256	0
5257	0
5258	1
5259	0
5260	1
5261	1
5262	2
5263	2
5264	0
5265	0
5266	0
5267	1
5268	1
5269	0
5270	3
5271	0
5272	0
5273	0
5274	0
5275	2
5276	1
5277	2
5278	0
5279	1
5280	0
5281	0
5282	0
5283	0
5284	2
5285	0
5286	1
5287	0
5288	0
5289	1
5290	1
5291	1
5292	0
5293	0
5294	0
5295	0
5296	0
5297	0
5298	0
5299	0
5300	0
5301	0
5302	0
5303	0
5304	0
5305	1
5306	1
5307	2
5308	0
5309	1
5310	0
5311	1
5312	1
5313	1
5314	2
5315	1
5316	0
5317	0
5318	0
5319	2
5320	1
5321	0
5322	1
5323	1
5324	0
5325	0
5326	1
5327	0
5328	2
5329	1
5330	0
5331	0
5332	1
5333	0
5334	0
5335	1
5336	0
5337	0
5338	0
5339	0
5340	0
5341	0
5342	0
5343	1
5344	0
5345	1
5346	1
5347	0
5348	1
5349	0
5350	2
5351	1
5352	1
5353	1
5354	0
5355	2
5356	1
5357	0
5358	0
5359	1
5360	1
5361	0
5362	2
5363	0
5364	0
5365	0
5366	0
5367	1
5368	2
5369	2
5370	1
5371	1
5372	1
5373	0
5374	1
5375	0
5376	1
5377	0
5378	0
5379	1
5380	0
5381	1
5382	3
5383	0
5384	0
5385	0
5386	0
5387	0
5388	0
5389	0
5390	0
5391	2
5392	1
5393	0
5394	1
5395	0
5396	0
5397	0
5398	1
5399	2
5400	0
5401	0
5402	1
5403	0
5404	1
5405	0
5406	0
5407	0
5408	0
5409	2
5410	0
5411	0
5412	0
5413	1
5414	1
5415	0
5416	3
5417	0
5418	0
5419	0
5420	0
5421	1
5422	0
5423	0
5424	0
5425	0
5426	2
5427	0
5428	1
5429	0
5430	0
5431	4
5432	0
5433	0
5434	1
5435	0
5436	1
5437	2
5438	2
5439	0
5440	0
5441	1
5442	2
5443	0
5444	1
5445	2
5446	0
5447	1
5448	1
5449	0
5450	0
5451	2
5452	2
5453	1
5454	0
5455	0
5456	1
5457	1
5458	2
5459	0
5460	0
5461	1
5462	1
5463	1
5464	1
5465	1
5466	1
5467	1
5468	1
5469	0
5470	0
5471	0
5472	2
5473	0
5474	0
5475	2
5476	3
5477	1
5478	1
5479	2
5480	0
5481	0
5482	0
5483	0
5484	0
5485	2
5486	0
5487	0
5488	0
5489	0
5490	1
5491	0
5492	0
5493	1
5494	0
5495	2
5496	1
5497	0
5498	0
5499	1
5500	0
5501	0
5502	1
5503	0
5504	0
5505	2
5506	0
5507	0
5508	0
5509	0
5510	0
5511	0
5512	1
5513	2
5514	0
5515	0
5516	0
5517	0
5518	0
5519	0
5520	0
5521	2
5522	0
5523	0
5524	0
5525	0
5526	0
5527	1
5528	2
5529	1
5530	0
5531	1
5532	0
5533	0
5534	0
5535	0
5536	0
5537	0
5538	0
5539	0
5540	1
5541	2
5542	0
5543	1
5544	0
5545	0
5546	0
5547	3
5548	1
5549	1
5550	0
5551	1
5552	2
5553	1
5554	0
5555	0
5556	1
5557	1
5558	1
5559	0
5560	1
5561	0
5562	1
5563	0
5564	3
5565	1
5566	1
5567	1
5568	0
5569	1
5570	0
5571	0
5572	1
5573	0
5574	0
5575	3
5576	0
5577	0
5578	1
5579	2
5580	0
5581	2
5582	2
5583	0
5584	1
5585	2
5586	0
5587	0
5588	0
5589	1
5590	1
5591	1
5592	1
5593	1
5594	1
5595	0
5596	0
5597	0
5598	1
5599	1
5600	0
5601	0
5602	0
5603	0
5604	1
5605	2
5606	1
5607	0
5608	0
5609	0
5610	1
5611	0
5612	0
5613	1
5614	0
5615	0
5616	0
5617	2
5618	1
5619	0
5620	0
5621	2
5622	0
5623	1
5624	0
5625	0
5626	0
5627	0
5628	0
5629	1
5630	0
5631	1
5632	0
5633	0
5634	1
5635	2
5636	0
5637	0
5638	1
5639	1
5640	0
5641	0
5642	2
5643	0
5644	0
5645	1
5646	0
5647	2
5648	0
5649	0
5650	0
5651	1
5652	1
5653	2
5654	0
5655	0
5656	0
5657	0
5658	0
5659	0
5660	1
5661	1
5662	0
5663	0
5664	1
5665	0
5666	0
5667	0
5668	0
5669	1
5670	0
5671	0
5672	1
5673	0
5674	0
5675	0
5676	0
5677	1
5678	1
5679	1
5680	3
5681	0
5682	0
5683	0
5684	1
5685	0
5686	1
5687	0
5688	0
5689	1
5690	0
5691	1
5692	0
5693	0
5694	1
5695	0
5696	0
5697	2
5698	1
5699	0
5700	1
5701	2
5702	2
5703	1
5704	0
5705	0
5706	0
5707	1
5708	1
5709	0
5710	0
5711	0
5712	2
5713	0
5714	0
5715	0
5716	0
5717	0
5718	0
5719	0
5720	0
5721	0
5722	2
5723	0
5724	0
5725	0
5726	1
5727	1
5728	2
5729	1
5730	0
5731	0
5732	0
5733	1
5734	1
5735	0
5736	0
5737	0
5738	0
5739	1
5740	0
5741	0
5742	3
5743	0
5744	0
5745	1
5746	0
5747	0
5748	0
5749	2
5750	0
5751	0
5752	0
5753	0
5754	0
5755	1
5756	0
5757	0
5758	0
5759	2
5760	0
5761	2
5762	1
5763	1
5764	0
5765	1
5766	1
5767	0
5768	1
5769	1
5770	0
5771	0
5772	0
5773	0
5774	0
5775	1
5776	0
5777	0
5778	0
5779	1
5780	0
5781	1
5782	1
5783	0
5784	0
5785	1
5786	0
5787	1
5788	1
5789	1
5790	0
5791	2
5792	0
5793	1
5794	0
5795	1
5796	0
5797	0
5798	2
5799	1
5800	1
5801	1
5802	1
5803	0
5804	0
5805	0
5806	0
5807	1
5808	0
5809	1
5810	0
5811	0
5812	0
5813	0
5814	1
5815	0
5816	1
5817	1
5818	0
5819	0
5820	0
5821	0
5822	1
5823	0
5824	0
5825	0
5826	0
5827	0
5828	0
5829	1
5830	0
5831	2
5832	1
5833	0
5834	1
5835	0
5836	0
5837	0
5838	3
5839	0
5840	1
5841	0
5842	1
5843	1
5844	0
5845	0
5846	2
5847	2
5848	2
5849	0
5850	1
5851	0
5852	0
5853	0
5854	0
5855	1
5856	1
5857	0
5858	3
5859	0
5860	0
5861	1
5862	0
5863	0
5864	1
5865	0
5866	0
5867	0
5868	1
5869	1
5870	1
5871	0
5872	0
5873	1
5874	0
5875	0
5876	1
5877	0
5878	0
5879	0
5880	1
5881	0
5882	0
5883	0
5884	1
5885	1
5886	0
5887	1
5888	0
5889	1
5890	1
5891	1
5892	0
5893	0
5894	1
5895	1
5896	1
5897	1
5898	1
5899	1
5900	0
5901	0
5902	1
5903	0
5904	0
5905	0
5906	1
5907	0
5908	0
5909	0
5910	1
5911	2
5912	1
5913	0
5914	0
5915	0
5916	0
5917	0
5918	1
5919	0
5920	0
5921	2
5922	0
5923	1
5924	0
5925	0
5926	0
5927	0
5928	0
5929	0
5930	1
5931	2
5932	0
5933	0
5934	0
5935	0
5936	0
5937	2
5938	1
5939	0
5940	0
5941	2
5942	1
5943	2
5944	1
5945	0
5946	0
5947	1
5948	0
5949	1
5950	1
5951	0
5952	0
5953	1
5954	0
5955	1
5956	0
5957	0
5958	1
5959	0
5960	1
5961	0
5962	1
5963	0
5964	0
5965	1
5966	2
5967	0
5968	0
5969	1
5970	0
5971	1
5972	0
5973	1
5974	0
5975	1
5976	1
5977	3
5978	1
5979	0
5980	1
5981	0
5982	0
5983	0
5984	0
5985	0
5986	0
5987	1
5988	1
5989	0
5990	1
5991	2
5992	0
5993	0
5994	1
5995	0
5996	0
5997	0
5998	0
5999	1
6000	0
6001	2
6002	3
6003	0
6004	0
6005	3
6006	0
6007	2
6008	0
6009	0
6010	0
6011	0
6012	0
6013	1
6014	1
6015	0
6016	1
6017	1
6018	0
6019	1
6020	1
6021	0
6022	0
6023	0
6024	0
6025	0
6026	0
6027	1
6028	1
6029	0
6030	1
6031	1
6032	0
6033	0
6034	0
6035	0
6036	0
6037	1
6038	0
6039	0
6040	0
6041	1
6042	0
6043	0
6044	0
6045	1
6046	0
6047	0
6048	2
6049	0
6050	0
6051	2
6052	0
6053	1
6054	3
6055	1
6056	1
6057	2
6058	0
6059	1
6060	1
6061	0
6062	0
6063	0
6064	2
6065	1
6066	0
6067	2
6068	2
6069	0
6070	0
6071	1
6072	0
6073	0
6074	0
6075	1
6076	1
6077	0
6078	1
6079	0
6080	0
6081	1
6082	1
6083	1
6084	1
6085	0
6086	0
6087	0
6088	2
6089	0
6090	0
6091	1
6092	0
6093	1
6094	1
6095	0
6096	0
6097	0
6098	0
6099	1
6100	1
6101	1
6102	0
6103	0
6104	0
6105	0
6106	0
6107	1
6108	1
6109	0
6110	1
6111	1
6112	0
6113	2
6114	0
6115	1
6116	0
6117	0
6118	0
6119	0
6120	0
6121	1
6122	1
6123	0
6124	1
6125	1
6126	1
6127	0
6128	0
6129	0
6130	1
6131	2
6132	1
6133	1
6134	0
6135	2
6136	3
6137	3
6138	1
6139	0
6140	0
6141	1
6142	0
6143	2
6144	0
6145	2
6146	0
6147	2
6148	1
6149	3
6150	0
6151	0
6152	1
6153	1
6154	0
6155	0
6156	1
6157	0
6158	0
6159	1
6160	0
6161	1
6162	0
6163	3
6164	0
6165	1
6166	0
6167	1
6168	0
6169	0
6170	0
6171	0
6172	1
6173	0
6174	0
6175	1
6176	0
6177	1
6178	0
6179	1
6180	0
6181	2
6182	1
6183	0
6184	0
6185	2
6186	0
6187	1
6188	0
6189	2
6190	0
6191	0
6192	2
6193	2
6194	0
6195	0
6196	1
6197	0
6198	1
6199	0
6200	0
6201	0
6202	0
6203	0
6204	0
6205	1
6206	1
6207	1
6208	0
6209	0
6210	0
6211	0
6212	1
6213	3
6214	1
6215	0
6216	1
6217	0
6218	1
6219	0
6220	0
6221	1
6222	0
6223	2
6224	3
6225	0
6226	0
6227	0
6228	0
6229	1
6230	0
6231	0
6232	0
6233	1
6234	0
6235	1
6236	0
6237	1
6238	0
6239	1
6240	1
6241	0
6242	2
6243	0
6244	0
6245	0
6246	1
6247	1
6248	0
6249	0
6250	0
6251	0
6252	1
6253	0
6254	0
6255	0
6256	0
6257	0
6258	0
6259	2
6260	0
6261	0
6262	1
6263	0
6264	0
6265	0
6266	0
6267	0
6268	0
6269	2
6270	0
6271	1
6272	1
6273	0
6274	0
6275	2
6276	0
6277	0
6278	2
6279	4
6280	0
6281	0
6282	1
6283	1
6284	1
6285	1
6286	0
6287	0
6288	0
6289	0
6290	0
6291	1
6292	2
6293	1
6294	1
6295	0
6296	0
6297	0
6298	0
6299	1
6300	0
6301	0
6302	0
6303	0
6304	0
6305	1
6306	1
6307	1
6308	0
6309	0
6310	0
6311	1
6312	0
6313	2
6314	1
6315	0
6316	0
6317	1
6318	0
6319	0
6320	0
6321	0
6322	0
6323	0
6324	0
6325	0
6326	0
6327	1
6328	0
6329	0
6330	1
6331	3
6332	1
6333	1
6334	0
6335	1
6336	0
6337	0
6338	1
6339	0
6340	1
6341	1
6342	1
6343	1
6344	0
6345	1
6346	2
6347	1
6348	0
6349	0
6350	0
6351	1
6352	1
6353	0
6354	0
6355	0
6356	0
6357	0
6358	1
6359	0
6360	0
6361	0
6362	1
6363	1
6364	0
6365	1
6366	0
6367	0
6368	1
6369	0
6370	0
6371	0
6372	1
6373	0
6374	0
6375	0
6376	0
6377	1
6378	0
6379	0
6380	1
6381	0
6382	1
6383	1
6384	1
6385	0
6386	0
6387	0
6388	0
6389	1
6390	1
6391	1
6392	0
6393	0
6394	1
6395	1
6396	0
6397	0
6398	1
6399	0
6400	0
6401	0
6402	0
6403	0
6404	1
6405	0
6406	3
6407	1
6408	0
6409	0
6410	1
6411	1
6412	1
6413	0
6414	0
6415	1
6416	1
6417	3
6418	0
6419	1
6420	1
6421	0
6422	0
6423	1
6424	3
6425	0
6426	0
6427	1
6428	2
6429	1
6430	0
6431	0
6432	0
6433	1
6434	0
6435	0
6436	0
6437	1
6438	0
6439	0
6440	0
6441	0
6442	2
6443	3
6444	0
6445	0
6446	0
6447	0
6448	0
6449	1
6450	0
6451	0
6452	0
6453	0
6454	1
6455	0
6456	1
6457	0
6458	0
6459	2
6460	0
6461	0
6462	0
6463	0
6464	0
6465	0
6466	1
6467	1
6468	0
6469	0
6470	0
6471	0
6472	1
6473	1
6474	0
6475	1
6476	0
6477	1
6478	1
6479	1
6480	1
6481	1
6482	0
6483	0
6484	1
6485	0
6486	0
6487	0
6488	0
6489	1
6490	0
6491	0
6492	0
6493	1
6494	0
6495	1
6496	1
6497	1
6498	1
6499	0
6500	0
6501	0
6502	2
6503	0
6504	0
6505	0
6506	0
6507	0
6508	0
6509	0
6510	0
6511	1
6512	1
6513	1
6514	0
6515	0
6516	1
6517	0
6518	0
6519	0
6520	0
6521	1
6522	0
6523	1
6524	1
6525	2
6526	2
6527	0
6528	0
6529	0
6530	0
6531	1
6532	1
6533	0
6534	0
6535	0
6536	0
6537	0
6538	0
6539	0
6540	1
6541	1
6542	0
6543	1
6544	1
6545	1
6546	1
6547	0
6548	1
6549	1
6550	1
6551	0
6552	1
6553	1
6554	1
6555	1
6556	0
6557	0
6558	1
6559	1
6560	0
6561	1
6562	0
6563	2
6564	0
6565	0
6566	0
6567	1
6568	0
6569	1
6570	0
6571	0
6572	1
6573	1
6574	0
6575	0
6576	0
6577	0
6578	0
6579	1
6580	0
6581	1
6582	0
6583	0
6584	0
6585	1
6586	2
6587	1
6588	0
6589	1
6590	0
6591	0
6592	0
6593	0
6594	0
6595	1
6596	1
6597	1
6598	1
6599	0
6600	0
6601	0
6602	0
6603	0
6604	0
6605	1
6606	0
6607	0
6608	0
6609	2
6610	0
6611	0
6612	1
6613	1
6614	0
6615	0
6616	2
6617	0
6618	0
6619	0
6620	0
6621	1
6622	0
6623	1
6624	1
6625	1
6626	0
6627	2
6628	0
6629	1
6630	0
6631	1
6632	0
6633	0
6634	1
6635	0
6636	0
6637	0
6638	0
6639	1
6640	1
6641	2
6642	1
6643	0
6644	1
6645	0
6646	0
6647	0
6648	0
6649	2
6650	1
6651	0
6652	0
6653	0
6654	1
6655	1
6656	0
6657	1
6658	1
6659	0
6660	0
6661	0
6662	1
6663	0
6664	0
6665	1
6666	1
6667	0
6668	0
6669	1
6670	1
6671	1
6672	1
6673	0
6674	0
6675	1
6676	1
6677	0
6678	2
6679	0
6680	1
6681	2
6682	0
6683	1
6684	1
6685	0
6686	0
6687	1
6688	0
6689	1
6690	0
6691	2
6692	0
6693	0
6694	1
6695	0
6696	1
6697	0
6698	1
6699	1
6700	1
6701	0
6702	0
6703	0
6704	2
6705	0
6706	1
6707	1
6708	0
6709	0
6710	1
6711	0
6712	0
6713	0
6714	0
6715	0
6716	1
6717	1
6718	0
6719	0
6720	0
6721	0
6722	2
6723	1
6724	0
6725	1
6726	0
6727	0
6728	0
6729	3
6730	2
6731	1
6732	1
6733	0
6734	1
6735	2
6736	0
6737	2
6738	1
6739	0
6740	1
6741	0
6742	1
6743	0
6744	0
6745	1
6746	1
6747	1
6748	1
6749	0
6750	0
6751	1
6752	0
6753	1
6754	0
6755	0
6756	0
6757	1
6758	0
6759	0
6760	0
6761	0
6762	0
6763	0
6764	0
6765	0
6766	0
6767	0
6768	2
6769	1
6770	1
6771	0
6772	0
6773	1
6774	0
6775	0
6776	1
6777	1
6778	2
6779	0
6780	1
6781	0
6782	0
6783	1
6784	0
6785	2
6786	0
6787	0
6788	0
6789	0
6790	0
6791	0
6792	0
6793	0
6794	1
6795	0
6796	1
6797	0
6798	0
6799	0
6800	0
6801	0
6802	0
6803	0
6804	0
6805	1
6806	0
6807	0
6808	2
6809	0
6810	0
6811	1
6812	0
6813	0
6814	1
6815	1
6816	0
6817	1
6818	1
6819	1
6820	0
6821	1
6822	0
6823	0
6824	0
6825	0
6826	1
6827	0
6828	1
6829	0
6830	1
6831	1
6832	0
6833	0
6834	0
6835	0
6836	0
6837	0
6838	0
6839	1
6840	0
6841	1
6842	0
6843	0
6844	0
6845	0
6846	0
6847	1
6848	1
6849	0
6850	1
6851	0
6852	2
6853	0
6854	0
6855	0
6856	2
6857	0
6858	0
6859	0
6860	0
6861	1
6862	0
6863	0
6864	1
6865	1
6866	0
6867	0
6868	0
6869	0
6870	0
6871	1
6872	0
6873	0
6874	0
6875	0
6876	0
6877	1
6878	2
6879	1
6880	0
6881	1
6882	0
6883	0
6884	1
6885	0
6886	3
6887	0
6888	0
6889	0
6890	0
6891	0
6892	1
6893	0
6894	0
6895	1
6896	0
6897	1
6898	0
6899	0
6900	1
6901	2
6902	0
6903	1
6904	1
6905	0
6906	0
6907	1
6908	0
6909	1
6910	0
6911	1
6912	0
6913	0
6914	1
6915	0
6916	1
6917	2
6918	0
6919	0
6920	0
6921	0
6922	0
6923	1
6924	1
6925	0
6926	0
6927	0
6928	0
6929	0
6930	0
6931	1
6932	2
6933	0
6934	0
6935	1
6936	0
6937	0
6938	2
6939	1
6940	0
6941	0
6942	0
6943	1
6944	0
6945	0
6946	1
6947	1
6948	1
6949	0
6950	0
6951	2
6952	2
6953	1
6954	3
6955	0
6956	1
6957	0
6958	1
6959	1
6960	1
6961	0
6962	0
6963	1
6964	1
6965	0
6966	0
6967	0
6968	1
6969	1
6970	0
6971	1
6972	0
6973	0
6974	1
6975	1
6976	0
6977	1
6978	1
6979	0
6980	0
6981	0
6982	0
6983	0
6984	0
6985	0
6986	0
6987	0
6988	0
6989	2
6990	1
6991	0
6992	0
6993	0
6994	0
6995	0
6996	0
6997	1
6998	0
6999	0
7000	0
7001	0
7002	0
7003	1
7004	1
7005	1
7006	0
7007	1
7008	1
7009	1
7010	1
7011	0
7012	1
7013	1
7014	0
7015	1
7016	1
7017	0
7018	1
7019	1
7020	0
7021	0
7022	2
7023	1
7024	0
7025	0
7026	0
7027	1
7028	1
7029	0
7030	0
7031	1
7032	0
7033	0
7034	0
7035	1
7036	0
7037	0
7038	1
7039	0
7040	0
7041	0
7042	0
7043	2
7044	0
7045	0
7046	0
7047	1
7048	2
7049	2
7050	0
7051	1
7052	1
7053	1
7054	0
7055	0
7056	0
7057	0
7058	0
7059	0
7060	0
7061	0
7062	0
7063	1
7064	1
7065	0
7066	0
7067	0
7068	0
7069	0
7070	0
7071	1
7072	1
7073	0
7074	2
7075	2
7076	0
7077	0
7078	1
7079	0
7080	1
7081	0
7082	2
7083	2
7084	1
7085	2
7086	0
7087	0
7088	0
7089	0
7090	0
7091	0
7092	0
7093	0
7094	0
7095	1
7096	1
7097	0
7098	0
7099	3
7100	0
7101	1
7102	0
7103	0
7104	1
7105	1
7106	0
7107	3
7108	1
7109	0
7110	2
7111	1
7112	0
7113	0
7114	1
7115	0
7116	0
7117	1
7118	0
7119	0
7120	0
7121	0
7122	0
7123	2
7124	0
7125	3
7126	2
7127	0
7128	1
7129	0
7130	1
7131	0
7132	0
7133	1
7134	0
7135	1
7136	0
7137	0
7138	0
7139	0
7140	0
7141	0
7142	1
7143	0
7144	2
7145	1
7146	1
7147	0
7148	1
7149	0
7150	0
7151	1
7152	0
7153	0
7154	0
7155	0
7156	0
7157	0
7158	1
7159	0
7160	0
7161	0
7162	1
7163	0
7164	1
7165	1
7166	0
7167	1
7168	1
7169	0
7170	0
7171	0
7172	2
7173	0
7174	2
7175	2
7176	0
7177	2
7178	1
7179	0
7180	3
7181	0
7182	1
7183	1
7184	0
7185	0
7186	1
7187	0
7188	0
7189	1
7190	0
7191	0
7192	1
7193	0
7194	0
7195	0
7196	0
7197	1
7198	0
7199	0
7200	1
7201	0
7202	1
7203	0
7204	0
7205	1
7206	1
7207	1
7208	1
7209	0
7210	0
7211	1
7212	0
7213	0
7214	0
7215	1
7216	1
7217	1
7218	0
7219	2
7220	0
7221	0
7222	2
7223	1
7224	0
7225	0
7226	1
7227	0
7228	0
7229	0
7230	1
7231	1
7232	0
7233	0
7234	1
7235	0
7236	1
7237	0
7238	0
7239	0
7240	0
7241	1
7242	0
7243	0
7244	0
7245	0
7246	1
7247	1
7248	1
7249	1
7250	0
7251	0
7252	2
7253	1
7254	2
7255	0
7256	1
7257	0
7258	1
7259	0
7260	0
7261	1
7262	1
7263	1
7264	0
7265	0
7266	0
7267	1
7268	0
7269	1
7270	0
7271	1
7272	0
7273	0
7274	1
7275	0
7276	0
7277	0
7278	1
7279	0
7280	0
7281	0
7282	1
7283	0
7284	0
7285	0
7286	0
7287	0
7288	1
7289	0
7290	0
7291	1
7292	0
7293	0
7294	0
7295	1
7296	0
7297	0
7298	0
7299	2
7300	1
7301	0
7302	0
7303	1
7304	0
7305	0
7306	0
7307	3
7308	0
7309	0
7310	2
7311	1
7312	0
7313	0
7314	0
7315	0
7316	2
7317	0
7318	0
7319	1
7320	0
7321	2
7322	0
7323	0
7324	0
7325	0
7326	0
7327	1
7328	1
7329	0
7330	1
7331	0
7332	0
7333	0
7334	0
7335	0
7336	0
7337	0
7338	0
7339	0
7340	0
7341	1
7342	0
7343	1
7344	0
7345	1
7346	0
7347	0
7348	0
7349	0
7350	0
7351	0
7352	2
7353	2
7354	0
7355	1
7356	1
7357	1
7358	1
7359	1
7360	1
7361	2
7362	0
7363	1
7364	0
7365	0
7366	0
7367	0
7368	0
7369	0
7370	1
7371	0
7372	0
7373	1
7374	1
7375	0
7376	3
7377	2
7378	0
7379	0
7380	0
7381	0
7382	0
7383	1
7384	0
7385	1
7386	0
7387	0
7388	0
7389	0
7390	0
7391	3
7392	0
7393	1
7394	0
7395	0
7396	2
7397	0
7398	0
7399	1
7400	0
7401	0
7402	0
7403	1
7404	0
7405	0
7406	0
7407	1
7408	0
7409	0
7410	0
7411	0
7412	0
7413	0
7414	0
7415	0
7416	0
7417	2
7418	1
7419	0
7420	0
7421	1
7422	0
7423	0
7424	1
7425	1
7426	0
7427	0
7428	0
7429	0
7430	0
7431	0
7432	0
7433	0
7434	1
7435	0
7436	1
7437	0
7438	0
7439	0
7440	0
7441	0
7442	0
7443	0
7444	0
7445	1
7446	0
7447	0
7448	0
7449	0
7450	0
7451	0
7452	1
7453	0
7454	1
7455	0
7456	0
7457	1
7458	1
7459	1
7460	0
7461	2
7462	0
7463	0
7464	1
7465	0
7466	0
7467	0
7468	0
7469	0
7470	0
7471	1
7472	2
7473	0
7474	0
7475	1
7476	1
7477	0
7478	1
7479	2
7480	1
7481	0
7482	0
7483	1
7484	0
7485	0
7486	0
7487	0
7488	0
7489	1
7490	0
7491	1
7492	0
7493	1
7494	0
7495	0
7496	2
7497	0
7498	1
7499	0
7500	1
7501	1
7502	0
7503	0
7504	0
7505	1
7506	0
7507	0
7508	0
7509	1
7510	0
7511	0
7512	0
7513	1
7514	3
7515	0
7516	0
7517	0
7518	1
7519	2
7520	1
7521	1
7522	1
7523	0
7524	2
7525	1
7526	1
7527	0
7528	0
7529	1
7530	0
7531	2
7532	0
7533	0
7534	0
7535	0
7536	1
7537	0
7538	1
7539	0
7540	0
7541	0
7542	1
7543	0
7544	0
7545	0
7546	2
7547	0
7548	0
7549	0
7550	1
7551	0
7552	0
7553	0
7554	0
7555	1
7556	1
7557	1
7558	0
7559	0
7560	1
7561	1
7562	0
7563	0
7564	0
7565	0
7566	0
7567	0
7568	0
7569	0
7570	1
7571	0
7572	0
7573	1
7574	1
7575	0
7576	0
7577	0
7578	0
7579	1
7580	1
7581	2
7582	0
7583	0
7584	1
7585	1
7586	1
7587	0
7588	1
7589	0
7590	0
7591	0
7592	1
7593	0
7594	3
7595	0
7596	0
7597	1
7598	2
7599	0
7600	0
7601	0
7602	2
7603	0
7604	0
7605	1
7606	0
7607	0
7608	1
7609	0
7610	1
7611	0
7612	0
7613	1
7614	0
7615	1
7616	0
7617	0
7618	1
7619	0
7620	0
7621	1
7622	2
7623	0
7624	0
7625	0
7626	0
7627	0
7628	1
7629	0
7630	0
7631	1
7632	0
7633	1
7634	1
7635	0
7636	1
7637	1
7638	2
7639	0
7640	0
7641	2
7642	0
7643	1
7644	0
7645	0
7646	0
7647	0
7648	0
7649	1
7650	1
7651	0
7652	0
7653	0
7654	0
7655	0
7656	0
7657	0
7658	1
7659	0
7660	0
7661	1
7662	0
7663	0
7664	0
7665	1
7666	0
7667	0
7668	1
7669	0
7670	1
7671	0
7672	0
7673	0
7674	0
7675	0
7676	0
7677	0
7678	2
7679	1
7680	0
7681	0
7682	2
7683	0
7684	0
7685	0
7686	0
7687	0
7688	0
7689	1
7690	0
7691	0
7692	0
7693	0
7694	0
7695	0
7696	1
7697	0
7698	0
7699	1
7700	0
7701	1
7702	1
7703	0
7704	0
7705	0
7706	2
7707	0
7708	1
7709	0
7710	0
7711	0
7712	0
7713	3
7714	0
7715	1
7716	1
7717	0
7718	1
7719	0
7720	0
7721	0
7722	0
7723	0
7724	0
7725	0
7726	1
7727	1
7728	0
7729	1
7730	2
7731	0
7732	0
7733	0
7734	0
7735	0
7736	1
7737	0
7738	0
7739	2
7740	0
7741	0
7742	0
7743	1
7744	0
7745	1
7746	0
7747	0
7748	1
7749	0
7750	1
7751	0
7752	0
7753	0
7754	0
7755	1
7756	0
7757	1
7758	0
7759	0
7760	1
7761	0
7762	0
7763	0
7764	0
7765	0
7766	0
7767	1
7768	0
7769	0
7770	0
7771	0
7772	0
7773	1
7774	1
7775	1
7776	1
7777	3
7778	0
7779	0
7780	1
7781	0
7782	1
7783	0
7784	0
7785	1
7786	1
7787	1
7788	0
7789	1
7790	0
7791	0
7792	0
7793	1
7794	0
7795	1
7796	1
7797	0
7798	0
7799	0
7800	0
7801	1
7802	1
7803	0
7804	1
7805	0
7806	0
7807	3
7808	0
7809	0
7810	0
7811	0
7812	0
7813	0
7814	1
7815	1
7816	1
7817	0
7818	0
7819	2
7820	0
7821	0
7822	0
7823	0
7824	0
7825	0
7826	1
7827	0
7828	1
7829	0
7830	0
7831	0
7832	0
7833	2
7834	0
7835	1
7836	0
7837	0
7838	0
7839	0
7840	0
7841	0
7842	1
7843	0
7844	0
7845	0
7846	0
7847	1
7848	1
7849	0
7850	0
7851	1
7852	0
7853	0
7854	1
7855	0
7856	0
7857	1
7858	0
7859	0
7860	1
7861	0
7862	0
7863	0
7864	0
7865	1
7866	0
7867	0
7868	3
7869	0
7870	0
7871	1
7872	0
7873	0
7874	0
7875	0
7876	0
7877	0
7878	0
7879	0
7880	1
7881	0
7882	0
7883	1
7884	0
7885	0
7886	0
7887	2
7888	0
7889	0
7890	2
7891	0
7892	1
7893	1
7894	1
7895	0
7896	1
7897	0
7898	0
7899	0
7900	0
7901	0
7902	1
7903	0
7904	0
7905	0
7906	0
7907	1
7908	0
7909	1
7910	0
7911	0
7912	0
7913	0
7914	0
7915	0
7916	0
7917	0
7918	0
7919	0
7920	0
7921	0
7922	1
7923	0
7924	0
7925	0
7926	1
7927	1
7928	0
7929	0
7930	1
7931	0
7932	1
7933	0
7934	3
7935	0
7936	0
7937	0
7938	0
7939	1
7940	0
7941	0
7942	0
7943	1
7944	0
7945	0
7946	0
7947	0
7948	1
7949	0
7950	0
7951	0
7952	0
7953	1
7954	0
7955	0
7956	0
7957	1
7958	0
7959	0
7960	0
7961	0
7962	0
7963	1
7964	0
7965	1
7966	1
7967	0
7968	1
7969	0
7970	0
7971	1
7972	0
7973	0
7974	0
7975	0
7976	0
7977	0
7978	0
7979	1
7980	0
7981	1
7982	1
7983	0
7984	1
7985	0
7986	0
7987	0
7988	1
7989	0
7990	1
7991	0
7992	0
7993	0
7994	1
7995	1
7996	0
7997	1
7998	0
7999	1
8000	0
8001	0
8002	0
8003	0
8004	0
8005	0
8006	1
8007	1
8008	1
8009	1
8010	0
8011	0
8012	1
8013	2
8014	0
8015	0
8016	0
8017	2
8018	1
8019	0
8020	0
8021	0
8022	0
8023	2
8024	0
8025	0
8026	0
8027	0
8028	1
8029	0
8030	0
8031	1
8032	0
8033	1
8034	1
8035	2
8036	0
8037	0
8038	0
8039	1
8040	1
8041	1
8042	0
8043	0
8044	0
8045	1
8046	1
8047	0
8048	0
8049	1
8050	0
8051	0
8052	0
8053	0
8054	2
8055	1
8056	0
8057	1
8058	0
8059	0
8060	1
8061	0
8062	0
8063	0
8064	0
8065	0
8066	0
8067	0
8068	0
8069	0
8070	0
8071	0
8072	0
8073	0
8074	0
8075	0
8076	0
8077	0
8078	0
8079	0
8080	0
8081	0
8082	0
8083	0
8084	0
8085	0
8086	0
8087	0
8088	0
8089	0
8090	0
8091	0
8092	0
8093	0
8094	0
8095	0
8096	0
8097	0
8098	0
8099	0
8100	0
8101	0
8102	0
8103	0
8104	0
8105	0
8106	0
8107	0
8108	0
8109	0
8110	0
8111	0
8112	0
8113	0
8114	0
8115	0
8116	0
8117	0
8118	0
8119	0
8120	0
8121	0
8122	0
8123	0
8124	0
8125	0
8126	0
8127	0
8128	0
8129	0
8130	0
8131	0
8132	0
8133	0
8134	0
8135	0
8136	0
8137	0
8138	0
8139	0
8140	0
8141	0
8142	0
8143	0
8144	0
8145	0
8146	0
8147	0
8148	0
8149	0
8150	0
8151	0
8152	0
8153	0
8154	0
8155	0
8156	0
8157	0
8158	0
8159	0
8160	0
8161	0
8162	0
8163	0
8164	0
8165	0
8166	0
8167	0
8168	0
8169	0
8170	0
8171	0
8172	0
8173	0
8174	0
8175	0
8176	0
8177	0
8178	0
8179	0
8180	0
8181	0
8182	0
8183	0
8184	0
8185	0
8186	0
8187	0
8188	0
8189	0
8190	0
8191	0
