-2	21097.8
-1	21117.06
0	0
1	0
2	0
3	0
4	0
5	0
6	0
7	0
8	0
9	0
10	0
11	0
12	0
13	0
14	0
15	0
16	0
17	0
18	0
19	0
20	0
21	0
22	0
23	0
24	0
25	0
26	0
27	0
28	0
29	0
30	0
31	0
32	0
33	0
34	0
35	0
36	0
37	0
38	0
39	0
40	0
41	0
42	0
43	0
44	0
45	0
46	0
47	0
48	1
49	91
50	389
51	496
52	575
53	642
54	705
55	842
56	787
57	888
58	849
59	863
60	806
61	703
62	757
63	785
64	896
65	851
66	885
67	795
68	748
69	781
70	761
71	814
72	789
73	888
74	874
75	864
76	734
77	698
78	628
79	679
80	619
81	626
82	601
83	620
84	569
85	601
86	558
87	618
88	564
89	540
90	570
91	553
92	554
93	547
94	561
95	560
96	534
97	500
98	562
99	550
100	553
101	518
102	538
103	596
104	591
105	556
106	548
107	544
108	578
109	555
110	556
111	564
112	586
113	575
114	542
115	528
116	558
117	535
118	546
119	525
120	572
121	596
122	576
123	603
124	549
125	566
126	610
127	548
128	599
129	593
130	635
131	567
132	604
133	633
134	610
135	618
136	628
137	607
138	608
139	614
140	645
141	617
142	612
143	595
144	635
145	633
146	609
147	658
148	670
149	644
150	709
151	663
152	604
153	621
154	695
155	730
156	758
157	626
158	661
159	672
160	661
161	659
162	680
163	669
164	660
165	666
166	624
167	654
168	691
169	638
170	620
171	709
172	735
173	673
174	687
175	720
176	697
177	692
178	664
179	668
180	731
181	703
182	722
183	699
184	694
185	685
186	670
187	655
188	700
189	683
190	701
191	712
192	671
193	713
194	670
195	734
196	721
197	658
198	705
199	656
200	685
201	698
202	736
203	705
204	601
205	693
206	727
207	624
208	741
209	721
210	644
211	703
212	704
213	688
214	661
215	657
216	670
217	682
218	713
219	710
220	757
221	731
222	693
223	677
224	646
225	657
226	690
227	675
228	709
229	666
230	705
231	717
232	690
233	684
234	644
235	672
236	645
237	658
238	673
239	655
240	691
241	658
242	686
243	573
244	672
245	583
246	652
247	635
248	642
249	618
250	639
251	647
252	605
253	615
254	606
255	637
256	647
257	616
258	536
259	596
260	642
261	599
262	582
263	586
264	641
265	578
266	619
267	617
268	592
269	594
270	611
271	569
272	612
273	607
274	615
275	612
276	618
277	565
278	636
279	567
280	624
281	598
282	581
283	612
284	573
285	556
286	582
287	610
288	542
289	574
290	529
291	556
292	563
293	589
294	573
295	570
296	589
297	591
298	567
299	577
300	584
301	555
302	557
303	572
304	584
305	593
306	540
307	588
308	524
309	547
310	519
311	548
312	525
313	481
314	573
315	495
316	495
317	540
318	567
319	541
320	531
321	514
322	547
323	567
324	542
325	560
326	547
327	580
328	512
329	588
330	586
331	553
332	569
333	615
334	539
335	511
336	546
337	542
338	539
339	507
340	536
341	542
342	547
343	659
344	804
345	949
346	950
347	773
348	624
349	579
350	556
351	508
352	579
353	582
354	516
355	589
356	669
357	810
358	749
359	622
360	526
361	489
362	500
363	534
364	537
365	515
366	606
367	787
368	850
369	947
370	1245
371	1494
372	1447
373	1059
374	705
375	538
376	492
377	558
378	514
379	469
380	475
381	494
382	463
383	464
384	436
385	467
386	499
387	447
388	493
389	467
390	450
391	497
392	473
393	429
394	429
395	406
396	445
397	397
398	421
399	433
400	428
401	414
402	420
403	420
404	423
405	463
406	620
407	891
408	1023
409	925
410	764
411	590
412	495
413	427
414	399
415	558
416	749
417	780
418	661
419	502
420	440
421	376
422	363
423	424
424	460
425	523
426	452
427	379
428	387
429	392
430	374
431	383
432	408
433	402
434	395
435	356
436	382
437	354
438	400
439	389
440	395
441	395
442	393
443	350
444	442
445	378
446	362
447	340
448	376
449	379
450	347
451	373
452	341
453	383
454	321
455	339
456	394
457	392
458	391
459	384
460	393
461	413
462	393
463	437
464	452
465	438
466	381
467	350
468	335
469	328
470	371
471	429
472	412
473	390
474	386
475	334
476	331
477	339
478	381
479	330
480	340
481	327
482	369
483	337
484	335
485	322
486	323
487	349
488	354
489	359
490	330
491	340
492	333
493	328
494	320
495	332
496	284
497	309
498	340
499	328
500	354
501	392
502	366
503	324
504	360
505	352
506	335
507	321
508	330
509	335
510	359
511	339
512	329
513	315
514	321
515	338
516	345
517	333
518	328
519	329
520	288
521	317
522	347
523	340
524	322
525	309
526	272
527	333
528	295
529	336
530	331
531	303
532	266
533	312
534	327
535	315
536	347
537	317
538	317
539	339
540	333
541	276
542	291
543	291
544	263
545	278
546	287
547	310
548	288
549	321
550	312
551	294
552	305
553	299
554	281
555	299
556	281
557	273
558	284
559	340
560	391
561	567
562	865
563	1448
564	2204
565	2668
566	2447
567	2052
568	1450
569	828
570	520
571	403
572	313
573	309
574	306
575	294
576	266
577	273
578	298
579	282
580	257
581	260
582	263
583	256
584	253
585	296
586	235
587	248
588	244
589	271
590	261
591	261
592	226
593	254
594	253
595	272
596	216
597	237
598	258
599	254
600	232
601	266
602	224
603	266
604	253
605	230
606	231
607	240
608	230
609	238
610	234
611	220
612	241
613	228
614	233
615	226
616	202
617	238
618	217
619	228
620	228
621	222
622	215
623	229
624	254
625	241
626	233
627	239
628	248
629	291
630	236
631	213
632	252
633	256
634	265
635	241
636	227
637	245
638	223
639	230
640	257
641	231
642	231
643	236
644	302
645	278
646	273
647	236
648	224
649	240
650	238
651	219
652	241
653	230
654	234
655	198
656	222
657	216
658	231
659	261
660	295
661	323
662	321
663	344
664	319
665	338
666	356
667	344
668	328
669	358
670	298
671	340
672	379
673	378
674	407
675	391
676	374
677	311
678	298
679	318
680	346
681	326
682	342
683	413
684	533
685	547
686	482
687	316
688	290
689	246
690	305
691	274
692	249
693	273
694	258
695	252
696	260
697	250
698	280
699	252
700	241
701	229
702	223
703	238
704	241
705	230
706	255
707	246
708	254
709	248
710	225
711	232
712	255
713	232
714	225
715	229
716	260
717	241
718	190
719	220
720	272
721	342
722	387
723	360
724	265
725	243
726	221
727	193
728	188
729	258
730	543
731	1032
732	1585
733	1766
734	1252
735	662
736	338
737	227
738	196
739	181
740	235
741	207
742	203
743	185
744	172
745	188
746	182
747	174
748	185
749	188
750	178
751	197
752	199
753	193
754	194
755	179
756	190
757	182
758	203
759	185
760	254
761	346
762	319
763	277
764	235
765	259
766	260
767	250
768	240
769	260
770	288
771	264
772	241
773	217
774	222
775	216
776	219
777	216
778	214
779	227
780	212
781	209
782	190
783	222
784	231
785	232
786	219
787	221
788	199
789	183
790	201
791	183
792	175
793	198
794	193
795	233
796	378
797	669
798	989
799	967
800	660
801	401
802	235
803	193
804	193
805	179
806	188
807	181
808	184
809	181
810	163
811	177
812	156
813	181
814	211
815	244
816	261
817	267
818	194
819	196
820	200
821	164
822	191
823	168
824	153
825	164
826	181
827	162
828	151
829	153
830	142
831	146
832	165
833	156
834	164
835	180
836	206
837	176
838	165
839	160
840	156
841	153
842	148
843	148
844	164
845	158
846	152
847	165
848	199
849	182
850	176
851	193
852	182
853	176
854	190
855	165
856	174
857	133
858	126
859	150
860	147
861	169
862	132
863	154
864	151
865	132
866	154
867	162
868	135
869	130
870	136
871	128
872	143
873	170
874	135
875	179
876	182
877	174
878	153
879	165
880	164
881	158
882	121
883	142
884	140
885	145
886	139
887	139
888	157
889	154
890	131
891	136
892	154
893	154
894	132
895	149
896	146
897	152
898	151
899	120
900	126
901	148
902	131
903	131
904	150
905	126
906	118
907	126
908	117
909	108
910	137
911	133
912	143
913	135
914	142
915	124
916	114
917	126
918	126
919	125
920	134
921	141
922	159
923	149
924	170
925	166
926	168
927	186
928	182
929	186
930	172
931	181
932	183
933	199
934	195
935	203
936	205
937	208
938	207
939	173
940	189
941	140
942	160
943	171
944	168
945	191
946	174
947	154
948	155
949	153
950	164
951	162
952	179
953	172
954	156
955	162
956	167
957	144
958	149
959	151
960	168
961	151
962	157
963	156
964	148
965	174
966	170
967	144
968	135
969	138
970	134
971	162
972	157
973	135
974	134
975	160
976	161
977	148
978	153
979	139
980	157
981	126
982	148
983	123
984	122
985	135
986	129
987	147
988	156
989	180
990	157
991	160
992	168
993	134
994	147
995	154
996	145
997	143
998	170
999	144
1000	152
1001	125
1002	147
1003	134
1004	139
1005	147
1006	173
1007	204
1008	177
1009	153
1010	163
1011	116
1012	124
1013	126
1014	143
1015	116
1016	141
1017	127
1018	158
1019	134
1020	130
1021	125
1022	134
1023	130
1024	122
1025	115
1026	136
1027	117
1028	134
1029	121
1030	132
1031	141
1032	110
1033	121
1034	135
1035	130
1036	115
1037	128
1038	122
1039	107
1040	107
1041	142
1042	115
1043	108
1044	101
1045	132
1046	107
1047	120
1048	134
1049	124
1050	111
1051	110
1052	137
1053	120
1054	87
1055	108
1056	108
1057	114
1058	94
1059	117
1060	125
1061	117
1062	162
1063	169
1064	195
1065	171
1066	159
1067	122
1068	130
1069	137
1070	150
1071	147
1072	148
1073	120
1074	109
1075	98
1076	126
1077	114
1078	109
1079	121
1080	113
1081	114
1082	117
1083	115
1084	94
1085	104
1086	104
1087	109
1088	123
1089	114
1090	120
1091	106
1092	105
1093	114
1094	117
1095	121
1096	114
1097	104
1098	90
1099	119
1100	110
1101	100
1102	121
1103	114
1104	100
1105	121
1106	122
1107	100
1108	105
1109	105
1110	97
1111	95
1112	98
1113	109
1114	103
1115	105
1116	134
1117	96
1118	116
1119	133
1120	133
1121	136
1122	132
1123	122
1124	134
1125	110
1126	107
1127	122
1128	133
1129	112
1130	120
1131	130
1132	104
1133	72
1134	99
1135	109
1136	111
1137	109
1138	115
1139	101
1140	120
1141	104
1142	113
1143	120
1144	102
1145	102
1146	114
1147	106
1148	99
1149	100
1150	87
1151	102
1152	115
1153	126
1154	122
1155	131
1156	126
1157	131
1158	146
1159	141
1160	121
1161	127
1162	147
1163	135
1164	110
1165	121
1166	126
1167	121
1168	108
1169	120
1170	110
1171	139
1172	128
1173	116
1174	113
1175	115
1176	123
1177	123
1178	121
1179	131
1180	115
1181	109
1182	126
1183	105
1184	123
1185	124
1186	113
1187	118
1188	125
1189	119
1190	117
1191	95
1192	104
1193	109
1194	94
1195	105
1196	96
1197	107
1198	113
1199	105
1200	109
1201	120
1202	128
1203	82
1204	112
1205	102
1206	112
1207	108
1208	139
1209	108
1210	91
1211	96
1212	85
1213	98
1214	93
1215	114
1216	106
1217	96
1218	100
1219	87
1220	106
1221	103
1222	105
1223	94
1224	106
1225	93
1226	111
1227	135
1228	110
1229	104
1230	87
1231	139
1232	127
1233	121
1234	128
1235	117
1236	131
1237	164
1238	161
1239	183
1240	155
1241	138
1242	131
1243	111
1244	91
1245	101
1246	110
1247	121
1248	108
1249	99
1250	132
1251	97
1252	107
1253	108
1254	114
1255	114
1256	96
1257	95
1258	111
1259	111
1260	104
1261	102
1262	120
1263	102
1264	99
1265	94
1266	94
1267	112
1268	105
1269	119
1270	93
1271	90
1272	105
1273	103
1274	98
1275	105
1276	112
1277	96
1278	108
1279	96
1280	93
1281	77
1282	117
1283	81
1284	87
1285	102
1286	92
1287	106
1288	101
1289	93
1290	78
1291	96
1292	94
1293	85
1294	85
1295	113
1296	105
1297	95
1298	104
1299	105
1300	77
1301	91
1302	90
1303	91
1304	90
1305	91
1306	96
1307	114
1308	84
1309	120
1310	102
1311	103
1312	94
1313	99
1314	95
1315	121
1316	97
1317	100
1318	82
1319	88
1320	106
1321	82
1322	105
1323	96
1324	84
1325	96
1326	79
1327	92
1328	70
1329	80
1330	108
1331	103
1332	105
1333	111
1334	101
1335	102
1336	99
1337	93
1338	99
1339	111
1340	117
1341	105
1342	105
1343	100
1344	113
1345	102
1346	110
1347	112
1348	110
1349	133
1350	110
1351	128
1352	125
1353	107
1354	102
1355	91
1356	107
1357	96
1358	117
1359	132
1360	119
1361	116
1362	105
1363	103
1364	100
1365	84
1366	134
1367	125
1368	122
1369	116
1370	103
1371	97
1372	98
1373	98
1374	91
1375	96
1376	88
1377	105
1378	122
1379	97
1380	98
1381	106
1382	93
1383	106
1384	93
1385	77
1386	106
1387	93
1388	77
1389	98
1390	101
1391	88
1392	92
1393	86
1394	93
1395	98
1396	82
1397	92
1398	86
1399	93
1400	87
1401	72
1402	92
1403	97
1404	98
1405	81
1406	110
1407	77
1408	95
1409	96
1410	87
1411	84
1412	99
1413	76
1414	79
1415	95
1416	81
1417	74
1418	88
1419	80
1420	96
1421	93
1422	91
1423	75
1424	70
1425	72
1426	92
1427	81
1428	82
1429	75
1430	86
1431	99
1432	87
1433	86
1434	93
1435	83
1436	74
1437	78
1438	89
1439	89
1440	74
1441	84
1442	81
1443	76
1444	73
1445	97
1446	80
1447	90
1448	79
1449	72
1450	77
1451	86
1452	95
1453	74
1454	65
1455	75
1456	88
1457	74
1458	87
1459	95
1460	79
1461	83
1462	82
1463	81
1464	88
1465	105
1466	103
1467	113
1468	110
1469	94
1470	84
1471	83
1472	63
1473	88
1474	89
1475	80
1476	77
1477	87
1478	86
1479	74
1480	76
1481	61
1482	89
1483	68
1484	70
1485	76
1486	73
1487	67
1488	81
1489	84
1490	68
1491	81
1492	61
1493	70
1494	76
1495	74
1496	62
1497	83
1498	67
1499	86
1500	75
1501	62
1502	71
1503	62
1504	89
1505	76
1506	71
1507	72
1508	57
1509	64
1510	80
1511	73
1512	65
1513	49
1514	71
1515	60
1516	62
1517	61
1518	65
1519	66
1520	70
1521	67
1522	85
1523	75
1524	80
1525	77
1526	54
1527	75
1528	58
1529	62
1530	60
1531	93
1532	68
1533	65
1534	72
1535	73
1536	65
1537	68
1538	76
1539	96
1540	60
1541	62
1542	65
1543	60
1544	70
1545	60
1546	59
1547	77
1548	75
1549	69
1550	63
1551	70
1552	60
1553	88
1554	69
1555	76
1556	70
1557	78
1558	81
1559	79
1560	68
1561	88
1562	77
1563	68
1564	62
1565	68
1566	69
1567	76
1568	61
1569	63
1570	67
1571	64
1572	66
1573	60
1574	70
1575	62
1576	59
1577	68
1578	80
1579	61
1580	70
1581	71
1582	70
1583	70
1584	60
1585	68
1586	61
1587	77
1588	69
1589	60
1590	72
1591	58
1592	77
1593	62
1594	68
1595	62
1596	61
1597	65
1598	72
1599	90
1600	59
1601	71
1602	71
1603	71
1604	73
1605	72
1606	83
1607	76
1608	85
1609	72
1610	134
1611	175
1612	345
1613	536
1614	675
1615	617
1616	475
1617	222
1618	131
1619	81
1620	59
1621	62
1622	71
1623	54
1624	66
1625	61
1626	70
1627	70
1628	62
1629	70
1630	69
1631	78
1632	71
1633	62
1634	76
1635	79
1636	77
1637	67
1638	84
1639	68
1640	69
1641	75
1642	67
1643	65
1644	65
1645	54
1646	75
1647	62
1648	69
1649	70
1650	66
1651	74
1652	64
1653	68
1654	73
1655	62
1656	57
1657	62
1658	67
1659	65
1660	75
1661	76
1662	77
1663	69
1664	55
1665	51
1666	73
1667	66
1668	77
1669	82
1670	73
1671	77
1672	62
1673	70
1674	75
1675	59
1676	60
1677	65
1678	63
1679	71
1680	61
1681	66
1682	52
1683	51
1684	62
1685	46
1686	70
1687	45
1688	70
1689	74
1690	61
1691	51
1692	61
1693	73
1694	48
1695	61
1696	45
1697	56
1698	74
1699	60
1700	58
1701	63
1702	65
1703	59
1704	69
1705	54
1706	66
1707	70
1708	62
1709	55
1710	60
1711	66
1712	69
1713	64
1714	70
1715	45
1716	56
1717	68
1718	56
1719	48
1720	62
1721	54
1722	61
1723	55
1724	64
1725	66
1726	55
1727	57
1728	50
1729	47
1730	51
1731	73
1732	61
1733	63
1734	56
1735	70
1736	62
1737	56
1738	61
1739	53
1740	57
1741	54
1742	56
1743	54
1744	60
1745	57
1746	49
1747	53
1748	71
1749	63
1750	52
1751	52
1752	51
1753	75
1754	72
1755	62
1756	73
1757	62
1758	59
1759	52
1760	60
1761	54
1762	62
1763	57
1764	56
1765	67
1766	47
1767	57
1768	45
1769	49
1770	53
1771	53
1772	60
1773	53
1774	47
1775	47
1776	62
1777	42
1778	50
1779	57
1780	56
1781	58
1782	57
1783	52
1784	56
1785	48
1786	53
1787	55
1788	53
1789	56
1790	59
1791	63
1792	53
1793	48
1794	61
1795	65
1796	48
1797	44
1798	57
1799	47
1800	52
1801	56
1802	59
1803	53
1804	58
1805	63
1806	55
1807	56
1808	60
1809	60
1810	62
1811	54
1812	42
1813	46
1814	62
1815	40
1816	57
1817	35
1818	50
1819	54
1820	56
1821	58
1822	46
1823	57
1824	50
1825	53
1826	47
1827	59
1828	42
1829	47
1830	55
1831	47
1832	45
1833	54
1834	52
1835	48
1836	63
1837	49
1838	46
1839	49
1840	48
1841	56
1842	41
1843	49
1844	68
1845	49
1846	50
1847	52
1848	54
1849	58
1850	38
1851	65
1852	40
1853	44
1854	65
1855	50
1856	48
1857	43
1858	51
1859	54
1860	45
1861	53
1862	50
1863	50
1864	56
1865	60
1866	45
1867	37
1868	42
1869	55
1870	48
1871	53
1872	57
1873	51
1874	47
1875	64
1876	50
1877	49
1878	49
1879	48
1880	64
1881	62
1882	48
1883	40
1884	44
1885	59
1886	59
1887	59
1888	59
1889	58
1890	59
1891	58
1892	54
1893	47
1894	56
1895	53
1896	55
1897	69
1898	53
1899	56
1900	58
1901	50
1902	52
1903	48
1904	58
1905	50
1906	53
1907	57
1908	60
1909	64
1910	65
1911	70
1912	61
1913	66
1914	56
1915	56
1916	40
1917	60
1918	47
1919	50
1920	44
1921	65
1922	51
1923	51
1924	59
1925	49
1926	56
1927	53
1928	64
1929	54
1930	59
1931	59
1932	53
1933	50
1934	58
1935	59
1936	60
1937	39
1938	54
1939	62
1940	56
1941	53
1942	49
1943	60
1944	59
1945	54
1946	59
1947	76
1948	77
1949	112
1950	104
1951	94
1952	78
1953	82
1954	58
1955	39
1956	47
1957	55
1958	49
1959	50
1960	47
1961	63
1962	42
1963	49
1964	61
1965	53
1966	47
1967	54
1968	47
1969	42
1970	52
1971	60
1972	46
1973	38
1974	48
1975	49
1976	50
1977	42
1978	55
1979	44
1980	61
1981	43
1982	46
1983	44
1984	44
1985	43
1986	49
1987	53
1988	55
1989	55
1990	54
1991	51
1992	49
1993	50
1994	48
1995	43
1996	49
1997	31
1998	48
1999	48
2000	64
2001	37
2002	43
2003	50
2004	55
2005	49
2006	56
2007	57
2008	46
2009	44
2010	40
2011	64
2012	47
2013	55
2014	51
2015	48
2016	40
2017	49
2018	48
2019	57
2020	44
2021	46
2022	50
2023	47
2024	43
2025	52
2026	59
2027	48
2028	48
2029	60
2030	36
2031	45
2032	39
2033	46
2034	45
2035	49
2036	44
2037	55
2038	51
2039	46
2040	52
2041	53
2042	59
2043	44
2044	49
2045	43
2046	45
2047	59
2048	59
2049	55
2050	58
2051	44
2052	45
2053	45
2054	50
2055	56
2056	57
2057	60
2058	48
2059	43
2060	51
2061	57
2062	49
2063	45
2064	50
2065	35
2066	45
2067	43
2068	35
2069	50
2070	43
2071	43
2072	35
2073	46
2074	33
2075	43
2076	30
2077	51
2078	53
2079	33
2080	56
2081	46
2082	57
2083	50
2084	51
2085	51
2086	45
2087	47
2088	42
2089	50
2090	41
2091	44
2092	49
2093	58
2094	39
2095	46
2096	53
2097	41
2098	53
2099	47
2100	49
2101	44
2102	38
2103	50
2104	41
2105	56
2106	48
2107	45
2108	33
2109	55
2110	43
2111	38
2112	40
2113	53
2114	60
2115	44
2116	48
2117	48
2118	64
2119	45
2120	46
2121	51
2122	44
2123	44
2124	37
2125	50
2126	52
2127	44
2128	38
2129	45
2130	52
2131	41
2132	49
2133	44
2134	40
2135	54
2136	49
2137	45
2138	33
2139	39
2140	33
2141	48
2142	45
2143	49
2144	46
2145	45
2146	51
2147	55
2148	44
2149	44
2150	39
2151	40
2152	46
2153	55
2154	40
2155	46
2156	47
2157	52
2158	49
2159	51
2160	53
2161	46
2162	56
2163	53
2164	44
2165	46
2166	48
2167	48
2168	37
2169	46
2170	47
2171	37
2172	53
2173	42
2174	50
2175	32
2176	54
2177	48
2178	57
2179	30
2180	36
2181	44
2182	58
2183	42
2184	41
2185	47
2186	39
2187	43
2188	49
2189	41
2190	44
2191	51
2192	43
2193	35
2194	45
2195	35
2196	36
2197	38
2198	39
2199	44
2200	57
2201	53
2202	51
2203	43
2204	43
2205	53
2206	54
2207	44
2208	54
2209	42
2210	52
2211	43
2212	44
2213	45
2214	43
2215	41
2216	47
2217	37
2218	50
2219	40
2220	37
2221	39
2222	36
2223	35
2224	43
2225	47
2226	55
2227	43
2228	40
2229	46
2230	51
2231	49
2232	39
2233	59
2234	60
2235	36
2236	30
2237	31
2238	36
2239	52
2240	51
2241	50
2242	42
2243	41
2244	42
2245	38
2246	42
2247	43
2248	38
2249	56
2250	59
2251	51
2252	40
2253	44
2254	51
2255	45
2256	46
2257	38
2258	44
2259	47
2260	43
2261	49
2262	40
2263	45
2264	49
2265	36
2266	45
2267	47
2268	46
2269	40
2270	48
2271	37
2272	40
2273	50
2274	51
2275	39
2276	41
2277	44
2278	44
2279	47
2280	36
2281	53
2282	38
2283	36
2284	34
2285	59
2286	41
2287	38
2288	42
2289	49
2290	58
2291	43
2292	39
2293	43
2294	37
2295	33
2296	39
2297	42
2298	34
2299	40
2300	55
2301	40
2302	36
2303	47
2304	32
2305	38
2306	34
2307	50
2308	35
2309	40
2310	40
2311	35
2312	35
2313	41
2314	43
2315	58
2316	40
2317	51
2318	43
2319	48
2320	54
2321	61
2322	58
2323	62
2324	58
2325	46
2326	56
2327	49
2328	45
2329	53
2330	38
2331	41
2332	43
2333	41
2334	40
2335	40
2336	44
2337	45
2338	41
2339	49
2340	47
2341	52
2342	47
2343	54
2344	33
2345	45
2346	38
2347	42
2348	48
2349	40
2350	45
2351	43
2352	37
2353	36
2354	39
2355	48
2356	35
2357	41
2358	29
2359	35
2360	55
2361	38
2362	43
2363	34
2364	41
2365	35
2366	41
2367	36
2368	45
2369	41
2370	40
2371	42
2372	39
2373	46
2374	45
2375	54
2376	46
2377	42
2378	48
2379	41
2380	46
2381	45
2382	45
2383	36
2384	35
2385	42
2386	50
2387	46
2388	41
2389	38
2390	51
2391	41
2392	41
2393	41
2394	58
2395	50
2396	41
2397	42
2398	36
2399	55
2400	48
2401	45
2402	36
2403	40
2404	42
2405	43
2406	41
2407	41
2408	33
2409	65
2410	33
2411	51
2412	47
2413	36
2414	30
2415	47
2416	37
2417	42
2418	60
2419	37
2420	38
2421	41
2422	54
2423	39
2424	38
2425	43
2426	41
2427	46
2428	45
2429	42
2430	32
2431	42
2432	66
2433	44
2434	51
2435	63
2436	67
2437	58
2438	43
2439	59
2440	55
2441	57
2442	57
2443	37
2444	43
2445	58
2446	49
2447	43
2448	57
2449	52
2450	43
2451	50
2452	40
2453	53
2454	48
2455	40
2456	44
2457	29
2458	39
2459	55
2460	37
2461	65
2462	39
2463	48
2464	40
2465	41
2466	56
2467	45
2468	45
2469	37
2470	43
2471	40
2472	44
2473	37
2474	40
2475	37
2476	35
2477	29
2478	47
2479	43
2480	47
2481	49
2482	46
2483	35
2484	39
2485	40
2486	41
2487	44
2488	46
2489	39
2490	33
2491	43
2492	41
2493	36
2494	50
2495	46
2496	35
2497	40
2498	30
2499	41
2500	41
2501	43
2502	43
2503	43
2504	31
2505	51
2506	47
2507	43
2508	37
2509	35
2510	41
2511	41
2512	36
2513	40
2514	44
2515	37
2516	36
2517	49
2518	40
2519	45
2520	40
2521	43
2522	51
2523	47
2524	37
2525	38
2526	46
2527	31
2528	43
2529	39
2530	39
2531	47
2532	40
2533	27
2534	38
2535	32
2536	41
2537	48
2538	50
2539	41
2540	38
2541	41
2542	37
2543	38
2544	37
2545	40
2546	40
2547	45
2548	43
2549	37
2550	46
2551	36
2552	30
2553	39
2554	38
2555	42
2556	38
2557	46
2558	38
2559	36
2560	36
2561	39
2562	46
2563	43
2564	45
2565	35
2566	39
2567	53
2568	51
2569	35
2570	28
2571	34
2572	58
2573	42
2574	40
2575	43
2576	40
2577	45
2578	35
2579	42
2580	39
2581	38
2582	34
2583	39
2584	39
2585	41
2586	33
2587	31
2588	49
2589	39
2590	35
2591	32
2592	39
2593	45
2594	44
2595	40
2596	43
2597	45
2598	39
2599	39
2600	41
2601	35
2602	38
2603	43
2604	31
2605	47
2606	43
2607	30
2608	40
2609	38
2610	40
2611	44
2612	54
2613	26
2614	39
2615	30
2616	35
2617	30
2618	44
2619	39
2620	49
2621	49
2622	33
2623	40
2624	40
2625	33
2626	37
2627	46
2628	35
2629	47
2630	42
2631	37
2632	35
2633	48
2634	43
2635	47
2636	46
2637	34
2638	35
2639	39
2640	43
2641	42
2642	36
2643	56
2644	40
2645	57
2646	43
2647	47
2648	41
2649	33
2650	36
2651	39
2652	42
2653	36
2654	50
2655	44
2656	41
2657	42
2658	32
2659	45
2660	38
2661	47
2662	27
2663	37
2664	41
2665	29
2666	48
2667	36
2668	35
2669	36
2670	35
2671	30
2672	43
2673	47
2674	28
2675	51
2676	42
2677	45
2678	32
2679	47
2680	41
2681	36
2682	40
2683	39
2684	43
2685	33
2686	42
2687	31
2688	44
2689	31
2690	40
2691	32
2692	46
2693	48
2694	38
2695	41
2696	36
2697	35
2698	26
2699	46
2700	43
2701	42
2702	27
2703	37
2704	37
2705	37
2706	40
2707	37
2708	31
2709	28
2710	34
2711	30
2712	47
2713	35
2714	31
2715	40
2716	38
2717	38
2718	36
2719	41
2720	49
2721	44
2722	30
2723	36
2724	40
2725	35
2726	31
2727	47
2728	30
2729	32
2730	37
2731	35
2732	32
2733	33
2734	43
2735	47
2736	23
2737	33
2738	39
2739	25
2740	32
2741	49
2742	41
2743	31
2744	37
2745	32
2746	39
2747	31
2748	45
2749	31
2750	46
2751	40
2752	25
2753	31
2754	40
2755	51
2756	36
2757	42
2758	35
2759	30
2760	33
2761	35
2762	34
2763	38
2764	34
2765	36
2766	43
2767	31
2768	22
2769	33
2770	41
2771	33
2772	39
2773	27
2774	35
2775	26
2776	33
2777	36
2778	36
2779	39
2780	42
2781	48
2782	43
2783	28
2784	44
2785	30
2786	30
2787	34
2788	29
2789	39
2790	43
2791	39
2792	38
2793	34
2794	28
2795	39
2796	30
2797	33
2798	41
2799	40
2800	24
2801	44
2802	37
2803	37
2804	31
2805	36
2806	44
2807	29
2808	29
2809	33
2810	32
2811	27
2812	32
2813	27
2814	43
2815	35
2816	35
2817	32
2818	47
2819	39
2820	38
2821	36
2822	31
2823	40
2824	36
2825	37
2826	32
2827	37
2828	37
2829	45
2830	38
2831	35
2832	41
2833	36
2834	38
2835	32
2836	28
2837	35
2838	27
2839	38
2840	32
2841	23
2842	51
2843	29
2844	41
2845	32
2846	24
2847	42
2848	41
2849	40
2850	36
2851	43
2852	34
2853	33
2854	32
2855	32
2856	22
2857	26
2858	30
2859	34
2860	40
2861	39
2862	36
2863	41
2864	44
2865	27
2866	39
2867	44
2868	30
2869	24
2870	33
2871	34
2872	38
2873	36
2874	33
2875	36
2876	32
2877	33
2878	43
2879	33
2880	35
2881	32
2882	38
2883	43
2884	76
2885	113
2886	134
2887	151
2888	152
2889	162
2890	139
2891	89
2892	71
2893	52
2894	33
2895	35
2896	24
2897	32
2898	33
2899	43
2900	35
2901	22
2902	35
2903	28
2904	33
2905	28
2906	32
2907	37
2908	39
2909	36
2910	31
2911	36
2912	27
2913	27
2914	35
2915	31
2916	29
2917	34
2918	40
2919	26
2920	45
2921	42
2922	37
2923	30
2924	27
2925	32
2926	35
2927	37
2928	33
2929	21
2930	30
2931	31
2932	33
2933	25
2934	23
2935	31
2936	35
2937	31
2938	38
2939	26
2940	28
2941	33
2942	38
2943	38
2944	26
2945	34
2946	33
2947	46
2948	25
2949	28
2950	38
2951	32
2952	22
2953	28
2954	30
2955	37
2956	35
2957	29
2958	26
2959	27
2960	26
2961	27
2962	33
2963	32
2964	31
2965	29
2966	34
2967	36
2968	37
2969	34
2970	29
2971	31
2972	36
2973	24
2974	34
2975	32
2976	30
2977	41
2978	31
2979	34
2980	32
2981	35
2982	41
2983	30
2984	22
2985	29
2986	23
2987	38
2988	34
2989	30
2990	32
2991	32
2992	36
2993	31
2994	26
2995	30
2996	26
2997	35
2998	31
2999	32
3000	34
3001	42
3002	28
3003	25
3004	28
3005	28
3006	28
3007	24
3008	34
3009	39
3010	32
3011	25
3012	31
3013	36
3014	38
3015	29
3016	39
3017	33
3018	29
3019	33
3020	39
3021	26
3022	31
3023	38
3024	28
3025	35
3026	31
3027	34
3028	25
3029	35
3030	39
3031	33
3032	25
3033	28
3034	41
3035	30
3036	43
3037	32
3038	31
3039	35
3040	36
3041	24
3042	28
3043	36
3044	33
3045	22
3046	31
3047	32
3048	39
3049	41
3050	31
3051	37
3052	32
3053	23
3054	29
3055	40
3056	18
3057	26
3058	35
3059	34
3060	40
3061	37
3062	30
3063	40
3064	28
3065	31
3066	27
3067	24
3068	30
3069	31
3070	36
3071	32
3072	40
3073	28
3074	29
3075	30
3076	30
3077	27
3078	39
3079	24
3080	24
3081	28
3082	32
3083	29
3084	35
3085	28
3086	43
3087	49
3088	23
3089	26
3090	42
3091	21
3092	31
3093	32
3094	35
3095	38
3096	39
3097	40
3098	36
3099	34
3100	35
3101	20
3102	25
3103	35
3104	38
3105	30
3106	31
3107	39
3108	24
3109	24
3110	35
3111	34
3112	30
3113	26
3114	39
3115	38
3116	39
3117	23
3118	26
3119	37
3120	35
3121	29
3122	38
3123	26
3124	34
3125	24
3126	33
3127	27
3128	28
3129	35
3130	25
3131	33
3132	28
3133	29
3134	31
3135	21
3136	36
3137	31
3138	29
3139	24
3140	27
3141	40
3142	35
3143	26
3144	36
3145	21
3146	36
3147	34
3148	29
3149	37
3150	28
3151	31
3152	27
3153	32
3154	28
3155	35
3156	26
3157	30
3158	28
3159	29
3160	17
3161	26
3162	33
3163	25
3164	21
3165	27
3166	35
3167	34
3168	29
3169	22
3170	26
3171	37
3172	29
3173	33
3174	35
3175	39
3176	23
3177	21
3178	26
3179	37
3180	31
3181	27
3182	26
3183	29
3184	29
3185	24
3186	24
3187	30
3188	26
3189	23
3190	30
3191	24
3192	24
3193	34
3194	28
3195	28
3196	42
3197	21
3198	34
3199	30
3200	39
3201	32
3202	27
3203	19
3204	31
3205	30
3206	21
3207	38
3208	28
3209	26
3210	30
3211	30
3212	39
3213	29
3214	29
3215	23
3216	29
3217	24
3218	28
3219	35
3220	28
3221	23
3222	22
3223	36
3224	27
3225	32
3226	26
3227	33
3228	25
3229	35
3230	35
3231	27
3232	37
3233	40
3234	25
3235	22
3236	39
3237	29
3238	31
3239	29
3240	27
3241	27
3242	34
3243	43
3244	31
3245	34
3246	23
3247	24
3248	33
3249	29
3250	33
3251	28
3252	27
3253	29
3254	37
3255	34
3256	26
3257	28
3258	33
3259	28
3260	27
3261	29
3262	34
3263	32
3264	24
3265	34
3266	31
3267	29
3268	28
3269	35
3270	25
3271	32
3272	32
3273	33
3274	25
3275	47
3276	37
3277	24
3278	29
3279	38
3280	26
3281	27
3282	35
3283	32
3284	35
3285	26
3286	19
3287	32
3288	35
3289	26
3290	27
3291	39
3292	37
3293	38
3294	34
3295	23
3296	29
3297	34
3298	35
3299	33
3300	27
3301	23
3302	31
3303	25
3304	31
3305	34
3306	29
3307	27
3308	29
3309	36
3310	39
3311	23
3312	31
3313	35
3314	34
3315	37
3316	29
3317	35
3318	20
3319	32
3320	27
3321	30
3322	29
3323	31
3324	31
3325	41
3326	32
3327	34
3328	30
3329	33
3330	34
3331	31
3332	33
3333	34
3334	29
3335	32
3336	28
3337	25
3338	27
3339	27
3340	30
3341	26
3342	30
3343	31
3344	36
3345	26
3346	34
3347	20
3348	23
3349	27
3350	53
3351	23
3352	32
3353	32
3354	27
3355	34
3356	21
3357	26
3358	28
3359	23
3360	27
3361	31
3362	30
3363	33
3364	25
3365	31
3366	39
3367	31
3368	21
3369	31
3370	24
3371	20
3372	28
3373	27
3374	24
3375	36
3376	36
3377	26
3378	27
3379	39
3380	27
3381	29
3382	27
3383	24
3384	34
3385	34
3386	27
3387	30
3388	37
3389	30
3390	28
3391	22
3392	26
3393	31
3394	24
3395	36
3396	22
3397	25
3398	29
3399	27
3400	27
3401	22
3402	35
3403	34
3404	26
3405	36
3406	39
3407	35
3408	33
3409	31
3410	26
3411	27
3412	27
3413	31
3414	31
3415	27
3416	33
3417	33
3418	28
3419	29
3420	32
3421	24
3422	37
3423	28
3424	35
3425	28
3426	29
3427	25
3428	27
3429	31
3430	35
3431	36
3432	19
3433	24
3434	37
3435	36
3436	25
3437	35
3438	33
3439	26
3440	35
3441	31
3442	22
3443	40
3444	31
3445	29
3446	31
3447	30
3448	40
3449	37
3450	22
3451	28
3452	31
3453	24
3454	33
3455	30
3456	24
3457	34
3458	28
3459	26
3460	29
3461	44
3462	25
3463	38
3464	23
3465	27
3466	24
3467	32
3468	34
3469	31
3470	35
3471	35
3472	32
3473	31
3474	26
3475	27
3476	25
3477	31
3478	16
3479	31
3480	27
3481	27
3482	33
3483	25
3484	35
3485	25
3486	32
3487	28
3488	29
3489	33
3490	18
3491	33
3492	28
3493	36
3494	28
3495	20
3496	23
3497	38
3498	27
3499	35
3500	27
3501	27
3502	37
3503	41
3504	23
3505	26
3506	36
3507	34
3508	35
3509	21
3510	33
3511	19
3512	19
3513	31
3514	33
3515	29
3516	31
3517	35
3518	24
3519	19
3520	37
3521	36
3522	22
3523	29
3524	24
3525	18
3526	29
3527	23
3528	25
3529	36
3530	26
3531	33
3532	35
3533	20
3534	32
3535	25
3536	35
3537	30
3538	27
3539	27
3540	24
3541	43
3542	30
3543	27
3544	39
3545	30
3546	27
3547	39
3548	33
3549	28
3550	18
3551	31
3552	35
3553	25
3554	35
3555	28
3556	30
3557	26
3558	22
3559	21
3560	26
3561	39
3562	29
3563	30
3564	22
3565	27
3566	21
3567	36
3568	26
3569	30
3570	30
3571	44
3572	18
3573	28
3574	30
3575	25
3576	25
3577	18
3578	17
3579	32
3580	34
3581	25
3582	28
3583	28
3584	23
3585	27
3586	29
3587	22
3588	26
3589	28
3590	30
3591	36
3592	33
3593	30
3594	26
3595	32
3596	26
3597	32
3598	36
3599	22
3600	39
3601	20
3602	46
3603	20
3604	22
3605	23
3606	25
3607	26
3608	37
3609	19
3610	23
3611	29
3612	15
3613	26
3614	19
3615	31
3616	27
3617	30
3618	25
3619	28
3620	27
3621	20
3622	32
3623	34
3624	34
3625	30
3626	33
3627	28
3628	32
3629	32
3630	30
3631	31
3632	31
3633	25
3634	46
3635	31
3636	32
3637	30
3638	33
3639	32
3640	25
3641	29
3642	32
3643	24
3644	28
3645	19
3646	33
3647	41
3648	31
3649	29
3650	34
3651	34
3652	26
3653	26
3654	27
3655	22
3656	32
3657	30
3658	29
3659	30
3660	29
3661	30
3662	32
3663	21
3664	23
3665	33
3666	38
3667	33
3668	26
3669	26
3670	34
3671	30
3672	31
3673	21
3674	27
3675	29
3676	25
3677	33
3678	23
3679	27
3680	31
3681	31
3682	26
3683	36
3684	32
3685	39
3686	32
3687	32
3688	27
3689	32
3690	29
3691	22
3692	28
3693	25
3694	35
3695	40
3696	20
3697	31
3698	25
3699	30
3700	29
3701	32
3702	34
3703	43
3704	30
3705	38
3706	34
3707	29
3708	28
3709	38
3710	38
3711	28
3712	26
3713	30
3714	42
3715	37
3716	37
3717	35
3718	51
3719	34
3720	47
3721	35
3722	32
3723	30
3724	35
3725	31
3726	38
3727	39
3728	34
3729	35
3730	24
3731	46
3732	47
3733	41
3734	45
3735	41
3736	42
3737	42
3738	40
3739	51
3740	39
3741	45
3742	29
3743	37
3744	32
3745	44
3746	40
3747	35
3748	34
3749	41
3750	41
3751	43
3752	54
3753	39
3754	40
3755	37
3756	39
3757	44
3758	49
3759	36
3760	43
3761	57
3762	47
3763	47
3764	50
3765	37
3766	47
3767	44
3768	42
3769	35
3770	47
3771	52
3772	44
3773	42
3774	51
3775	43
3776	54
3777	40
3778	38
3779	46
3780	45
3781	46
3782	43
3783	55
3784	47
3785	48
3786	50
3787	47
3788	46
3789	40
3790	46
3791	44
3792	45
3793	44
3794	49
3795	47
3796	52
3797	48
3798	42
3799	53
3800	33
3801	54
3802	49
3803	56
3804	43
3805	46
3806	48
3807	44
3808	50
3809	41
3810	50
3811	44
3812	51
3813	39
3814	52
3815	38
3816	41
3817	52
3818	48
3819	44
3820	49
3821	26
3822	46
3823	44
3824	41
3825	56
3826	41
3827	33
3828	47
3829	34
3830	38
3831	53
3832	48
3833	33
3834	56
3835	53
3836	45
3837	41
3838	42
3839	42
3840	53
3841	36
3842	55
3843	38
3844	30
3845	35
3846	36
3847	39
3848	48
3849	34
3850	34
3851	52
3852	38
3853	41
3854	52
3855	40
3856	47
3857	43
3858	54
3859	39
3860	37
3861	36
3862	54
3863	36
3864	35
3865	55
3866	26
3867	49
3868	35
3869	45
3870	41
3871	44
3872	44
3873	36
3874	29
3875	38
3876	45
3877	47
3878	46
3879	48
3880	49
3881	39
3882	38
3883	42
3884	47
3885	36
3886	48
3887	40
3888	47
3889	35
3890	39
3891	42
3892	27
3893	44
3894	43
3895	31
3896	35
3897	38
3898	49
3899	41
3900	41
3901	42
3902	36
3903	43
3904	47
3905	43
3906	38
3907	38
3908	50
3909	36
3910	44
3911	39
3912	35
3913	41
3914	46
3915	42
3916	44
3917	45
3918	25
3919	39
3920	37
3921	37
3922	36
3923	41
3924	32
3925	37
3926	44
3927	47
3928	48
3929	55
3930	45
3931	42
3932	27
3933	39
3934	47
3935	38
3936	40
3937	40
3938	30
3939	50
3940	36
3941	32
3942	53
3943	40
3944	36
3945	41
3946	43
3947	41
3948	36
3949	42
3950	43
3951	46
3952	40
3953	34
3954	40
3955	43
3956	32
3957	37
3958	55
3959	41
3960	36
3961	44
3962	44
3963	57
3964	41
3965	53
3966	48
3967	41
3968	58
3969	33
3970	47
3971	48
3972	33
3973	43
3974	46
3975	48
3976	42
3977	35
3978	37
3979	47
3980	55
3981	47
3982	41
3983	37
3984	39
3985	39
3986	49
3987	53
3988	37
3989	42
3990	50
3991	40
3992	38
3993	35
3994	48
3995	47
3996	39
3997	59
3998	48
3999	53
4000	41
4001	42
4002	51
4003	42
4004	44
4005	37
4006	47
4007	47
4008	34
4009	47
4010	46
4011	40
4012	47
4013	37
4014	50
4015	33
4016	46
4017	47
4018	39
4019	36
4020	47
4021	52
4022	38
4023	36
4024	49
4025	40
4026	45
4027	40
4028	44
4029	52
4030	51
4031	41
4032	46
4033	40
4034	60
4035	37
4036	31
4037	49
4038	44
4039	49
4040	57
4041	53
4042	46
4043	46
4044	41
4045	33
4046	45
4047	49
4048	37
4049	42
4050	34
4051	51
4052	47
4053	46
4054	51
4055	42
4056	45
4057	44
4058	44
4059	38
4060	48
4061	38
4062	46
4063	40
4064	52
4065	27
4066	41
4067	44
4068	48
4069	38
4070	43
4071	51
4072	45
4073	47
4074	43
4075	59
4076	44
4077	37
4078	61
4079	46
4080	48
4081	36
4082	42
4083	42
4084	47
4085	46
4086	44
4087	49
4088	37
4089	43
4090	37
4091	46
4092	50
4093	54
4094	58
4095	36
4096	43
4097	44
4098	50
4099	56
4100	31
4101	37
4102	55
4103	69
4104	35
4105	49
4106	47
4107	40
4108	46
4109	48
4110	52
4111	54
4112	42
4113	45
4114	46
4115	37
4116	51
4117	48
4118	49
4119	53
4120	42
4121	52
4122	38
4123	46
4124	43
4125	39
4126	47
4127	43
4128	48
4129	55
4130	44
4131	51
4132	46
4133	50
4134	41
4135	42
4136	53
4137	42
4138	55
4139	52
4140	46
4141	52
4142	37
4143	41
4144	47
4145	53
4146	45
4147	40
4148	41
4149	36
4150	49
4151	59
4152	36
4153	42
4154	40
4155	32
4156	44
4157	49
4158	49
4159	48
4160	40
4161	38
4162	39
4163	44
4164	41
4165	34
4166	41
4167	40
4168	52
4169	52
4170	41
4171	47
4172	56
4173	44
4174	38
4175	50
4176	46
4177	50
4178	36
4179	41
4180	41
4181	51
4182	47
4183	44
4184	34
4185	36
4186	36
4187	41
4188	43
4189	50
4190	42
4191	45
4192	38
4193	34
4194	39
4195	34
4196	46
4197	46
4198	31
4199	41
4200	45
4201	42
4202	52
4203	40
4204	45
4205	31
4206	36
4207	45
4208	38
4209	36
4210	41
4211	39
4212	44
4213	34
4214	31
4215	38
4216	37
4217	31
4218	53
4219	37
4220	47
4221	37
4222	35
4223	43
4224	44
4225	32
4226	41
4227	35
4228	38
4229	36
4230	46
4231	46
4232	47
4233	51
4234	43
4235	50
4236	39
4237	43
4238	40
4239	47
4240	43
4241	39
4242	40
4243	44
4244	49
4245	45
4246	45
4247	43
4248	43
4249	42
4250	52
4251	42
4252	50
4253	38
4254	54
4255	45
4256	57
4257	39
4258	43
4259	42
4260	45
4261	43
4262	43
4263	43
4264	49
4265	44
4266	45
4267	61
4268	49
4269	55
4270	50
4271	40
4272	43
4273	59
4274	46
4275	61
4276	45
4277	44
4278	54
4279	58
4280	44
4281	69
4282	60
4283	44
4284	51
4285	48
4286	75
4287	71
4288	54
4289	72
4290	70
4291	71
4292	59
4293	51
4294	61
4295	60
4296	68
4297	70
4298	72
4299	77
4300	86
4301	62
4302	77
4303	79
4304	74
4305	77
4306	104
4307	71
4308	84
4309	79
4310	77
4311	80
4312	69
4313	93
4314	86
4315	83
4316	79
4317	95
4318	80
4319	77
4320	86
4321	73
4322	88
4323	82
4324	83
4325	92
4326	86
4327	84
4328	93
4329	91
4330	86
4331	77
4332	84
4333	103
4334	82
4335	109
4336	86
4337	91
4338	72
4339	83
4340	87
4341	99
4342	101
4343	80
4344	86
4345	75
4346	79
4347	75
4348	81
4349	83
4350	83
4351	92
4352	93
4353	100
4354	88
4355	81
4356	76
4357	89
4358	78
4359	85
4360	75
4361	78
4362	89
4363	69
4364	82
4365	73
4366	84
4367	81
4368	85
4369	89
4370	99
4371	88
4372	92
4373	82
4374	82
4375	74
4376	75
4377	77
4378	66
4379	76
4380	89
4381	78
4382	78
4383	74
4384	68
4385	74
4386	84
4387	76
4388	82
4389	72
4390	80
4391	76
4392	60
4393	67
4394	69
4395	78
4396	76
4397	64
4398	64
4399	63
4400	76
4401	65
4402	66
4403	60
4404	43
4405	52
4406	57
4407	57
4408	75
4409	62
4410	65
4411	65
4412	63
4413	62
4414	59
4415	58
4416	60
4417	55
4418	52
4419	49
4420	55
4421	56
4422	49
4423	54
4424	59
4425	63
4426	56
4427	56
4428	53
4429	50
4430	45
4431	47
4432	55
4433	52
4434	45
4435	54
4436	56
4437	61
4438	52
4439	50
4440	44
4441	38
4442	54
4443	55
4444	51
4445	45
4446	45
4447	55
4448	46
4449	43
4450	49
4451	49
4452	41
4453	52
4454	50
4455	59
4456	65
4457	57
4458	55
4459	50
4460	45
4461	43
4462	39
4463	50
4464	46
4465	54
4466	46
4467	50
4468	49
4469	45
4470	51
4471	52
4472	41
4473	42
4474	44
4475	51
4476	57
4477	43
4478	45
4479	37
4480	54
4481	53
4482	50
4483	33
4484	39
4485	44
4486	56
4487	51
4488	61
4489	45
4490	37
4491	36
4492	53
4493	47
4494	51
4495	55
4496	50
4497	55
4498	60
4499	49
4500	46
4501	57
4502	47
4503	43
4504	50
4505	55
4506	53
4507	58
4508	43
4509	56
4510	38
4511	46
4512	62
4513	63
4514	52
4515	49
4516	44
4517	49
4518	38
4519	45
4520	44
4521	57
4522	59
4523	50
4524	50
4525	50
4526	46
4527	58
4528	51
4529	62
4530	52
4531	52
4532	47
4533	50
4534	64
4535	57
4536	64
4537	50
4538	63
4539	69
4540	64
4541	65
4542	48
4543	53
4544	55
4545	45
4546	47
4547	56
4548	61
4549	54
4550	56
4551	59
4552	62
4553	57
4554	65
4555	55
4556	55
4557	57
4558	57
4559	55
4560	52
4561	70
4562	48
4563	62
4564	57
4565	54
4566	52
4567	62
4568	50
4569	56
4570	49
4571	66
4572	46
4573	61
4574	48
4575	60
4576	70
4577	51
4578	60
4579	71
4580	46
4581	53
4582	51
4583	47
4584	70
4585	56
4586	44
4587	68
4588	58
4589	43
4590	50
4591	54
4592	61
4593	40
4594	60
4595	52
4596	51
4597	56
4598	62
4599	61
4600	50
4601	51
4602	57
4603	57
4604	58
4605	59
4606	46
4607	52
4608	49
4609	59
4610	63
4611	50
4612	50
4613	55
4614	67
4615	52
4616	58
4617	50
4618	46
4619	49
4620	64
4621	65
4622	54
4623	63
4624	52
4625	45
4626	63
4627	51
4628	46
4629	43
4630	58
4631	53
4632	48
4633	55
4634	50
4635	59
4636	50
4637	64
4638	54
4639	61
4640	59
4641	48
4642	69
4643	51
4644	53
4645	46
4646	38
4647	58
4648	37
4649	49
4650	57
4651	64
4652	45
4653	46
4654	51
4655	50
4656	50
4657	49
4658	58
4659	42
4660	43
4661	46
4662	47
4663	39
4664	43
4665	42
4666	53
4667	53
4668	38
4669	44
4670	55
4671	44
4672	37
4673	53
4674	54
4675	38
4676	51
4677	40
4678	37
4679	42
4680	42
4681	42
4682	44
4683	51
4684	46
4685	47
4686	41
4687	51
4688	51
4689	44
4690	36
4691	55
4692	40
4693	45
4694	54
4695	35
4696	30
4697	52
4698	31
4699	44
4700	37
4701	33
4702	36
4703	43
4704	36
4705	27
4706	37
4707	43
4708	41
4709	43
4710	44
4711	29
4712	45
4713	42
4714	37
4715	42
4716	31
4717	40
4718	42
4719	33
4720	35
4721	46
4722	32
4723	26
4724	46
4725	41
4726	39
4727	28
4728	38
4729	40
4730	37
4731	38
4732	37
4733	43
4734	29
4735	39
4736	40
4737	37
4738	35
4739	29
4740	33
4741	30
4742	23
4743	40
4744	28
4745	32
4746	27
4747	30
4748	29
4749	26
4750	36
4751	25
4752	39
4753	19
4754	22
4755	31
4756	30
4757	25
4758	26
4759	23
4760	24
4761	22
4762	24
4763	19
4764	27
4765	17
4766	30
4767	24
4768	25
4769	28
4770	27
4771	19
4772	20
4773	35
4774	19
4775	20
4776	14
4777	23
4778	20
4779	19
4780	19
4781	24
4782	16
4783	26
4784	29
4785	21
4786	28
4787	21
4788	23
4789	22
4790	22
4791	23
4792	24
4793	24
4794	19
4795	21
4796	20
4797	25
4798	13
4799	22
4800	22
4801	19
4802	28
4803	25
4804	20
4805	22
4806	20
4807	24
4808	17
4809	26
4810	18
4811	16
4812	20
4813	32
4814	20
4815	42
4816	30
4817	29
4818	29
4819	21
4820	21
4821	28
4822	31
4823	35
4824	35
4825	32
4826	36
4827	32
4828	33
4829	40
4830	29
4831	42
4832	34
4833	39
4834	36
4835	51
4836	40
4837	47
4838	48
4839	59
4840	55
4841	44
4842	56
4843	50
4844	61
4845	45
4846	53
4847	63
4848	60
4849	59
4850	57
4851	59
4852	78
4853	78
4854	62
4855	77
4856	79
4857	76
4858	83
4859	76
4860	75
4861	77
4862	87
4863	81
4864	94
4865	96
4866	111
4867	105
4868	94
4869	91
4870	100
4871	119
4872	99
4873	114
4874	90
4875	121
4876	111
4877	113
4878	106
4879	122
4880	117
4881	102
4882	128
4883	116
4884	119
4885	115
4886	110
4887	111
4888	118
4889	116
4890	113
4891	147
4892	103
4893	118
4894	103
4895	121
4896	107
4897	112
4898	104
4899	101
4900	123
4901	130
4902	102
4903	101
4904	111
4905	122
4906	123
4907	105
4908	129
4909	103
4910	124
4911	102
4912	102
4913	114
4914	113
4915	120
4916	124
4917	113
4918	116
4919	104
4920	127
4921	121
4922	118
4923	115
4924	113
4925	106
4926	90
4927	113
4928	113
4929	108
4930	102
4931	97
4932	91
4933	95
4934	92
4935	90
4936	103
4937	90
4938	85
4939	84
4940	81
4941	78
4942	79
4943	82
4944	81
4945	76
4946	84
4947	74
4948	66
4949	52
4950	61
4951	70
4952	68
4953	65
4954	58
4955	68
4956	61
4957	77
4958	60
4959	57
4960	52
4961	55
4962	55
4963	64
4964	39
4965	43
4966	51
4967	56
4968	41
4969	52
4970	49
4971	54
4972	20
4973	34
4974	39
4975	41
4976	49
4977	42
4978	36
4979	42
4980	34
4981	39
4982	26
4983	33
4984	28
4985	35
4986	25
4987	29
4988	23
4989	21
4990	26
4991	30
4992	37
4993	20
4994	12
4995	20
4996	25
4997	20
4998	17
4999	13
5000	19
5001	19
5002	12
5003	16
5004	20
5005	21
5006	9
5007	8
5008	11
5009	8
5010	12
5011	14
5012	11
5013	11
5014	7
5015	11
5016	13
5017	9
5018	13
5019	7
5020	11
5021	13
5022	10
5023	7
5024	7
5025	9
5026	10
5027	7
5028	8
5029	5
5030	9
5031	12
5032	8
5033	12
5034	12
5035	13
5036	9
5037	6
5038	12
5039	9
5040	13
5041	8
5042	11
5043	9
5044	9
5045	9
5046	15
5047	16
5048	5
5049	12
5050	4
5051	8
5052	6
5053	12
5054	8
5055	9
5056	3
5057	13
5058	5
5059	10
5060	12
5061	10
5062	6
5063	7
5064	3
5065	8
5066	6
5067	11
5068	8
5069	15
5070	17
5071	13
5072	9
5073	9
5074	5
5075	11
5076	12
5077	8
5078	9
5079	8
5080	7
5081	13
5082	14
5083	10
5084	10
5085	9
5086	8
5087	11
5088	12
5089	5
5090	11
5091	15
5092	9
5093	13
5094	7
5095	2
5096	10
5097	11
5098	10
5099	16
5100	6
5101	5
5102	5
5103	8
5104	10
5105	7
5106	11
5107	7
5108	8
5109	4
5110	11
5111	9
5112	12
5113	10
5114	9
5115	7
5116	12
5117	12
5118	5
5119	8
5120	7
5121	14
5122	6
5123	4
5124	12
5125	11
5126	12
5127	5
5128	6
5129	8
5130	10
5131	12
5132	8
5133	4
5134	8
5135	9
5136	6
5137	12
5138	4
5139	10
5140	5
5141	10
5142	6
5143	7
5144	9
5145	11
5146	5
5147	13
5148	15
5149	13
5150	12
5151	12
5152	7
5153	9
5154	11
5155	9
5156	10
5157	9
5158	7
5159	9
5160	4
5161	10
5162	8
5163	4
5164	10
5165	12
5166	8
5167	9
5168	13
5169	17
5170	5
5171	12
5172	14
5173	11
5174	13
5175	7
5176	5
5177	10
5178	7
5179	8
5180	6
5181	8
5182	11
5183	8
5184	10
5185	9
5186	7
5187	5
5188	11
5189	7
5190	9
5191	6
5192	5
5193	2
5194	11
5195	9
5196	3
5197	8
5198	9
5199	11
5200	5
5201	7
5202	6
5203	8
5204	10
5205	4
5206	14
5207	6
5208	5
5209	10
5210	4
5211	8
5212	10
5213	6
5214	9
5215	8
5216	5
5217	3
5218	12
5219	12
5220	7
5221	12
5222	12
5223	14
5224	9
5225	7
5226	13
5227	8
5228	3
5229	9
5230	6
5231	8
5232	11
5233	6
5234	11
5235	8
5236	8
5237	7
5238	11
5239	7
5240	8
5241	8
5242	8
5243	6
5244	13
5245	5
5246	5
5247	11
5248	8
5249	10
5250	8
5251	9
5252	13
5253	10
5254	6
5255	6
5256	4
5257	8
5258	10
5259	11
5260	7
5261	7
5262	12
5263	3
5264	12
5265	2
5266	5
5267	13
5268	5
5269	7
5270	6
5271	7
5272	7
5273	7
5274	12
5275	3
5276	6
5277	9
5278	9
5279	8
5280	7
5281	8
5282	7
5283	10
5284	6
5285	4
5286	8
5287	8
5288	8
5289	13
5290	5
5291	6
5292	6
5293	5
5294	7
5295	3
5296	10
5297	5
5298	18
5299	8
5300	12
5301	9
5302	4
5303	8
5304	6
5305	2
5306	5
5307	7
5308	12
5309	7
5310	10
5311	9
5312	7
5313	7
5314	6
5315	6
5316	10
5317	9
5318	6
5319	7
5320	7
5321	7
5322	7
5323	7
5324	9
5325	6
5326	9
5327	7
5328	8
5329	10
5330	13
5331	4
5332	8
5333	8
5334	4
5335	7
5336	9
5337	7
5338	13
5339	9
5340	6
5341	4
5342	9
5343	5
5344	5
5345	5
5346	5
5347	13
5348	6
5349	7
5350	9
5351	7
5352	2
5353	5
5354	8
5355	6
5356	9
5357	5
5358	6
5359	7
5360	7
5361	13
5362	5
5363	5
5364	8
5365	6
5366	8
5367	9
5368	7
5369	7
5370	9
5371	7
5372	7
5373	9
5374	8
5375	5
5376	3
5377	4
5378	3
5379	6
5380	3
5381	6
5382	4
5383	2
5384	6
5385	5
5386	3
5387	7
5388	6
5389	5
5390	6
5391	11
5392	9
5393	4
5394	9
5395	6
5396	10
5397	9
5398	7
5399	9
5400	7
5401	6
5402	10
5403	8
5404	5
5405	10
5406	8
5407	10
5408	4
5409	6
5410	6
5411	6
5412	1
5413	13
5414	6
5415	9
5416	1
5417	4
5418	8
5419	14
5420	9
5421	7
5422	6
5423	5
5424	9
5425	3
5426	10
5427	12
5428	7
5429	4
5430	6
5431	14
5432	4
5433	9
5434	6
5435	11
5436	8
5437	8
5438	8
5439	8
5440	5
5441	6
5442	8
5443	7
5444	5
5445	5
5446	6
5447	7
5448	9
5449	9
5450	5
5451	3
5452	14
5453	5
5454	3
5455	7
5456	6
5457	11
5458	9
5459	6
5460	1
5461	5
5462	7
5463	5
5464	9
5465	4
5466	4
5467	5
5468	6
5469	7
5470	2
5471	8
5472	4
5473	0
5474	8
5475	7
5476	0
5477	7
5478	10
5479	2
5480	8
5481	7
5482	9
5483	9
5484	9
5485	9
5486	8
5487	10
5488	6
5489	5
5490	4
5491	6
5492	7
5493	7
5494	5
5495	8
5496	3
5497	7
5498	9
5499	11
5500	5
5501	9
5502	3
5503	6
5504	5
5505	3
5506	7
5507	11
5508	2
5509	8
5510	4
5511	4
5512	5
5513	5
5514	4
5515	5
5516	7
5517	3
5518	3
5519	8
5520	10
5521	9
5522	9
5523	8
5524	9
5525	6
5526	5
5527	6
5528	3
5529	8
5530	5
5531	10
5532	2
5533	9
5534	7
5535	5
5536	4
5537	7
5538	3
5539	5
5540	5
5541	9
5542	4
5543	8
5544	4
5545	5
5546	4
5547	10
5548	4
5549	2
5550	7
5551	10
5552	5
5553	7
5554	5
5555	7
5556	10
5557	7
5558	10
5559	6
5560	7
5561	7
5562	3
5563	5
5564	6
5565	6
5566	4
5567	7
5568	4
5569	6
5570	7
5571	2
5572	7
5573	10
5574	6
5575	6
5576	8
5577	7
5578	7
5579	8
5580	10
5581	10
5582	10
5583	5
5584	7
5585	5
5586	6
5587	13
5588	5
5589	7
5590	6
5591	6
5592	3
5593	4
5594	8
5595	7
5596	6
5597	1
5598	8
5599	6
5600	8
5601	9
5602	6
5603	7
5604	9
5605	7
5606	8
5607	11
5608	2
5609	9
5610	5
5611	10
5612	5
5613	6
5614	5
5615	9
5616	4
5617	2
5618	4
5619	8
5620	2
5621	4
5622	5
5623	5
5624	5
5625	5
5626	4
5627	3
5628	10
5629	2
5630	6
5631	3
5632	7
5633	13
5634	2
5635	5
5636	5
5637	5
5638	6
5639	9
5640	10
5641	5
5642	7
5643	7
5644	11
5645	4
5646	6
5647	10
5648	7
5649	5
5650	6
5651	5
5652	13
5653	7
5654	7
5655	8
5656	6
5657	8
5658	5
5659	8
5660	6
5661	8
5662	5
5663	3
5664	3
5665	5
5666	9
5667	6
5668	4
5669	4
5670	5
5671	6
5672	7
5673	5
5674	4
5675	7
5676	6
5677	6
5678	14
5679	7
5680	4
5681	9
5682	5
5683	7
5684	3
5685	0
5686	5
5687	3
5688	6
5689	3
5690	4
5691	8
5692	10
5693	7
5694	5
5695	6
5696	5
5697	5
5698	3
5699	6
5700	7
5701	6
5702	3
5703	5
5704	5
5705	6
5706	5
5707	11
5708	11
5709	6
5710	3
5711	9
5712	6
5713	7
5714	4
5715	11
5716	8
5717	5
5718	5
5719	7
5720	8
5721	6
5722	5
5723	6
5724	7
5725	5
5726	6
5727	4
5728	4
5729	4
5730	13
5731	6
5732	5
5733	5
5734	4
5735	6
5736	5
5737	3
5738	4
5739	2
5740	10
5741	5
5742	8
5743	7
5744	5
5745	4
5746	6
5747	10
5748	3
5749	1
5750	9
5751	3
5752	3
5753	6
5754	4
5755	10
5756	6
5757	9
5758	2
5759	6
5760	5
5761	2
5762	5
5763	3
5764	9
5765	9
5766	8
5767	4
5768	6
5769	6
5770	2
5771	2
5772	2
5773	7
5774	3
5775	6
5776	3
5777	3
5778	6
5779	2
5780	2
5781	11
5782	6
5783	6
5784	4
5785	4
5786	4
5787	9
5788	5
5789	4
5790	5
5791	7
5792	6
5793	4
5794	4
5795	3
5796	9
5797	5
5798	5
5799	0
5800	8
5801	5
5802	5
5803	4
5804	10
5805	4
5806	5
5807	2
5808	4
5809	5
5810	10
5811	4
5812	5
5813	0
5814	4
5815	4
5816	4
5817	10
5818	2
5819	5
5820	5
5821	5
5822	4
5823	5
5824	2
5825	8
5826	8
5827	6
5828	5
5829	5
5830	2
5831	1
5832	3
5833	5
5834	4
5835	7
5836	4
5837	5
5838	5
5839	5
5840	4
5841	2
5842	15
5843	11
5844	5
5845	3
5846	3
5847	2
5848	8
5849	10
5850	4
5851	3
5852	5
5853	4
5854	9
5855	8
5856	4
5857	3
5858	5
5859	6
5860	6
5861	6
5862	6
5863	6
5864	3
5865	4
5866	5
5867	4
5868	7
5869	5
5870	9
5871	3
5872	7
5873	7
5874	3
5875	5
5876	3
5877	4
5878	5
5879	6
5880	5
5881	6
5882	3
5883	8
5884	3
5885	4
5886	0
5887	2
5888	5
5889	6
5890	8
5891	7
5892	6
5893	5
5894	6
5895	7
5896	4
5897	5
5898	3
5899	1
5900	7
5901	6
5902	4
5903	6
5904	1
5905	6
5906	7
5907	4
5908	12
5909	3
5910	2
5911	7
5912	5
5913	3
5914	3
5915	3
5916	3
5917	4
5918	4
5919	4
5920	6
5921	9
5922	4
5923	5
5924	5
5925	5
5926	6
5927	4
5928	3
5929	3
5930	8
5931	2
5932	7
5933	2
5934	7
5935	6
5936	4
5937	4
5938	2
5939	4
5940	3
5941	5
5942	7
5943	6
5944	10
5945	2
5946	7
5947	2
5948	5
5949	3
5950	5
5951	6
5952	4
5953	3
5954	4
5955	2
5956	6
5957	7
5958	6
5959	5
5960	4
5961	7
5962	6
5963	6
5964	4
5965	3
5966	5
5967	2
5968	4
5969	3
5970	5
5971	9
5972	3
5973	3
5974	5
5975	8
5976	6
5977	5
5978	3
5979	5
5980	3
5981	4
5982	8
5983	4
5984	3
5985	4
5986	4
5987	4
5988	6
5989	2
5990	8
5991	7
5992	1
5993	7
5994	3
5995	4
5996	3
5997	3
5998	7
5999	4
6000	2
6001	6
6002	6
6003	7
6004	6
6005	3
6006	6
6007	5
6008	3
6009	2
6010	1
6011	3
6012	2
6013	3
6014	3
6015	2
6016	5
6017	4
6018	4
6019	10
6020	2
6021	10
6022	6
6023	6
6024	4
6025	6
6026	6
6027	6
6028	7
6029	3
6030	8
6031	7
6032	7
6033	3
6034	1
6035	2
6036	4
6037	4
6038	7
6039	4
6040	2
6041	5
6042	4
6043	2
6044	2
6045	6
6046	7
6047	8
6048	4
6049	2
6050	2
6051	4
6052	3
6053	6
6054	2
6055	5
6056	7
6057	5
6058	7
6059	6
6060	3
6061	7
6062	2
6063	5
6064	5
6065	2
6066	3
6067	6
6068	2
6069	2
6070	1
6071	2
6072	3
6073	4
6074	5
6075	1
6076	2
6077	2
6078	7
6079	2
6080	4
6081	4
6082	3
6083	7
6084	7
6085	4
6086	5
6087	1
6088	4
6089	1
6090	2
6091	4
6092	4
6093	5
6094	1
6095	6
6096	2
6097	2
6098	5
6099	4
6100	3
6101	3
6102	2
6103	3
6104	1
6105	5
6106	2
6107	4
6108	9
6109	7
6110	4
6111	5
6112	4
6113	0
6114	3
6115	6
6116	6
6117	4
6118	4
6119	4
6120	3
6121	5
6122	1
6123	3
6124	3
6125	2
6126	5
6127	5
6128	5
6129	2
6130	8
6131	6
6132	4
6133	5
6134	6
6135	3
6136	4
6137	5
6138	4
6139	1
6140	5
6141	3
6142	4
6143	7
6144	5
6145	1
6146	1
6147	9
6148	6
6149	9
6150	1
6151	2
6152	5
6153	3
6154	4
6155	2
6156	1
6157	5
6158	4
6159	5
6160	7
6161	3
6162	4
6163	5
6164	2
6165	4
6166	2
6167	8
6168	3
6169	4
6170	1
6171	5
6172	4
6173	5
6174	4
6175	4
6176	7
6177	6
6178	4
6179	2
6180	3
6181	6
6182	5
6183	4
6184	3
6185	1
6186	4
6187	5
6188	2
6189	7
6190	2
6191	4
6192	5
6193	5
6194	1
6195	3
6196	6
6197	5
6198	2
6199	3
6200	2
6201	3
6202	5
6203	2
6204	2
6205	6
6206	3
6207	4
6208	3
6209	2
6210	5
6211	2
6212	0
6213	4
6214	7
6215	2
6216	7
6217	3
6218	2
6219	5
6220	3
6221	2
6222	3
6223	5
6224	11
6225	2
6226	4
6227	2
6228	3
6229	4
6230	7
6231	4
6232	5
6233	8
6234	2
6235	8
6236	7
6237	7
6238	4
6239	1
6240	9
6241	0
6242	7
6243	7
6244	4
6245	3
6246	2
6247	6
6248	2
6249	1
6250	1
6251	7
6252	3
6253	6
6254	2
6255	2
6256	3
6257	2
6258	2
6259	8
6260	1
6261	4
6262	3
6263	5
6264	5
6265	3
6266	4
6267	1
6268	7
6269	4
6270	1
6271	5
6272	5
6273	3
6274	1
6275	6
6276	1
6277	2
6278	4
6279	0
6280	3
6281	5
6282	6
6283	6
6284	2
6285	1
6286	3
6287	6
6288	2
6289	1
6290	2
6291	2
6292	4
6293	7
6294	1
6295	2
6296	2
6297	1
6298	4
6299	6
6300	3
6301	5
6302	2
6303	3
6304	3
6305	4
6306	2
6307	3
6308	2
6309	3
6310	4
6311	4
6312	4
6313	3
6314	0
6315	0
6316	1
6317	5
6318	2
6319	4
6320	5
6321	2
6322	5
6323	2
6324	2
6325	3
6326	3
6327	2
6328	2
6329	4
6330	1
6331	3
6332	3
6333	3
6334	3
6335	5
6336	4
6337	3
6338	3
6339	2
6340	10
6341	4
6342	5
6343	4
6344	3
6345	1
6346	4
6347	3
6348	5
6349	3
6350	2
6351	5
6352	3
6353	4
6354	2
6355	6
6356	7
6357	1
6358	1
6359	4
6360	4
6361	1
6362	5
6363	3
6364	5
6365	7
6366	8
6367	3
6368	5
6369	1
6370	1
6371	1
6372	4
6373	4
6374	5
6375	3
6376	2
6377	3
6378	3
6379	1
6380	4
6381	4
6382	4
6383	1
6384	1
6385	4
6386	1
6387	3
6388	4
6389	3
6390	3
6391	8
6392	4
6393	8
6394	3
6395	2
6396	2
6397	6
6398	4
6399	1
6400	2
6401	3
6402	5
6403	0
6404	3
6405	4
6406	6
6407	1
6408	4
6409	3
6410	2
6411	3
6412	2
6413	0
6414	3
6415	2
6416	4
6417	4
6418	6
6419	2
6420	1
6421	5
6422	1
6423	4
6424	5
6425	3
6426	1
6427	1
6428	1
6429	5
6430	4
6431	1
6432	3
6433	2
6434	1
6435	7
6436	4
6437	6
6438	6
6439	3
6440	5
6441	7
6442	1
6443	4
6444	5
6445	1
6446	6
6447	1
6448	1
6449	4
6450	3
6451	1
6452	3
6453	4
6454	3
6455	3
6456	3
6457	5
6458	1
6459	2
6460	4
6461	4
6462	3
6463	2
6464	1
6465	5
6466	0
6467	0
6468	3
6469	5
6470	3
6471	2
6472	3
6473	2
6474	1
6475	3
6476	3
6477	3
6478	1
6479	4
6480	3
6481	4
6482	5
6483	3
6484	2
6485	2
6486	3
6487	4
6488	1
6489	2
6490	1
6491	1
6492	3
6493	6
6494	3
6495	2
6496	2
6497	2
6498	2
6499	5
6500	1
6501	3
6502	2
6503	2
6504	2
6505	2
6506	3
6507	0
6508	4
6509	5
6510	0
6511	2
6512	0
6513	0
6514	4
6515	2
6516	6
6517	3
6518	2
6519	3
6520	3
6521	6
6522	5
6523	4
6524	1
6525	3
6526	2
6527	3
6528	3
6529	2
6530	3
6531	3
6532	6
6533	5
6534	3
6535	3
6536	2
6537	2
6538	2
6539	2
6540	6
6541	4
6542	2
6543	3
6544	1
6545	3
6546	2
6547	5
6548	3
6549	4
6550	1
6551	1
6552	5
6553	4
6554	4
6555	8
6556	4
6557	1
6558	2
6559	3
6560	4
6561	2
6562	3
6563	3
6564	2
6565	6
6566	5
6567	6
6568	0
6569	7
6570	2
6571	3
6572	4
6573	3
6574	3
6575	3
6576	6
6577	2
6578	3
6579	3
6580	2
6581	2
6582	1
6583	5
6584	2
6585	8
6586	4
6587	0
6588	6
6589	1
6590	3
6591	3
6592	3
6593	5
6594	3
6595	1
6596	5
6597	3
6598	1
6599	2
6600	1
6601	2
6602	1
6603	4
6604	2
6605	3
6606	5
6607	2
6608	3
6609	4
6610	1
6611	5
6612	3
6613	2
6614	2
6615	0
6616	0
6617	1
6618	3
6619	1
6620	7
6621	3
6622	3
6623	6
6624	1
6625	3
6626	1
6627	3
6628	4
6629	3
6630	6
6631	0
6632	2
6633	0
6634	4
6635	2
6636	7
6637	2
6638	1
6639	2
6640	2
6641	5
6642	6
6643	2
6644	2
6645	2
6646	2
6647	0
6648	1
6649	4
6650	2
6651	2
6652	2
6653	2
6654	3
6655	2
6656	1
6657	5
6658	5
6659	2
6660	0
6661	1
6662	2
6663	2
6664	3
6665	4
6666	5
6667	1
6668	2
6669	1
6670	3
6671	3
6672	3
6673	5
6674	4
6675	2
6676	3
6677	4
6678	3
6679	1
6680	2
6681	0
6682	3
6683	3
6684	2
6685	2
6686	5
6687	3
6688	5
6689	3
6690	4
6691	1
6692	2
6693	3
6694	7
6695	1
6696	2
6697	0
6698	2
6699	1
6700	1
6701	4
6702	3
6703	2
6704	1
6705	7
6706	4
6707	5
6708	0
6709	1
6710	3
6711	3
6712	2
6713	1
6714	0
6715	2
6716	4
6717	1
6718	1
6719	3
6720	2
6721	7
6722	2
6723	3
6724	2
6725	4
6726	1
6727	2
6728	2
6729	4
6730	2
6731	3
6732	6
6733	4
6734	2
6735	5
6736	1
6737	2
6738	2
6739	2
6740	3
6741	1
6742	2
6743	2
6744	4
6745	4
6746	0
6747	2
6748	2
6749	2
6750	2
6751	2
6752	3
6753	5
6754	4
6755	4
6756	2
6757	1
6758	3
6759	5
6760	6
6761	2
6762	2
6763	1
6764	4
6765	5
6766	0
6767	0
6768	3
6769	2
6770	1
6771	4
6772	7
6773	3
6774	3
6775	1
6776	2
6777	0
6778	5
6779	5
6780	0
6781	6
6782	5
6783	4
6784	3
6785	1
6786	3
6787	5
6788	4
6789	0
6790	2
6791	4
6792	2
6793	2
6794	3
6795	2
6796	3
6797	3
6798	0
6799	0
6800	3
6801	3
6802	4
6803	4
6804	1
6805	1
6806	1
6807	4
6808	2
6809	1
6810	3
6811	3
6812	1
6813	1
6814	2
6815	1
6816	8
6817	3
6818	3
6819	3
6820	4
6821	2
6822	0
6823	3
6824	2
6825	2
6826	1
6827	4
6828	1
6829	3
6830	1
6831	3
6832	2
6833	4
6834	3
6835	1
6836	4
6837	3
6838	3
6839	5
6840	1
6841	2
6842	3
6843	3
6844	7
6845	4
6846	1
6847	5
6848	4
6849	5
6850	3
6851	3
6852	0
6853	2
6854	4
6855	2
6856	2
6857	3
6858	3
6859	2
6860	3
6861	1
6862	2
6863	2
6864	2
6865	1
6866	2
6867	1
6868	1
6869	3
6870	2
6871	0
6872	1
6873	0
6874	4
6875	2
6876	6
6877	2
6878	1
6879	4
6880	3
6881	3
6882	4
6883	3
6884	3
6885	3
6886	1
6887	0
6888	5
6889	2
6890	2
6891	1
6892	0
6893	3
6894	3
6895	3
6896	1
6897	2
6898	3
6899	4
6900	1
6901	6
6902	5
6903	4
6904	2
6905	1
6906	0
6907	1
6908	0
6909	3
6910	1
6911	1
6912	2
6913	3
6914	3
6915	1
6916	3
6917	2
6918	2
6919	1
6920	1
6921	3
6922	1
6923	2
6924	3
6925	0
6926	2
6927	0
6928	2
6929	2
6930	2
6931	4
6932	2
6933	3
6934	1
6935	5
6936	3
6937	1
6938	2
6939	3
6940	3
6941	4
6942	2
6943	1
6944	1
6945	3
6946	2
6947	2
6948	2
6949	1
6950	3
6951	4
6952	7
6953	0
6954	3
6955	2
6956	4
6957	2
6958	1
6959	3
6960	1
6961	1
6962	4
6963	0
6964	0
6965	2
6966	4
6967	3
6968	2
6969	1
6970	2
6971	1
6972	2
6973	1
6974	1
6975	4
6976	2
6977	2
6978	1
6979	4
6980	2
6981	4
6982	2
6983	1
6984	4
6985	2
6986	3
6987	3
6988	2
6989	0
6990	7
6991	4
6992	3
6993	1
6994	1
6995	1
6996	6
6997	3
6998	0
6999	1
7000	3
7001	3
7002	1
7003	3
7004	2
7005	4
7006	1
7007	4
7008	0
7009	1
7010	0
7011	2
7012	3
7013	6
7014	3
7015	2
7016	1
7017	2
7018	3
7019	4
7020	1
7021	2
7022	4
7023	4
7024	4
7025	0
7026	4
7027	3
7028	1
7029	1
7030	1
7031	2
7032	2
7033	0
7034	3
7035	3
7036	3
7037	0
7038	1
7039	5
7040	2
7041	0
7042	2
7043	3
7044	2
7045	2
7046	3
7047	4
7048	1
7049	3
7050	3
7051	2
7052	3
7053	2
7054	0
7055	4
7056	2
7057	6
7058	0
7059	0
7060	2
7061	0
7062	0
7063	2
7064	0
7065	0
7066	1
7067	1
7068	2
7069	0
7070	3
7071	2
7072	1
7073	0
7074	0
7075	3
7076	3
7077	2
7078	2
7079	2
7080	2
7081	3
7082	6
7083	2
7084	5
7085	2
7086	2
7087	0
7088	2
7089	3
7090	2
7091	0
7092	2
7093	1
7094	3
7095	1
7096	4
7097	2
7098	2
7099	2
7100	1
7101	2
7102	6
7103	3
7104	4
7105	2
7106	2
7107	2
7108	1
7109	2
7110	3
7111	0
7112	2
7113	3
7114	0
7115	2
7116	5
7117	2
7118	4
7119	4
7120	1
7121	0
7122	3
7123	2
7124	3
7125	0
7126	0
7127	2
7128	2
7129	1
7130	4
7131	0
7132	2
7133	2
7134	4
7135	6
7136	3
7137	0
7138	4
7139	2
7140	2
7141	3
7142	2
7143	2
7144	1
7145	1
7146	4
7147	0
7148	0
7149	3
7150	2
7151	3
7152	3
7153	4
7154	2
7155	4
7156	0
7157	5
7158	1
7159	2
7160	2
7161	1
7162	0
7163	2
7164	0
7165	0
7166	2
7167	0
7168	1
7169	2
7170	4
7171	2
7172	5
7173	1
7174	3
7175	4
7176	4
7177	0
7178	2
7179	2
7180	4
7181	3
7182	6
7183	4
7184	2
7185	1
7186	3
7187	1
7188	4
7189	1
7190	2
7191	0
7192	1
7193	3
7194	2
7195	2
7196	1
7197	1
7198	2
7199	0
7200	2
7201	2
7202	1
7203	0
7204	5
7205	4
7206	4
7207	4
7208	7
7209	1
7210	2
7211	5
7212	2
7213	4
7214	2
7215	0
7216	2
7217	2
7218	2
7219	1
7220	3
7221	2
7222	0
7223	2
7224	1
7225	0
7226	3
7227	1
7228	0
7229	1
7230	1
7231	1
7232	3
7233	0
7234	2
7235	1
7236	1
7237	1
7238	1
7239	4
7240	1
7241	2
7242	0
7243	3
7244	2
7245	2
7246	0
7247	1
7248	3
7249	1
7250	5
7251	5
7252	1
7253	3
7254	3
7255	3
7256	3
7257	2
7258	4
7259	1
7260	1
7261	3
7262	2
7263	1
7264	4
7265	2
7266	0
7267	1
7268	2
7269	4
7270	0
7271	3
7272	1
7273	2
7274	3
7275	1
7276	3
7277	1
7278	5
7279	3
7280	1
7281	3
7282	0
7283	0
7284	1
7285	4
7286	3
7287	1
7288	2
7289	2
7290	1
7291	2
7292	1
7293	3
7294	0
7295	2
7296	1
7297	1
7298	2
7299	1
7300	3
7301	1
7302	2
7303	0
7304	1
7305	1
7306	2
7307	1
7308	1
7309	2
7310	1
7311	2
7312	1
7313	1
7314	2
7315	2
7316	1
7317	1
7318	3
7319	3
7320	3
7321	1
7322	3
7323	2
7324	1
7325	0
7326	0
7327	2
7328	2
7329	2
7330	1
7331	2
7332	0
7333	3
7334	1
7335	0
7336	4
7337	0
7338	2
7339	3
7340	3
7341	3
7342	3
7343	1
7344	2
7345	1
7346	0
7347	3
7348	1
7349	1
7350	2
7351	4
7352	0
7353	4
7354	2
7355	5
7356	1
7357	1
7358	0
7359	4
7360	1
7361	0
7362	2
7363	1
7364	2
7365	1
7366	2
7367	0
7368	1
7369	2
7370	2
7371	1
7372	2
7373	2
7374	3
7375	1
7376	1
7377	4
7378	6
7379	3
7380	3
7381	3
7382	3
7383	1
7384	1
7385	2
7386	2
7387	0
7388	3
7389	0
7390	1
7391	3
7392	2
7393	1
7394	1
7395	4
7396	3
7397	2
7398	2
7399	3
7400	3
7401	2
7402	0
7403	4
7404	0
7405	1
7406	2
7407	3
7408	0
7409	2
7410	0
7411	1
7412	3
7413	5
7414	3
7415	4
7416	1
7417	2
7418	3
7419	1
7420	0
7421	1
7422	1
7423	0
7424	2
7425	2
7426	1
7427	5
7428	0
7429	1
7430	2
7431	2
7432	0
7433	2
7434	0
7435	3
7436	3
7437	2
7438	5
7439	5
7440	0
7441	0
7442	3
7443	1
7444	0
7445	2
7446	0
7447	0
7448	0
7449	3
7450	2
7451	2
7452	1
7453	0
7454	2
7455	0
7456	2
7457	1
7458	0
7459	2
7460	1
7461	2
7462	1
7463	0
7464	1
7465	1
7466	1
7467	4
7468	2
7469	2
7470	3
7471	2
7472	1
7473	1
7474	3
7475	0
7476	1
7477	1
7478	2
7479	1
7480	1
7481	1
7482	4
7483	0
7484	2
7485	1
7486	4
7487	2
7488	4
7489	0
7490	0
7491	2
7492	1
7493	5
7494	1
7495	2
7496	2
7497	1
7498	0
7499	0
7500	3
7501	0
7502	2
7503	2
7504	2
7505	1
7506	1
7507	0
7508	3
7509	3
7510	0
7511	0
7512	1
7513	1
7514	2
7515	0
7516	0
7517	3
7518	2
7519	0
7520	2
7521	1
7522	1
7523	2
7524	1
7525	2
7526	0
7527	1
7528	3
7529	2
7530	1
7531	1
7532	2
7533	2
7534	0
7535	3
7536	0
7537	3
7538	2
7539	0
7540	1
7541	4
7542	1
7543	0
7544	0
7545	2
7546	3
7547	0
7548	4
7549	1
7550	2
7551	0
7552	2
7553	1
7554	0
7555	0
7556	1
7557	1
7558	3
7559	1
7560	3
7561	2
7562	3
7563	2
7564	2
7565	2
7566	0
7567	3
7568	0
7569	4
7570	1
7571	1
7572	0
7573	1
7574	3
7575	1
7576	2
7577	0
7578	1
7579	2
7580	0
7581	2
7582	1
7583	2
7584	2
7585	1
7586	3
7587	0
7588	4
7589	2
7590	0
7591	0
7592	1
7593	0
7594	2
7595	1
7596	1
7597	2
7598	4
7599	1
7600	1
7601	1
7602	2
7603	1
7604	0
7605	0
7606	1
7607	0
7608	1
7609	0
7610	3
7611	3
7612	5
7613	0
7614	1
7615	1
7616	1
7617	0
7618	0
7619	1
7620	1
7621	2
7622	2
7623	1
7624	1
7625	0
7626	1
7627	1
7628	1
7629	0
7630	1
7631	1
7632	2
7633	1
7634	1
7635	3
7636	0
7637	3
7638	0
7639	2
7640	1
7641	1
7642	0
7643	1
7644	1
7645	2
7646	1
7647	2
7648	3
7649	3
7650	0
7651	0
7652	0
7653	2
7654	2
7655	1
7656	1
7657	1
7658	0
7659	2
7660	1
7661	0
7662	1
7663	2
7664	0
7665	1
7666	0
7667	3
7668	1
7669	0
7670	4
7671	0
7672	2
7673	1
7674	4
7675	2
7676	0
7677	1
7678	0
7679	1
7680	1
7681	4
7682	0
7683	0
7684	4
7685	2
7686	1
7687	2
7688	2
7689	3
7690	3
7691	2
7692	2
7693	0
7694	1
7695	1
7696	2
7697	1
7698	3
7699	1
7700	2
7701	1
7702	0
7703	4
7704	2
7705	0
7706	2
7707	3
7708	2
7709	1
7710	3
7711	4
7712	5
7713	2
7714	0
7715	1
7716	2
7717	1
7718	2
7719	2
7720	2
7721	0
7722	1
7723	1
7724	3
7725	1
7726	0
7727	1
7728	2
7729	1
7730	0
7731	3
7732	2
7733	4
7734	1
7735	1
7736	2
7737	0
7738	4
7739	1
7740	0
7741	2
7742	0
7743	1
7744	1
7745	0
7746	1
7747	3
7748	0
7749	1
7750	2
7751	1
7752	1
7753	1
7754	2
7755	1
7756	0
7757	0
7758	0
7759	1
7760	2
7761	0
7762	0
7763	3
7764	1
7765	1
7766	2
7767	3
7768	3
7769	2
7770	2
7771	1
7772	1
7773	1
7774	1
7775	1
7776	2
7777	2
7778	0
7779	4
7780	1
7781	1
7782	1
7783	1
7784	2
7785	2
7786	2
7787	2
7788	2
7789	3
7790	0
7791	3
7792	2
7793	1
7794	1
7795	1
7796	0
7797	1
7798	0
7799	1
7800	2
7801	2
7802	0
7803	0
7804	1
7805	2
7806	0
7807	3
7808	0
7809	0
7810	1
7811	1
7812	2
7813	2
7814	0
7815	1
7816	2
7817	0
7818	2
7819	4
7820	0
7821	1
7822	1
7823	1
7824	2
7825	2
7826	2
7827	1
7828	1
7829	0
7830	0
7831	1
7832	0
7833	1
7834	3
7835	1
7836	0
7837	0
7838	2
7839	1
7840	1
7841	1
7842	1
7843	1
7844	2
7845	0
7846	1
7847	2
7848	1
7849	4
7850	1
7851	1
7852	2
7853	2
7854	3
7855	3
7856	1
7857	0
7858	2
7859	3
7860	0
7861	1
7862	0
7863	1
7864	2
7865	1
7866	2
7867	1
7868	0
7869	2
7870	3
7871	1
7872	1
7873	1
7874	1
7875	1
7876	0
7877	0
7878	3
7879	1
7880	1
7881	1
7882	0
7883	1
7884	0
7885	0
7886	0
7887	1
7888	1
7889	2
7890	1
7891	3
7892	2
7893	0
7894	3
7895	0
7896	2
7897	2
7898	1
7899	1
7900	0
7901	2
7902	3
7903	1
7904	1
7905	1
7906	0
7907	3
7908	1
7909	3
7910	1
7911	1
7912	2
7913	1
7914	1
7915	2
7916	2
7917	0
7918	1
7919	0
7920	3
7921	1
7922	2
7923	3
7924	4
7925	2
7926	0
7927	0
7928	4
7929	1
7930	1
7931	2
7932	1
7933	0
7934	1
7935	0
7936	1
7937	1
7938	2
7939	0
7940	1
7941	0
7942	0
7943	3
7944	1
7945	1
7946	0
7947	0
7948	2
7949	0
7950	1
7951	1
7952	0
7953	1
7954	1
7955	1
7956	1
7957	3
7958	0
7959	0
7960	1
7961	1
7962	1
7963	1
7964	0
7965	1
7966	1
7967	0
7968	1
7969	1
7970	0
7971	1
7972	1
7973	0
7974	0
7975	4
7976	1
7977	2
7978	2
7979	0
7980	2
7981	5
7982	0
7983	0
7984	0
7985	0
7986	4
7987	2
7988	0
7989	1
7990	2
7991	0
7992	1
7993	2
7994	0
7995	1
7996	2
7997	2
7998	1
7999	1
8000	1
8001	1
8002	1
8003	0
8004	1
8005	2
8006	0
8007	0
8008	2
8009	0
8010	1
8011	1
8012	0
8013	0
8014	2
8015	1
8016	0
8017	1
8018	0
8019	0
8020	2
8021	1
8022	0
8023	0
8024	1
8025	0
8026	0
8027	3
8028	0
8029	1
8030	1
8031	0
8032	3
8033	2
8034	0
8035	0
8036	2
8037	1
8038	1
8039	1
8040	0
8041	1
8042	4
8043	0
8044	2
8045	3
8046	2
8047	0
8048	1
8049	1
8050	1
8051	2
8052	1
8053	1
8054	2
8055	1
8056	1
8057	2
8058	0
8059	0
8060	1
8061	2
8062	4
8063	1
8064	0
8065	0
8066	0
8067	0
8068	0
8069	0
8070	0
8071	0
8072	0
8073	0
8074	0
8075	0
8076	0
8077	0
8078	0
8079	0
8080	0
8081	0
8082	0
8083	0
8084	0
8085	0
8086	0
8087	0
8088	0
8089	0
8090	0
8091	0
8092	0
8093	0
8094	0
8095	0
8096	0
8097	0
8098	0
8099	0
8100	0
8101	0
8102	0
8103	0
8104	0
8105	0
8106	0
8107	0
8108	0
8109	0
8110	0
8111	0
8112	0
8113	0
8114	0
8115	0
8116	0
8117	0
8118	0
8119	0
8120	0
8121	0
8122	0
8123	0
8124	0
8125	0
8126	0
8127	0
8128	0
8129	0
8130	0
8131	0
8132	0
8133	0
8134	0
8135	0
8136	0
8137	0
8138	0
8139	0
8140	0
8141	0
8142	0
8143	0
8144	0
8145	0
8146	0
8147	0
8148	0
8149	0
8150	0
8151	0
8152	0
8153	0
8154	0
8155	0
8156	0
8157	0
8158	0
8159	0
8160	0
8161	0
8162	0
8163	0
8164	0
8165	0
8166	0
8167	0
8168	0
8169	0
8170	0
8171	0
8172	0
8173	0
8174	0
8175	0
8176	0
8177	0
8178	0
8179	0
8180	0
8181	0
8182	0
8183	0
8184	0
8185	0
8186	0
8187	0
8188	0
8189	0
8190	0
8191	0
