-2	70116.300000000003
-1	71559.740000000005
0	0
1	0
2	0
3	0
4	0
5	0
6	0
7	0
8	0
9	0
10	0
11	0
12	0
13	0
14	0
15	0
16	0
17	0
18	0
19	0
20	0
21	0
22	0
23	0
24	0
25	0
26	0
27	0
28	0
29	0
30	0
31	0
32	0
33	0
34	0
35	0
36	0
37	0
38	0
39	0
40	0
41	0
42	0
43	0
44	0
45	0
46	3
47	3
48	1
49	17
50	77
51	106
52	135
53	151
54	183
55	201
56	180
57	208
58	201
59	203
60	188
61	189
62	202
63	182
64	183
65	171
66	170
67	184
68	207
69	223
70	177
71	198
72	177
73	210
74	217
75	229
76	208
77	194
78	180
79	213
80	201
81	197
82	189
83	223
84	205
85	185
86	217
87	225
88	191
89	162
90	176
91	198
92	213
93	211
94	203
95	191
96	216
97	212
98	219
99	205
100	212
101	198
102	223
103	218
104	206
105	207
106	200
107	215
108	210
109	224
110	238
111	224
112	246
113	222
114	257
115	234
116	234
117	264
118	249
119	251
120	239
121	242
122	277
123	274
124	253
125	295
126	257
127	310
128	304
129	276
130	298
131	265
132	314
133	296
134	289
135	264
136	294
137	326
138	337
139	304
140	315
141	330
142	296
143	346
144	280
145	340
146	303
147	309
148	353
149	324
150	333
151	341
152	340
153	325
154	354
155	348
156	396
157	383
158	372
159	343
160	331
161	354
162	351
163	298
164	359
165	357
166	358
167	339
168	381
169	341
170	345
171	336
172	316
173	364
174	351
175	391
176	346
177	339
178	365
179	375
180	355
181	358
182	325
183	358
184	349
185	358
186	353
187	387
188	354
189	365
190	381
191	381
192	351
193	382
194	386
195	325
196	353
197	358
198	371
199	344
200	300
201	346
202	325
203	355
204	348
205	351
206	341
207	323
208	344
209	402
210	361
211	343
212	351
213	363
214	372
215	340
216	348
217	329
218	400
219	360
220	399
221	360
222	347
223	369
224	357
225	340
226	350
227	355
228	359
229	356
230	333
231	353
232	340
233	332
234	338
235	343
236	337
237	320
238	357
239	302
240	351
241	346
242	342
243	318
244	316
245	332
246	305
247	349
248	315
249	327
250	287
251	321
252	313
253	292
254	315
255	322
256	292
257	341
258	287
259	316
260	333
261	324
262	282
263	318
264	316
265	330
266	304
267	292
268	274
269	285
270	270
271	292
272	302
273	283
274	308
275	299
276	273
277	263
278	280
279	283
280	302
281	313
282	292
283	285
284	295
285	301
286	255
287	278
288	284
289	280
290	283
291	260
292	252
293	291
294	265
295	242
296	257
297	276
298	278
299	220
300	269
301	286
302	275
303	243
304	267
305	252
306	258
307	266
308	256
309	274
310	243
311	257
312	235
313	254
314	249
315	243
316	237
317	248
318	242
319	240
320	229
321	260
322	264
323	245
324	252
325	224
326	218
327	258
328	230
329	237
330	260
331	252
332	200
333	260
334	218
335	234
336	251
337	247
338	209
339	236
340	215
341	229
342	233
343	254
344	203
345	249
346	198
347	230
348	225
349	226
350	210
351	207
352	248
353	226
354	202
355	208
356	226
357	232
358	213
359	220
360	210
361	236
362	207
363	199
364	215
365	212
366	213
367	198
368	207
369	217
370	212
371	196
372	192
373	184
374	210
375	230
376	196
377	194
378	204
379	189
380	201
381	190
382	199
383	183
384	202
385	197
386	186
387	180
388	181
389	195
390	200
391	213
392	201
393	197
394	173
395	192
396	209
397	172
398	193
399	184
400	173
401	160
402	194
403	178
404	178
405	205
406	176
407	179
408	191
409	163
410	186
411	167
412	183
413	200
414	196
415	185
416	175
417	174
418	158
419	188
420	175
421	178
422	161
423	170
424	171
425	168
426	154
427	169
428	170
429	169
430	178
431	167
432	177
433	135
434	152
435	169
436	169
437	149
438	178
439	170
440	149
441	167
442	152
443	185
444	160
445	153
446	143
447	148
448	150
449	171
450	139
451	143
452	146
453	149
454	150
455	156
456	154
457	157
458	145
459	152
460	157
461	126
462	146
463	154
464	173
465	150
466	141
467	129
468	149
469	154
470	154
471	161
472	149
473	137
474	146
475	139
476	154
477	130
478	146
479	150
480	151
481	144
482	124
483	132
484	133
485	162
486	163
487	143
488	144
489	115
490	136
491	165
492	136
493	151
494	143
495	122
496	127
497	140
498	145
499	144
500	145
501	127
502	159
503	142
504	153
505	146
506	134
507	138
508	125
509	144
510	145
511	132
512	119
513	117
514	129
515	149
516	123
517	150
518	131
519	126
520	129
521	140
522	139
523	125
524	136
525	115
526	147
527	156
528	135
529	137
530	144
531	114
532	140
533	150
534	130
535	137
536	117
537	114
538	131
539	116
540	129
541	120
542	127
543	115
544	136
545	118
546	127
547	131
548	129
549	103
550	132
551	107
552	132
553	136
554	115
555	143
556	109
557	108
558	114
559	137
560	113
561	133
562	116
563	115
564	115
565	137
566	203
567	223
568	251
569	248
570	242
571	208
572	190
573	138
574	112
575	107
576	113
577	111
578	105
579	117
580	108
581	103
582	106
583	100
584	136
585	132
586	100
587	107
588	114
589	114
590	104
591	116
592	98
593	95
594	113
595	126
596	109
597	114
598	128
599	84
600	105
601	119
602	112
603	110
604	92
605	109
606	100
607	111
608	118
609	101
610	121
611	105
612	105
613	105
614	101
615	108
616	98
617	122
618	97
619	115
620	114
621	100
622	94
623	89
624	104
625	85
626	89
627	119
628	102
629	113
630	103
631	107
632	98
633	125
634	88
635	80
636	89
637	102
638	108
639	112
640	116
641	103
642	107
643	96
644	106
645	111
646	104
647	112
648	120
649	139
650	143
651	126
652	126
653	105
654	89
655	92
656	95
657	93
658	103
659	104
660	88
661	80
662	100
663	96
664	82
665	111
666	109
667	114
668	104
669	117
670	109
671	105
672	106
673	96
674	97
675	104
676	132
677	106
678	144
679	168
680	120
681	117
682	117
683	92
684	94
685	103
686	84
687	90
688	92
689	82
690	78
691	85
692	90
693	75
694	91
695	94
696	88
697	97
698	105
699	93
700	91
701	90
702	89
703	97
704	82
705	91
706	80
707	94
708	79
709	103
710	70
711	83
712	92
713	97
714	64
715	94
716	91
717	95
718	95
719	78
720	85
721	105
722	90
723	88
724	83
725	87
726	83
727	91
728	91
729	80
730	83
731	69
732	80
733	71
734	90
735	76
736	71
737	70
738	74
739	94
740	97
741	78
742	85
743	88
744	78
745	95
746	95
747	78
748	82
749	106
750	72
751	83
752	74
753	90
754	84
755	91
756	86
757	76
758	73
759	83
760	77
761	62
762	93
763	78
764	77
765	59
766	86
767	81
768	74
769	72
770	70
771	69
772	75
773	78
774	84
775	78
776	86
777	82
778	82
779	87
780	94
781	94
782	80
783	75
784	82
785	79
786	83
787	87
788	76
789	83
790	85
791	57
792	90
793	80
794	79
795	81
796	64
797	81
798	76
799	85
800	78
801	68
802	67
803	77
804	75
805	61
806	76
807	70
808	79
809	87
810	78
811	86
812	90
813	75
814	70
815	71
816	69
817	84
818	64
819	64
820	65
821	78
822	86
823	57
824	69
825	75
826	66
827	72
828	66
829	81
830	75
831	70
832	73
833	72
834	85
835	73
836	78
837	59
838	84
839	65
840	73
841	61
842	69
843	67
844	65
845	66
846	72
847	58
848	66
849	57
850	85
851	72
852	64
853	92
854	66
855	78
856	94
857	84
858	65
859	69
860	67
861	61
862	69
863	73
864	68
865	63
866	67
867	62
868	81
869	73
870	66
871	72
872	67
873	57
874	64
875	67
876	76
877	58
878	57
879	70
880	82
881	78
882	65
883	75
884	62
885	66
886	64
887	78
888	50
889	71
890	70
891	69
892	55
893	65
894	59
895	58
896	66
897	52
898	70
899	50
900	75
901	62
902	64
903	58
904	70
905	63
906	66
907	63
908	76
909	62
910	69
911	65
912	70
913	59
914	61
915	66
916	71
917	66
918	53
919	68
920	65
921	56
922	74
923	56
924	62
925	63
926	51
927	63
928	59
929	67
930	69
931	63
932	56
933	68
934	65
935	77
936	59
937	66
938	57
939	64
940	55
941	66
942	65
943	64
944	69
945	48
946	69
947	51
948	58
949	58
950	76
951	55
952	53
953	60
954	74
955	57
956	66
957	66
958	87
959	73
960	66
961	57
962	62
963	49
964	62
965	58
966	59
967	48
968	58
969	67
970	51
971	68
972	51
973	56
974	67
975	52
976	64
977	57
978	50
979	49
980	47
981	59
982	50
983	43
984	59
985	55
986	61
987	46
988	60
989	53
990	61
991	49
992	60
993	52
994	56
995	59
996	47
997	55
998	63
999	52
1000	70
1001	47
1002	58
1003	59
1004	58
1005	56
1006	54
1007	60
1008	52
1009	67
1010	61
1011	76
1012	70
1013	131
1014	129
1015	104
1016	82
1017	60
1018	43
1019	56
1020	56
1021	49
1022	55
1023	62
1024	49
1025	48
1026	51
1027	48
1028	56
1029	45
1030	57
1031	58
1032	61
1033	53
1034	48
1035	52
1036	50
1037	47
1038	65
1039	59
1040	66
1041	51
1042	63
1043	52
1044	53
1045	55
1046	53
1047	53
1048	49
1049	44
1050	59
1051	53
1052	43
1053	57
1054	58
1055	64
1056	65
1057	58
1058	59
1059	63
1060	48
1061	63
1062	54
1063	42
1064	59
1065	63
1066	62
1067	61
1068	39
1069	59
1070	71
1071	64
1072	72
1073	59
1074	71
1075	58
1076	75
1077	82
1078	97
1079	70
1080	78
1081	63
1082	49
1083	50
1084	56
1085	60
1086	48
1087	42
1088	43
1089	42
1090	44
1091	41
1092	58
1093	42
1094	53
1095	39
1096	53
1097	52
1098	70
1099	42
1100	60
1101	48
1102	50
1103	48
1104	49
1105	40
1106	54
1107	51
1108	47
1109	60
1110	54
1111	53
1112	52
1113	46
1114	53
1115	50
1116	43
1117	51
1118	57
1119	45
1120	51
1121	37
1122	50
1123	37
1124	51
1125	52
1126	59
1127	52
1128	54
1129	53
1130	45
1131	33
1132	48
1133	41
1134	45
1135	45
1136	36
1137	49
1138	48
1139	48
1140	35
1141	39
1142	47
1143	47
1144	56
1145	35
1146	40
1147	58
1148	44
1149	54
1150	40
1151	38
1152	46
1153	67
1154	37
1155	31
1156	45
1157	49
1158	43
1159	43
1160	48
1161	40
1162	49
1163	49
1164	51
1165	41
1166	42
1167	35
1168	56
1169	40
1170	42
1171	39
1172	59
1173	51
1174	45
1175	45
1176	58
1177	39
1178	52
1179	54
1180	48
1181	47
1182	51
1183	53
1184	46
1185	49
1186	49
1187	37
1188	39
1189	58
1190	36
1191	45
1192	50
1193	34
1194	41
1195	42
1196	39
1197	50
1198	43
1199	39
1200	52
1201	51
1202	40
1203	54
1204	53
1205	42
1206	41
1207	40
1208	43
1209	45
1210	47
1211	41
1212	42
1213	42
1214	47
1215	53
1216	46
1217	51
1218	47
1219	51
1220	42
1221	41
1222	34
1223	50
1224	41
1225	48
1226	38
1227	45
1228	31
1229	45
1230	42
1231	34
1232	42
1233	34
1234	44
1235	35
1236	39
1237	43
1238	48
1239	50
1240	67
1241	56
1242	45
1243	44
1244	57
1245	65
1246	75
1247	72
1248	62
1249	67
1250	37
1251	39
1252	39
1253	49
1254	45
1255	44
1256	45
1257	47
1258	38
1259	54
1260	38
1261	37
1262	59
1263	56
1264	48
1265	39
1266	40
1267	39
1268	49
1269	51
1270	49
1271	39
1272	43
1273	46
1274	32
1275	37
1276	36
1277	42
1278	46
1279	34
1280	42
1281	47
1282	38
1283	43
1284	50
1285	48
1286	68
1287	45
1288	43
1289	36
1290	41
1291	56
1292	38
1293	42
1294	46
1295	34
1296	49
1297	34
1298	41
1299	47
1300	47
1301	50
1302	41
1303	49
1304	44
1305	45
1306	41
1307	50
1308	43
1309	40
1310	36
1311	44
1312	29
1313	48
1314	39
1315	51
1316	39
1317	34
1318	51
1319	34
1320	37
1321	45
1322	51
1323	42
1324	38
1325	40
1326	38
1327	47
1328	36
1329	49
1330	38
1331	43
1332	43
1333	35
1334	40
1335	41
1336	53
1337	45
1338	50
1339	43
1340	48
1341	54
1342	37
1343	48
1344	40
1345	49
1346	37
1347	51
1348	40
1349	32
1350	40
1351	49
1352	44
1353	29
1354	48
1355	45
1356	45
1357	51
1358	36
1359	36
1360	52
1361	40
1362	39
1363	35
1364	45
1365	40
1366	33
1367	31
1368	46
1369	30
1370	43
1371	37
1372	39
1373	44
1374	30
1375	59
1376	68
1377	54
1378	54
1379	44
1380	48
1381	48
1382	53
1383	47
1384	45
1385	51
1386	45
1387	43
1388	35
1389	43
1390	39
1391	45
1392	37
1393	45
1394	37
1395	38
1396	27
1397	36
1398	41
1399	37
1400	36
1401	34
1402	34
1403	42
1404	34
1405	41
1406	31
1407	38
1408	38
1409	28
1410	34
1411	31
1412	39
1413	35
1414	34
1415	41
1416	31
1417	32
1418	35
1419	30
1420	36
1421	31
1422	29
1423	40
1424	32
1425	42
1426	41
1427	38
1428	39
1429	38
1430	39
1431	34
1432	40
1433	18
1434	36
1435	27
1436	20
1437	33
1438	35
1439	20
1440	36
1441	32
1442	40
1443	25
1444	23
1445	38
1446	20
1447	30
1448	22
1449	39
1450	30
1451	32
1452	29
1453	26
1454	38
1455	31
1456	25
1457	27
1458	31
1459	44
1460	35
1461	31
1462	26
1463	20
1464	27
1465	33
1466	25
1467	26
1468	34
1469	36
1470	29
1471	28
1472	29
1473	26
1474	30
1475	39
1476	28
1477	26
1478	36
1479	27
1480	23
1481	22
1482	31
1483	35
1484	30
1485	19
1486	17
1487	27
1488	29
1489	19
1490	25
1491	26
1492	28
1493	22
1494	28
1495	39
1496	29
1497	23
1498	26
1499	20
1500	16
1501	26
1502	27
1503	22
1504	29
1505	23
1506	21
1507	18
1508	26
1509	26
1510	28
1511	25
1512	38
1513	25
1514	25
1515	29
1516	28
1517	26
1518	26
1519	25
1520	27
1521	20
1522	25
1523	27
1524	22
1525	20
1526	27
1527	33
1528	26
1529	26
1530	22
1531	37
1532	31
1533	47
1534	31
1535	26
1536	25
1537	28
1538	20
1539	21
1540	30
1541	25
1542	22
1543	22
1544	28
1545	20
1546	32
1547	21
1548	25
1549	27
1550	17
1551	21
1552	26
1553	18
1554	21
1555	24
1556	20
1557	25
1558	26
1559	24
1560	34
1561	26
1562	21
1563	21
1564	35
1565	32
1566	25
1567	43
1568	35
1569	21
1570	30
1571	28
1572	10
1573	20
1574	23
1575	23
1576	20
1577	18
1578	25
1579	14
1580	23
1581	19
1582	27
1583	25
1584	25
1585	30
1586	27
1587	22
1588	23
1589	30
1590	21
1591	31
1592	29
1593	31
1594	21
1595	22
1596	21
1597	25
1598	17
1599	24
1600	23
1601	16
1602	29
1603	29
1604	23
1605	16
1606	18
1607	24
1608	17
1609	21
1610	14
1611	26
1612	15
1613	12
1614	20
1615	18
1616	14
1617	21
1618	21
1619	28
1620	43
1621	111
1622	241
1623	454
1624	735
1625	749
1626	557
1627	324
1628	147
1629	53
1630	15
1631	14
1632	11
1633	12
1634	18
1635	11
1636	12
1637	12
1638	11
1639	14
1640	15
1641	11
1642	16
1643	14
1644	10
1645	12
1646	13
1647	11
1648	17
1649	17
1650	14
1651	16
1652	13
1653	9
1654	12
1655	17
1656	10
1657	11
1658	18
1659	14
1660	14
1661	16
1662	19
1663	16
1664	16
1665	15
1666	12
1667	12
1668	10
1669	14
1670	14
1671	22
1672	16
1673	18
1674	19
1675	20
1676	13
1677	22
1678	25
1679	19
1680	18
1681	19
1682	11
1683	17
1684	10
1685	12
1686	13
1687	11
1688	15
1689	17
1690	10
1691	16
1692	11
1693	14
1694	17
1695	12
1696	14
1697	13
1698	15
1699	13
1700	11
1701	6
1702	11
1703	11
1704	15
1705	18
1706	8
1707	12
1708	17
1709	13
1710	15
1711	15
1712	8
1713	9
1714	20
1715	17
1716	8
1717	18
1718	12
1719	10
1720	15
1721	13
1722	16
1723	14
1724	9
1725	13
1726	11
1727	13
1728	7
1729	16
1730	15
1731	14
1732	16
1733	11
1734	12
1735	11
1736	12
1737	11
1738	11
1739	13
1740	12
1741	13
1742	16
1743	11
1744	7
1745	10
1746	12
1747	10
1748	9
1749	9
1750	10
1751	13
1752	10
1753	11
1754	6
1755	11
1756	16
1757	23
1758	14
1759	11
1760	13
1761	16
1762	10
1763	14
1764	18
1765	24
1766	38
1767	22
1768	28
1769	28
1770	21
1771	13
1772	12
1773	12
1774	15
1775	15
1776	14
1777	11
1778	13
1779	15
1780	18
1781	12
1782	4
1783	9
1784	10
1785	13
1786	7
1787	12
1788	12
1789	9
1790	11
1791	10
1792	10
1793	10
1794	9
1795	5
1796	7
1797	13
1798	11
1799	15
1800	16
1801	17
1802	18
1803	14
1804	15
1805	15
1806	12
1807	15
1808	11
1809	10
1810	7
1811	15
1812	20
1813	17
1814	17
1815	19
1816	11
1817	14
1818	17
1819	11
1820	9
1821	14
1822	13
1823	6
1824	13
1825	7
1826	12
1827	16
1828	9
1829	17
1830	5
1831	9
1832	7
1833	12
1834	10
1835	11
1836	7
1837	7
1838	10
1839	9
1840	11
1841	9
1842	14
1843	9
1844	15
1845	9
1846	17
1847	13
1848	13
1849	12
1850	8
1851	9
1852	6
1853	3
1854	12
1855	13
1856	4
1857	7
1858	6
1859	9
1860	13
1861	4
1862	11
1863	9
1864	10
1865	11
1866	9
1867	14
1868	10
1869	7
1870	9
1871	4
1872	5
1873	18
1874	11
1875	11
1876	11
1877	13
1878	7
1879	12
1880	10
1881	13
1882	10
1883	2
1884	11
1885	15
1886	10
1887	7
1888	8
1889	6
1890	13
1891	8
1892	7
1893	3
1894	10
1895	9
1896	8
1897	6
1898	7
1899	16
1900	8
1901	5
1902	9
1903	12
1904	6
1905	12
1906	6
1907	7
1908	16
1909	5
1910	7
1911	4
1912	9
1913	15
1914	7
1915	6
1916	4
1917	6
1918	5
1919	11
1920	10
1921	17
1922	16
1923	23
1924	24
1925	20
1926	16
1927	12
1928	15
1929	7
1930	8
1931	11
1932	7
1933	7
1934	10
1935	13
1936	8
1937	4
1938	8
1939	11
1940	12
1941	12
1942	3
1943	5
1944	5
1945	7
1946	8
1947	12
1948	9
1949	6
1950	8
1951	10
1952	13
1953	3
1954	8
1955	8
1956	17
1957	4
1958	12
1959	19
1960	43
1961	59
1962	72
1963	62
1964	65
1965	28
1966	21
1967	9
1968	6
1969	5
1970	7
1971	9
1972	5
1973	11
1974	6
1975	9
1976	6
1977	15
1978	10
1979	7
1980	7
1981	5
1982	8
1983	9
1984	14
1985	8
1986	9
1987	6
1988	11
1989	6
1990	9
1991	8
1992	7
1993	11
1994	5
1995	9
1996	6
1997	2
1998	6
1999	12
2000	9
2001	10
2002	8
2003	12
2004	11
2005	9
2006	13
2007	10
2008	9
2009	6
2010	7
2011	8
2012	6
2013	10
2014	6
2015	7
2016	4
2017	7
2018	6
2019	14
2020	4
2021	9
2022	6
2023	7
2024	14
2025	11
2026	10
2027	8
2028	10
2029	11
2030	12
2031	9
2032	4
2033	7
2034	6
2035	9
2036	8
2037	8
2038	6
2039	6
2040	9
2041	8
2042	10
2043	9
2044	13
2045	10
2046	9
2047	13
2048	10
2049	9
2050	7
2051	14
2052	10
2053	14
2054	12
2055	17
2056	11
2057	13
2058	4
2059	8
2060	9
2061	10
2062	6
2063	7
2064	11
2065	5
2066	5
2067	5
2068	8
2069	14
2070	9
2071	4
2072	9
2073	11
2074	8
2075	7
2076	8
2077	10
2078	6
2079	7
2080	9
2081	5
2082	10
2083	11
2084	9
2085	12
2086	8
2087	6
2088	8
2089	8
2090	12
2091	8
2092	9
2093	4
2094	11
2095	9
2096	12
2097	10
2098	4
2099	10
2100	4
2101	6
2102	13
2103	4
2104	7
2105	10
2106	9
2107	12
2108	6
2109	6
2110	10
2111	8
2112	6
2113	14
2114	5
2115	10
2116	9
2117	5
2118	10
2119	12
2120	14
2121	10
2122	8
2123	10
2124	6
2125	8
2126	6
2127	6
2128	4
2129	8
2130	11
2131	10
2132	5
2133	10
2134	5
2135	4
2136	11
2137	12
2138	10
2139	4
2140	11
2141	7
2142	8
2143	13
2144	5
2145	9
2146	7
2147	3
2148	8
2149	12
2150	7
2151	8
2152	4
2153	6
2154	12
2155	7
2156	7
2157	6
2158	5
2159	14
2160	9
2161	8
2162	6
2163	8
2164	6
2165	4
2166	5
2167	8
2168	11
2169	11
2170	9
2171	8
2172	8
2173	5
2174	9
2175	7
2176	5
2177	3
2178	10
2179	9
2180	11
2181	4
2182	3
2183	9
2184	8
2185	6
2186	9
2187	6
2188	12
2189	7
2190	4
2191	4
2192	7
2193	12
2194	6
2195	9
2196	8
2197	6
2198	3
2199	2
2200	4
2201	7
2202	6
2203	8
2204	6
2205	9
2206	9
2207	5
2208	10
2209	8
2210	10
2211	3
2212	8
2213	9
2214	10
2215	4
2216	11
2217	5
2218	4
2219	7
2220	4
2221	8
2222	7
2223	5
2224	4
2225	7
2226	12
2227	8
2228	4
2229	8
2230	2
2231	6
2232	5
2233	9
2234	7
2235	5
2236	7
2237	5
2238	5
2239	7
2240	9
2241	8
2242	7
2243	8
2244	4
2245	13
2246	6
2247	3
2248	1
2249	11
2250	3
2251	11
2252	8
2253	10
2254	7
2255	9
2256	7
2257	9
2258	8
2259	2
2260	7
2261	7
2262	9
2263	5
2264	4
2265	9
2266	5
2267	7
2268	6
2269	7
2270	5
2271	3
2272	3
2273	7
2274	7
2275	6
2276	5
2277	8
2278	10
2279	9
2280	6
2281	6
2282	3
2283	8
2284	8
2285	10
2286	10
2287	11
2288	7
2289	5
2290	7
2291	7
2292	3
2293	8
2294	8
2295	6
2296	13
2297	3
2298	6
2299	4
2300	6
2301	7
2302	5
2303	2
2304	10
2305	2
2306	8
2307	1
2308	2
2309	4
2310	4
2311	4
2312	9
2313	8
2314	4
2315	4
2316	7
2317	3
2318	3
2319	7
2320	12
2321	8
2322	4
2323	11
2324	6
2325	7
2326	5
2327	5
2328	9
2329	8
2330	8
2331	14
2332	7
2333	8
2334	11
2335	21
2336	20
2337	26
2338	32
2339	25
2340	26
2341	18
2342	11
2343	5
2344	3
2345	5
2346	9
2347	4
2348	8
2349	8
2350	7
2351	10
2352	7
2353	14
2354	19
2355	15
2356	17
2357	18
2358	9
2359	13
2360	6
2361	9
2362	9
2363	5
2364	8
2365	6
2366	5
2367	3
2368	7
2369	3
2370	8
2371	9
2372	4
2373	9
2374	9
2375	7
2376	5
2377	4
2378	3
2379	5
2380	9
2381	10
2382	8
2383	7
2384	10
2385	3
2386	4
2387	6
2388	8
2389	12
2390	6
2391	6
2392	7
2393	7
2394	6
2395	5
2396	4
2397	9
2398	4
2399	4
2400	5
2401	9
2402	6
2403	7
2404	5
2405	6
2406	7
2407	3
2408	10
2409	6
2410	7
2411	7
2412	6
2413	4
2414	4
2415	5
2416	6
2417	10
2418	5
2419	9
2420	6
2421	9
2422	7
2423	5
2424	8
2425	6
2426	9
2427	4
2428	7
2429	5
2430	5
2431	2
2432	4
2433	4
2434	5
2435	8
2436	9
2437	7
2438	3
2439	11
2440	12
2441	5
2442	5
2443	7
2444	4
2445	7
2446	10
2447	14
2448	11
2449	19
2450	23
2451	29
2452	14
2453	21
2454	13
2455	7
2456	4
2457	4
2458	1
2459	5
2460	8
2461	8
2462	6
2463	7
2464	4
2465	3
2466	4
2467	2
2468	7
2469	7
2470	5
2471	4
2472	6
2473	8
2474	10
2475	4
2476	12
2477	4
2478	11
2479	7
2480	6
2481	10
2482	7
2483	7
2484	4
2485	6
2486	9
2487	10
2488	12
2489	3
2490	3
2491	5
2492	10
2493	5
2494	5
2495	8
2496	8
2497	10
2498	6
2499	5
2500	9
2501	5
2502	4
2503	6
2504	9
2505	3
2506	3
2507	8
2508	10
2509	6
2510	5
2511	8
2512	2
2513	6
2514	4
2515	2
2516	8
2517	5
2518	10
2519	7
2520	10
2521	4
2522	7
2523	6
2524	7
2525	8
2526	9
2527	8
2528	2
2529	5
2530	7
2531	8
2532	6
2533	7
2534	5
2535	9
2536	9
2537	12
2538	8
2539	7
2540	11
2541	3
2542	7
2543	10
2544	7
2545	10
2546	5
2547	4
2548	6
2549	3
2550	10
2551	11
2552	6
2553	6
2554	2
2555	9
2556	6
2557	11
2558	8
2559	5
2560	4
2561	9
2562	9
2563	8
2564	4
2565	5
2566	7
2567	9
2568	8
2569	10
2570	10
2571	11
2572	9
2573	4
2574	8
2575	7
2576	5
2577	5
2578	7
2579	7
2580	8
2581	4
2582	6
2583	6
2584	3
2585	13
2586	5
2587	5
2588	8
2589	7
2590	4
2591	9
2592	6
2593	10
2594	4
2595	8
2596	7
2597	9
2598	6
2599	5
2600	6
2601	6
2602	8
2603	10
2604	4
2605	11
2606	7
2607	4
2608	9
2609	8
2610	4
2611	6
2612	5
2613	6
2614	11
2615	7
2616	8
2617	8
2618	9
2619	12
2620	8
2621	10
2622	5
2623	6
2624	10
2625	9
2626	9
2627	8
2628	8
2629	6
2630	10
2631	6
2632	8
2633	8
2634	6
2635	7
2636	6
2637	1
2638	8
2639	10
2640	9
2641	7
2642	13
2643	3
2644	6
2645	7
2646	9
2647	11
2648	6
2649	7
2650	10
2651	4
2652	6
2653	2
2654	3
2655	4
2656	6
2657	3
2658	10
2659	8
2660	7
2661	4
2662	4
2663	9
2664	1
2665	7
2666	9
2667	4
2668	6
2669	3
2670	6
2671	5
2672	8
2673	5
2674	5
2675	1
2676	5
2677	4
2678	7
2679	3
2680	4
2681	6
2682	1
2683	6
2684	5
2685	6
2686	3
2687	3
2688	7
2689	5
2690	9
2691	5
2692	9
2693	6
2694	1
2695	4
2696	7
2697	4
2698	5
2699	9
2700	7
2701	4
2702	3
2703	5
2704	2
2705	7
2706	2
2707	6
2708	4
2709	6
2710	6
2711	3
2712	1
2713	4
2714	5
2715	4
2716	4
2717	6
2718	6
2719	6
2720	15
2721	14
2722	8
2723	10
2724	10
2725	10
2726	2
2727	5
2728	6
2729	3
2730	4
2731	3
2732	4
2733	2
2734	5
2735	5
2736	5
2737	3
2738	7
2739	3
2740	7
2741	4
2742	4
2743	6
2744	2
2745	6
2746	1
2747	3
2748	5
2749	2
2750	2
2751	8
2752	1
2753	2
2754	3
2755	4
2756	6
2757	7
2758	6
2759	7
2760	3
2761	5
2762	8
2763	3
2764	3
2765	4
2766	2
2767	1
2768	5
2769	2
2770	1
2771	2
2772	5
2773	4
2774	3
2775	4
2776	4
2777	4
2778	2
2779	1
2780	1
2781	4
2782	2
2783	2
2784	4
2785	1
2786	3
2787	0
2788	2
2789	4
2790	2
2791	2
2792	3
2793	1
2794	2
2795	4
2796	4
2797	3
2798	1
2799	2
2800	5
2801	2
2802	2
2803	3
2804	2
2805	3
2806	4
2807	2
2808	2
2809	1
2810	2
2811	4
2812	2
2813	3
2814	1
2815	3
2816	3
2817	2
2818	2
2819	4
2820	4
2821	2
2822	4
2823	2
2824	1
2825	3
2826	1
2827	4
2828	2
2829	3
2830	7
2831	1
2832	4
2833	3
2834	4
2835	1
2836	2
2837	3
2838	1
2839	5
2840	4
2841	1
2842	4
2843	1
2844	0
2845	2
2846	1
2847	1
2848	2
2849	3
2850	3
2851	2
2852	3
2853	1
2854	5
2855	2
2856	1
2857	1
2858	0
2859	4
2860	3
2861	2
2862	1
2863	0
2864	0
2865	0
2866	3
2867	1
2868	1
2869	4
2870	2
2871	3
2872	1
2873	2
2874	2
2875	2
2876	3
2877	2
2878	5
2879	3
2880	1
2881	2
2882	3
2883	1
2884	2
2885	2
2886	1
2887	0
2888	1
2889	0
2890	0
2891	2
2892	4
2893	2
2894	6
2895	2
2896	7
2897	2
2898	3
2899	5
2900	6
2901	10
2902	26
2903	66
2904	119
2905	161
2906	186
2907	195
2908	178
2909	134
2910	74
2911	42
2912	24
2913	3
2914	0
2915	1
2916	0
2917	0
2918	0
2919	0
2920	0
2921	1
2922	1
2923	2
2924	1
2925	1
2926	2
2927	0
2928	0
2929	0
2930	1
2931	1
2932	0
2933	0
2934	1
2935	1
2936	0
2937	1
2938	1
2939	0
2940	1
2941	0
2942	0
2943	1
2944	1
2945	0
2946	0
2947	0
2948	0
2949	2
2950	0
2951	0
2952	0
2953	1
2954	0
2955	0
2956	0
2957	0
2958	0
2959	0
2960	0
2961	1
2962	1
2963	2
2964	0
2965	0
2966	2
2967	0
2968	0
2969	1
2970	0
2971	0
2972	1
2973	1
2974	0
2975	2
2976	0
2977	1
2978	0
2979	0
2980	2
2981	0
2982	2
2983	2
2984	2
2985	1
2986	1
2987	1
2988	0
2989	2
2990	0
2991	1
2992	0
2993	1
2994	1
2995	2
2996	1
2997	1
2998	0
2999	1
3000	0
3001	0
3002	0
3003	1
3004	0
3005	0
3006	0
3007	0
3008	0
3009	0
3010	0
3011	1
3012	0
3013	2
3014	0
3015	0
3016	2
3017	1
3018	3
3019	1
3020	1
3021	1
3022	0
3023	2
3024	0
3025	0
3026	2
3027	0
3028	0
3029	0
3030	0
3031	0
3032	0
3033	1
3034	1
3035	1
3036	0
3037	1
3038	0
3039	0
3040	2
3041	0
3042	0
3043	0
3044	1
3045	0
3046	1
3047	1
3048	2
3049	0
3050	0
3051	0
3052	2
3053	0
3054	1
3055	0
3056	0
3057	1
3058	0
3059	1
3060	0
3061	1
3062	0
3063	0
3064	4
3065	0
3066	2
3067	3
3068	0
3069	1
3070	0
3071	1
3072	1
3073	0
3074	1
3075	1
3076	1
3077	1
3078	3
3079	0
3080	3
3081	1
3082	3
3083	2
3084	0
3085	0
3086	1
3087	1
3088	1
3089	1
3090	0
3091	2
3092	0
3093	0
3094	2
3095	0
3096	0
3097	1
3098	1
3099	0
3100	1
3101	2
3102	2
3103	0
3104	1
3105	0
3106	2
3107	0
3108	2
3109	2
3110	0
3111	1
3112	0
3113	0
3114	0
3115	0
3116	1
3117	0
3118	0
3119	0
3120	1
3121	0
3122	1
3123	1
3124	0
3125	0
3126	0
3127	0
3128	0
3129	0
3130	1
3131	2
3132	0
3133	0
3134	1
3135	0
3136	1
3137	0
3138	0
3139	1
3140	1
3141	0
3142	2
3143	3
3144	0
3145	2
3146	0
3147	0
3148	2
3149	1
3150	3
3151	0
3152	0
3153	0
3154	1
3155	0
3156	1
3157	1
3158	2
3159	1
3160	0
3161	0
3162	0
3163	0
3164	0
3165	0
3166	0
3167	0
3168	1
3169	0
3170	0
3171	1
3172	0
3173	1
3174	1
3175	0
3176	0
3177	0
3178	0
3179	0
3180	1
3181	0
3182	0
3183	3
3184	2
3185	0
3186	0
3187	0
3188	0
3189	1
3190	0
3191	1
3192	1
3193	1
3194	0
3195	1
3196	0
3197	1
3198	0
3199	0
3200	1
3201	0
3202	1
3203	2
3204	1
3205	0
3206	1
3207	2
3208	2
3209	0
3210	1
3211	0
3212	0
3213	1
3214	0
3215	1
3216	0
3217	0
3218	1
3219	2
3220	0
3221	1
3222	0
3223	1
3224	0
3225	0
3226	0
3227	0
3228	0
3229	0
3230	1
3231	1
3232	1
3233	1
3234	1
3235	0
3236	1
3237	0
3238	1
3239	0
3240	1
3241	2
3242	1
3243	0
3244	0
3245	0
3246	1
3247	0
3248	1
3249	0
3250	0
3251	0
3252	1
3253	0
3254	1
3255	0
3256	1
3257	0
3258	0
3259	0
3260	0
3261	2
3262	0
3263	3
3264	0
3265	1
3266	0
3267	1
3268	0
3269	0
3270	1
3271	0
3272	0
3273	0
3274	1
3275	1
3276	0
3277	1
3278	1
3279	0
3280	1
3281	0
3282	1
3283	1
3284	1
3285	1
3286	0
3287	1
3288	0
3289	1
3290	1
3291	0
3292	3
3293	0
3294	0
3295	0
3296	0
3297	1
3298	1
3299	1
3300	0
3301	1
3302	0
3303	1
3304	0
3305	1
3306	1
3307	1
3308	0
3309	0
3310	1
3311	2
3312	0
3313	0
3314	0
3315	0
3316	1
3317	0
3318	0
3319	1
3320	0
3321	0
3322	0
3323	0
3324	0
3325	0
3326	0
3327	0
3328	0
3329	0
3330	1
3331	0
3332	2
3333	2
3334	0
3335	0
3336	1
3337	1
3338	0
3339	1
3340	0
3341	1
3342	0
3343	2
3344	0
3345	0
3346	1
3347	2
3348	2
3349	0
3350	0
3351	0
3352	0
3353	0
3354	0
3355	0
3356	1
3357	1
3358	2
3359	2
3360	0
3361	1
3362	0
3363	1
3364	0
3365	3
3366	1
3367	0
3368	1
3369	0
3370	0
3371	0
3372	0
3373	0
3374	0
3375	1
3376	0
3377	1
3378	0
3379	0
3380	1
3381	0
3382	0
3383	0
3384	0
3385	1
3386	0
3387	0
3388	0
3389	1
3390	1
3391	0
3392	0
3393	0
3394	1
3395	1
3396	1
3397	3
3398	2
3399	1
3400	0
3401	1
3402	0
3403	1
3404	1
3405	1
3406	0
3407	0
3408	0
3409	0
3410	0
3411	1
3412	2
3413	1
3414	0
3415	0
3416	2
3417	0
3418	1
3419	0
3420	1
3421	1
3422	0
3423	0
3424	1
3425	0
3426	1
3427	0
3428	1
3429	2
3430	1
3431	0
3432	0
3433	0
3434	0
3435	0
3436	0
3437	0
3438	1
3439	1
3440	1
3441	0
3442	1
3443	0
3444	0
3445	0
3446	0
3447	0
3448	1
3449	0
3450	0
3451	0
3452	0
3453	0
3454	0
3455	0
3456	1
3457	0
3458	0
3459	1
3460	1
3461	1
3462	0
3463	1
3464	0
3465	1
3466	0
3467	1
3468	0
3469	0
3470	1
3471	0
3472	0
3473	0
3474	0
3475	0
3476	0
3477	1
3478	1
3479	0
3480	0
3481	0
3482	0
3483	1
3484	2
3485	3
3486	2
3487	1
3488	1
3489	0
3490	0
3491	0
3492	0
3493	0
3494	2
3495	0
3496	1
3497	1
3498	2
3499	0
3500	0
3501	1
3502	0
3503	1
3504	1
3505	0
3506	0
3507	0
3508	0
3509	1
3510	1
3511	0
3512	1
3513	2
3514	0
3515	0
3516	1
3517	0
3518	0
3519	2
3520	0
3521	1
3522	0
3523	1
3524	1
3525	1
3526	1
3527	0
3528	0
3529	2
3530	2
3531	1
3532	0
3533	1
3534	1
3535	0
3536	1
3537	0
3538	1
3539	0
3540	0
3541	1
3542	0
3543	2
3544	0
3545	0
3546	0
3547	0
3548	0
3549	1
3550	1
3551	2
3552	2
3553	0
3554	3
3555	0
3556	0
3557	0
3558	0
3559	0
3560	0
3561	1
3562	0
3563	2
3564	3
3565	0
3566	1
3567	0
3568	1
3569	0
3570	0
3571	0
3572	0
3573	1
3574	0
3575	0
3576	1
3577	2
3578	0
3579	0
3580	0
3581	1
3582	0
3583	1
3584	0
3585	1
3586	1
3587	2
3588	0
3589	0
3590	2
3591	1
3592	0
3593	0
3594	3
3595	0
3596	1
3597	0
3598	0
3599	0
3600	0
3601	1
3602	0
3603	0
3604	1
3605	0
3606	0
3607	1
3608	0
3609	0
3610	0
3611	0
3612	0
3613	2
3614	0
3615	0
3616	0
3617	0
3618	1
3619	0
3620	3
3621	2
3622	3
3623	0
3624	1
3625	0
3626	2
3627	2
3628	1
3629	0
3630	1
3631	1
3632	1
3633	0
3634	0
3635	0
3636	1
3637	0
3638	1
3639	1
3640	1
3641	0
3642	0
3643	1
3644	0
3645	0
3646	1
3647	2
3648	0
3649	0
3650	1
3651	0
3652	1
3653	1
3654	2
3655	1
3656	0
3657	0
3658	0
3659	0
3660	0
3661	0
3662	0
3663	0
3664	0
3665	1
3666	0
3667	2
3668	0
3669	0
3670	0
3671	1
3672	0
3673	0
3674	0
3675	0
3676	0
3677	0
3678	0
3679	1
3680	1
3681	1
3682	1
3683	2
3684	1
3685	0
3686	2
3687	1
3688	0
3689	0
3690	1
3691	0
3692	0
3693	0
3694	0
3695	0
3696	0
3697	1
3698	3
3699	0
3700	1
3701	1
3702	0
3703	0
3704	0
3705	0
3706	0
3707	0
3708	1
3709	0
3710	0
3711	1
3712	0
3713	0
3714	1
3715	0
3716	1
3717	2
3718	1
3719	0
3720	1
3721	1
3722	0
3723	0
3724	0
3725	1
3726	0
3727	0
3728	0
3729	1
3730	0
3731	0
3732	0
3733	0
3734	0
3735	1
3736	1
3737	0
3738	0
3739	0
3740	0
3741	1
3742	0
3743	0
3744	1
3745	0
3746	0
3747	0
3748	1
3749	0
3750	0
3751	1
3752	0
3753	0
3754	1
3755	1
3756	0
3757	0
3758	0
3759	1
3760	0
3761	1
3762	0
3763	0
3764	0
3765	1
3766	2
3767	0
3768	0
3769	0
3770	0
3771	3
3772	0
3773	0
3774	2
3775	0
3776	0
3777	1
3778	1
3779	2
3780	0
3781	1
3782	1
3783	0
3784	1
3785	0
3786	1
3787	0
3788	0
3789	1
3790	1
3791	0
3792	3
3793	0
3794	2
3795	2
3796	1
3797	0
3798	2
3799	0
3800	1
3801	1
3802	0
3803	1
3804	1
3805	0
3806	0
3807	2
3808	0
3809	0
3810	0
3811	0
3812	1
3813	0
3814	0
3815	1
3816	0
3817	0
3818	0
3819	0
3820	1
3821	1
3822	0
3823	3
3824	1
3825	0
3826	0
3827	0
3828	1
3829	1
3830	0
3831	1
3832	0
3833	1
3834	1
3835	0
3836	0
3837	0
3838	1
3839	0
3840	0
3841	0
3842	1
3843	0
3844	1
3845	0
3846	0
3847	0
3848	0
3849	1
3850	1
3851	0
3852	2
3853	1
3854	0
3855	0
3856	1
3857	1
3858	0
3859	0
3860	1
3861	1
3862	0
3863	1
3864	0
3865	0
3866	0
3867	1
3868	0
3869	0
3870	0
3871	0
3872	0
3873	1
3874	0
3875	0
3876	2
3877	0
3878	1
3879	2
3880	1
3881	1
3882	0
3883	0
3884	0
3885	0
3886	0
3887	0
3888	0
3889	0
3890	1
3891	0
3892	0
3893	0
3894	0
3895	0
3896	0
3897	0
3898	0
3899	0
3900	0
3901	1
3902	1
3903	0
3904	2
3905	0
3906	0
3907	0
3908	2
3909	0
3910	0
3911	1
3912	1
3913	0
3914	0
3915	0
3916	0
3917	1
3918	1
3919	1
3920	1
3921	0
3922	0
3923	2
3924	0
3925	3
3926	3
3927	0
3928	0
3929	0
3930	2
3931	0
3932	1
3933	1
3934	0
3935	1
3936	0
3937	0
3938	3
3939	1
3940	0
3941	2
3942	1
3943	0
3944	0
3945	1
3946	1
3947	0
3948	1
3949	1
3950	0
3951	0
3952	0
3953	0
3954	0
3955	0
3956	0
3957	0
3958	0
3959	0
3960	1
3961	0
3962	0
3963	0
3964	0
3965	0
3966	0
3967	2
3968	1
3969	0
3970	0
3971	0
3972	2
3973	0
3974	2
3975	0
3976	0
3977	0
3978	1
3979	2
3980	0
3981	1
3982	0
3983	2
3984	0
3985	2
3986	1
3987	0
3988	0
3989	1
3990	0
3991	0
3992	0
3993	1
3994	0
3995	1
3996	1
3997	0
3998	2
3999	1
4000	1
4001	2
4002	2
4003	0
4004	0
4005	2
4006	1
4007	1
4008	0
4009	1
4010	0
4011	1
4012	0
4013	1
4014	0
4015	1
4016	0
4017	0
4018	0
4019	0
4020	0
4021	0
4022	0
4023	0
4024	0
4025	0
4026	1
4027	0
4028	1
4029	1
4030	0
4031	0
4032	0
4033	0
4034	1
4035	0
4036	0
4037	0
4038	0
4039	0
4040	0
4041	0
4042	0
4043	1
4044	1
4045	1
4046	0
4047	0
4048	0
4049	2
4050	0
4051	1
4052	0
4053	1
4054	0
4055	0
4056	1
4057	1
4058	0
4059	0
4060	0
4061	1
4062	0
4063	2
4064	0
4065	2
4066	1
4067	0
4068	1
4069	1
4070	1
4071	0
4072	0
4073	2
4074	0
4075	0
4076	0
4077	1
4078	2
4079	1
4080	0
4081	0
4082	0
4083	1
4084	0
4085	0
4086	0
4087	0
4088	1
4089	0
4090	0
4091	0
4092	0
4093	1
4094	0
4095	0
4096	0
4097	0
4098	0
4099	0
4100	0
4101	0
4102	1
4103	0
4104	0
4105	0
4106	1
4107	1
4108	2
4109	0
4110	0
4111	0
4112	0
4113	0
4114	0
4115	0
4116	0
4117	0
4118	0
4119	0
4120	0
4121	0
4122	1
4123	1
4124	0
4125	0
4126	0
4127	0
4128	0
4129	0
4130	0
4131	1
4132	0
4133	0
4134	0
4135	0
4136	0
4137	0
4138	0
4139	0
4140	0
4141	0
4142	1
4143	0
4144	2
4145	0
4146	0
4147	0
4148	0
4149	0
4150	0
4151	0
4152	1
4153	0
4154	0
4155	1
4156	0
4157	0
4158	0
4159	1
4160	1
4161	0
4162	1
4163	0
4164	1
4165	0
4166	0
4167	0
4168	0
4169	0
4170	0
4171	0
4172	0
4173	0
4174	3
4175	0
4176	2
4177	1
4178	1
4179	0
4180	1
4181	1
4182	0
4183	0
4184	1
4185	0
4186	1
4187	0
4188	0
4189	0
4190	0
4191	0
4192	0
4193	0
4194	0
4195	0
4196	1
4197	0
4198	1
4199	1
4200	1
4201	1
4202	0
4203	0
4204	0
4205	0
4206	0
4207	1
4208	0
4209	0
4210	0
4211	0
4212	1
4213	0
4214	1
4215	1
4216	1
4217	1
4218	0
4219	0
4220	0
4221	0
4222	0
4223	0
4224	0
4225	1
4226	2
4227	1
4228	1
4229	0
4230	0
4231	1
4232	0
4233	0
4234	0
4235	0
4236	1
4237	2
4238	0
4239	0
4240	1
4241	0
4242	0
4243	0
4244	2
4245	0
4246	0
4247	0
4248	0
4249	0
4250	1
4251	0
4252	1
4253	0
4254	1
4255	0
4256	2
4257	0
4258	2
4259	0
4260	0
4261	0
4262	0
4263	1
4264	0
4265	0
4266	0
4267	1
4268	0
4269	0
4270	3
4271	0
4272	0
4273	1
4274	1
4275	0
4276	1
4277	0
4278	0
4279	0
4280	2
4281	1
4282	0
4283	1
4284	0
4285	0
4286	0
4287	0
4288	1
4289	0
4290	2
4291	2
4292	0
4293	0
4294	0
4295	0
4296	1
4297	0
4298	2
4299	1
4300	1
4301	0
4302	0
4303	0
4304	1
4305	1
4306	0
4307	0
4308	0
4309	1
4310	0
4311	0
4312	0
4313	0
4314	0
4315	0
4316	0
4317	1
4318	0
4319	0
4320	1
4321	0
4322	1
4323	0
4324	1
4325	2
4326	1
4327	0
4328	0
4329	0
4330	1
4331	0
4332	1
4333	0
4334	1
4335	1
4336	2
4337	0
4338	0
4339	0
4340	0
4341	2
4342	0
4343	0
4344	1
4345	0
4346	1
4347	0
4348	2
4349	0
4350	1
4351	1
4352	0
4353	0
4354	2
4355	0
4356	0
4357	0
4358	0
4359	3
4360	2
4361	1
4362	0
4363	2
4364	0
4365	0
4366	0
4367	0
4368	0
4369	0
4370	0
4371	0
4372	2
4373	0
4374	1
4375	0
4376	1
4377	0
4378	0
4379	0
4380	1
4381	0
4382	0
4383	0
4384	0
4385	0
4386	0
4387	1
4388	0
4389	0
4390	0
4391	0
4392	0
4393	2
4394	0
4395	1
4396	0
4397	0
4398	0
4399	0
4400	0
4401	0
4402	1
4403	0
4404	0
4405	0
4406	1
4407	0
4408	1
4409	0
4410	0
4411	0
4412	0
4413	1
4414	0
4415	0
4416	1
4417	0
4418	0
4419	0
4420	0
4421	0
4422	0
4423	1
4424	0
4425	0
4426	0
4427	0
4428	1
4429	0
4430	0
4431	1
4432	0
4433	0
4434	0
4435	0
4436	0
4437	0
4438	0
4439	0
4440	0
4441	0
4442	0
4443	1
4444	1
4445	1
4446	0
4447	0
4448	0
4449	1
4450	0
4451	0
4452	0
4453	0
4454	0
4455	0
4456	0
4457	1
4458	0
4459	0
4460	0
4461	0
4462	1
4463	0
4464	1
4465	1
4466	0
4467	1
4468	0
4469	0
4470	0
4471	0
4472	1
4473	0
4474	0
4475	1
4476	0
4477	0
4478	0
4479	0
4480	0
4481	0
4482	1
4483	0
4484	0
4485	0
4486	2
4487	0
4488	0
4489	0
4490	0
4491	0
4492	1
4493	0
4494	1
4495	1
4496	0
4497	1
4498	0
4499	0
4500	0
4501	1
4502	0
4503	0
4504	0
4505	0
4506	0
4507	1
4508	0
4509	0
4510	0
4511	1
4512	0
4513	1
4514	1
4515	0
4516	0
4517	0
4518	0
4519	0
4520	1
4521	0
4522	0
4523	0
4524	0
4525	0
4526	0
4527	1
4528	1
4529	0
4530	0
4531	0
4532	0
4533	2
4534	0
4535	1
4536	0
4537	0
4538	1
4539	0
4540	0
4541	1
4542	0
4543	1
4544	0
4545	0
4546	1
4547	1
4548	0
4549	1
4550	0
4551	1
4552	0
4553	0
4554	0
4555	0
4556	0
4557	0
4558	0
4559	0
4560	0
4561	0
4562	0
4563	0
4564	1
4565	1
4566	2
4567	1
4568	3
4569	1
4570	0
4571	1
4572	0
4573	0
4574	1
4575	1
4576	0
4577	0
4578	1
4579	1
4580	0
4581	1
4582	0
4583	0
4584	0
4585	0
4586	1
4587	0
4588	0
4589	1
4590	1
4591	0
4592	0
4593	0
4594	0
4595	0
4596	0
4597	0
4598	0
4599	0
4600	0
4601	0
4602	1
4603	0
4604	0
4605	2
4606	1
4607	0
4608	0
4609	0
4610	0
4611	0
4612	0
4613	0
4614	1
4615	0
4616	0
4617	0
4618	0
4619	0
4620	0
4621	1
4622	0
4623	0
4624	0
4625	0
4626	0
4627	0
4628	0
4629	1
4630	0
4631	1
4632	0
4633	0
4634	0
4635	0
4636	0
4637	0
4638	0
4639	0
4640	0
4641	1
4642	0
4643	1
4644	0
4645	0
4646	0
4647	1
4648	1
4649	0
4650	0
4651	0
4652	0
4653	0
4654	2
4655	1
4656	0
4657	0
4658	0
4659	0
4660	1
4661	0
4662	0
4663	0
4664	0
4665	0
4666	0
4667	0
4668	0
4669	1
4670	1
4671	0
4672	0
4673	0
4674	0
4675	0
4676	0
4677	0
4678	0
4679	0
4680	0
4681	1
4682	0
4683	0
4684	1
4685	1
4686	2
4687	1
4688	0
4689	1
4690	0
4691	0
4692	0
4693	0
4694	2
4695	0
4696	1
4697	1
4698	0
4699	0
4700	1
4701	0
4702	0
4703	0
4704	0
4705	0
4706	0
4707	0
4708	0
4709	0
4710	0
4711	1
4712	0
4713	0
4714	0
4715	0
4716	0
4717	2
4718	1
4719	0
4720	1
4721	0
4722	0
4723	0
4724	1
4725	0
4726	0
4727	0
4728	0
4729	0
4730	0
4731	0
4732	1
4733	0
4734	0
4735	0
4736	0
4737	1
4738	0
4739	0
4740	0
4741	0
4742	0
4743	0
4744	0
4745	0
4746	0
4747	0
4748	0
4749	0
4750	0
4751	0
4752	0
4753	0
4754	0
4755	0
4756	0
4757	0
4758	0
4759	0
4760	1
4761	0
4762	0
4763	1
4764	0
4765	1
4766	0
4767	0
4768	2
4769	0
4770	0
4771	0
4772	0
4773	0
4774	0
4775	1
4776	0
4777	0
4778	1
4779	1
4780	0
4781	0
4782	0
4783	0
4784	0
4785	2
4786	0
4787	0
4788	0
4789	0
4790	1
4791	0
4792	1
4793	0
4794	1
4795	0
4796	1
4797	0
4798	0
4799	1
4800	0
4801	0
4802	0
4803	0
4804	1
4805	0
4806	0
4807	1
4808	0
4809	0
4810	0
4811	1
4812	0
4813	0
4814	0
4815	0
4816	0
4817	0
4818	0
4819	1
4820	2
4821	0
4822	0
4823	2
4824	0
4825	0
4826	1
4827	0
4828	0
4829	0
4830	0
4831	0
4832	0
4833	1
4834	0
4835	0
4836	1
4837	1
4838	0
4839	0
4840	0
4841	0
4842	0
4843	1
4844	0
4845	1
4846	0
4847	0
4848	1
4849	0
4850	0
4851	1
4852	0
4853	1
4854	0
4855	1
4856	0
4857	0
4858	0
4859	0
4860	0
4861	1
4862	0
4863	0
4864	0
4865	1
4866	0
4867	1
4868	2
4869	1
4870	1
4871	0
4872	0
4873	0
4874	0
4875	0
4876	0
4877	0
4878	0
4879	2
4880	1
4881	0
4882	0
4883	0
4884	1
4885	0
4886	1
4887	0
4888	0
4889	2
4890	1
4891	0
4892	0
4893	0
4894	1
4895	0
4896	0
4897	1
4898	0
4899	0
4900	1
4901	1
4902	0
4903	0
4904	1
4905	0
4906	1
4907	0
4908	0
4909	1
4910	1
4911	0
4912	0
4913	2
4914	0
4915	0
4916	0
4917	0
4918	0
4919	1
4920	0
4921	1
4922	0
4923	0
4924	1
4925	0
4926	1
4927	0
4928	1
4929	0
4930	0
4931	2
4932	0
4933	0
4934	0
4935	0
4936	0
4937	0
4938	0
4939	0
4940	1
4941	0
4942	0
4943	0
4944	0
4945	1
4946	1
4947	0
4948	1
4949	0
4950	0
4951	0
4952	1
4953	0
4954	1
4955	1
4956	0
4957	0
4958	0
4959	1
4960	0
4961	0
4962	2
4963	0
4964	0
4965	0
4966	0
4967	0
4968	1
4969	0
4970	0
4971	0
4972	0
4973	0
4974	0
4975	1
4976	1
4977	0
4978	0
4979	0
4980	1
4981	1
4982	0
4983	0
4984	0
4985	1
4986	0
4987	1
4988	0
4989	0
4990	1
4991	0
4992	0
4993	0
4994	1
4995	0
4996	0
4997	0
4998	1
4999	1
5000	0
5001	2
5002	0
5003	0
5004	0
5005	1
5006	2
5007	1
5008	0
5009	1
5010	1
5011	0
5012	0
5013	0
5014	0
5015	0
5016	0
5017	1
5018	0
5019	0
5020	0
5021	0
5022	0
5023	0
5024	0
5025	1
5026	0
5027	1
5028	0
5029	0
5030	0
5031	0
5032	0
5033	2
5034	0
5035	1
5036	0
5037	1
5038	1
5039	0
5040	0
5041	1
5042	0
5043	1
5044	0
5045	0
5046	1
5047	1
5048	0
5049	1
5050	0
5051	0
5052	0
5053	1
5054	0
5055	2
5056	1
5057	0
5058	0
5059	0
5060	0
5061	0
5062	2
5063	0
5064	1
5065	1
5066	1
5067	0
5068	0
5069	0
5070	0
5071	0
5072	2
5073	3
5074	0
5075	0
5076	0
5077	0
5078	0
5079	0
5080	1
5081	0
5082	0
5083	0
5084	1
5085	0
5086	0
5087	1
5088	0
5089	1
5090	0
5091	0
5092	1
5093	0
5094	0
5095	0
5096	0
5097	0
5098	0
5099	0
5100	1
5101	0
5102	1
5103	1
5104	0
5105	0
5106	0
5107	0
5108	1
5109	0
5110	0
5111	0
5112	0
5113	0
5114	0
5115	0
5116	1
5117	0
5118	0
5119	0
5120	2
5121	2
5122	0
5123	0
5124	0
5125	1
5126	0
5127	0
5128	0
5129	0
5130	0
5131	0
5132	0
5133	0
5134	0
5135	0
5136	0
5137	0
5138	0
5139	1
5140	0
5141	1
5142	0
5143	1
5144	1
5145	1
5146	0
5147	0
5148	0
5149	0
5150	0
5151	1
5152	0
5153	0
5154	0
5155	0
5156	0
5157	0
5158	0
5159	0
5160	1
5161	0
5162	1
5163	1
5164	1
5165	0
5166	0
5167	0
5168	0
5169	0
5170	1
5171	0
5172	0
5173	2
5174	0
5175	2
5176	0
5177	0
5178	0
5179	0
5180	0
5181	0
5182	0
5183	0
5184	1
5185	0
5186	1
5187	0
5188	0
5189	2
5190	0
5191	0
5192	1
5193	2
5194	0
5195	0
5196	0
5197	0
5198	0
5199	0
5200	0
5201	0
5202	0
5203	0
5204	0
5205	0
5206	0
5207	0
5208	0
5209	0
5210	0
5211	0
5212	0
5213	0
5214	0
5215	0
5216	0
5217	0
5218	0
5219	1
5220	0
5221	0
5222	0
5223	3
5224	0
5225	0
5226	3
5227	0
5228	0
5229	0
5230	0
5231	0
5232	0
5233	0
5234	1
5235	0
5236	0
5237	0
5238	1
5239	0
5240	1
5241	0
5242	0
5243	1
5244	1
5245	0
5246	0
5247	0
5248	0
5249	0
5250	0
5251	0
5252	1
5253	0
5254	0
5255	1
5256	0
5257	0
5258	0
5259	1
5260	0
5261	0
5262	2
5263	1
5264	0
5265	0
5266	1
5267	0
5268	0
5269	0
5270	2
5271	1
5272	1
5273	1
5274	2
5275	0
5276	1
5277	0
5278	0
5279	1
5280	0
5281	0
5282	0
5283	0
5284	0
5285	0
5286	0
5287	1
5288	0
5289	0
5290	0
5291	1
5292	0
5293	1
5294	2
5295	0
5296	1
5297	0
5298	0
5299	0
5300	0
5301	0
5302	0
5303	1
5304	0
5305	0
5306	0
5307	0
5308	0
5309	0
5310	0
5311	0
5312	2
5313	0
5314	0
5315	1
5316	0
5317	0
5318	0
5319	0
5320	0
5321	0
5322	1
5323	0
5324	0
5325	1
5326	1
5327	0
5328	0
5329	0
5330	0
5331	1
5332	0
5333	0
5334	0
5335	0
5336	1
5337	0
5338	0
5339	0
5340	0
5341	0
5342	1
5343	0
5344	0
5345	1
5346	0
5347	3
5348	1
5349	0
5350	0
5351	0
5352	1
5353	0
5354	0
5355	0
5356	0
5357	0
5358	0
5359	0
5360	0
5361	0
5362	0
5363	0
5364	0
5365	0
5366	1
5367	0
5368	1
5369	1
5370	0
5371	0
5372	1
5373	0
5374	0
5375	0
5376	1
5377	0
5378	0
5379	0
5380	0
5381	0
5382	0
5383	0
5384	0
5385	0
5386	0
5387	0
5388	1
5389	1
5390	1
5391	1
5392	0
5393	0
5394	1
5395	0
5396	0
5397	1
5398	0
5399	0
5400	0
5401	0
5402	0
5403	0
5404	0
5405	0
5406	0
5407	0
5408	0
5409	1
5410	1
5411	0
5412	0
5413	0
5414	0
5415	0
5416	0
5417	0
5418	1
5419	1
5420	0
5421	1
5422	0
5423	0
5424	0
5425	1
5426	0
5427	2
5428	0
5429	1
5430	0
5431	0
5432	0
5433	0
5434	1
5435	0
5436	1
5437	0
5438	0
5439	0
5440	1
5441	0
5442	0
5443	0
5444	0
5445	1
5446	0
5447	0
5448	2
5449	0
5450	0
5451	0
5452	1
5453	1
5454	0
5455	0
5456	0
5457	1
5458	0
5459	0
5460	0
5461	0
5462	0
5463	0
5464	0
5465	0
5466	0
5467	0
5468	0
5469	0
5470	1
5471	0
5472	0
5473	1
5474	1
5475	0
5476	0
5477	1
5478	0
5479	1
5480	0
5481	1
5482	1
5483	1
5484	0
5485	0
5486	0
5487	0
5488	0
5489	0
5490	0
5491	0
5492	0
5493	0
5494	0
5495	0
5496	0
5497	1
5498	0
5499	0
5500	1
5501	0
5502	0
5503	1
5504	0
5505	0
5506	1
5507	0
5508	0
5509	0
5510	0
5511	0
5512	1
5513	1
5514	0
5515	0
5516	0
5517	0
5518	0
5519	0
5520	2
5521	0
5522	1
5523	0
5524	0
5525	0
5526	0
5527	0
5528	1
5529	0
5530	1
5531	0
5532	1
5533	0
5534	0
5535	0
5536	0
5537	1
5538	0
5539	0
5540	0
5541	0
5542	0
5543	0
5544	0
5545	0
5546	1
5547	1
5548	0
5549	0
5550	1
5551	0
5552	0
5553	0
5554	0
5555	0
5556	2
5557	0
5558	0
5559	0
5560	1
5561	0
5562	1
5563	1
5564	0
5565	1
5566	0
5567	0
5568	1
5569	0
5570	0
5571	0
5572	0
5573	0
5574	1
5575	0
5576	2
5577	0
5578	1
5579	0
5580	0
5581	0
5582	0
5583	2
5584	0
5585	0
5586	0
5587	0
5588	0
5589	0
5590	0
5591	0
5592	0
5593	0
5594	0
5595	0
5596	0
5597	1
5598	1
5599	1
5600	0
5601	0
5602	0
5603	1
5604	0
5605	2
5606	1
5607	2
5608	0
5609	0
5610	0
5611	1
5612	0
5613	1
5614	1
5615	0
5616	0
5617	0
5618	0
5619	1
5620	0
5621	2
5622	1
5623	0
5624	0
5625	0
5626	1
5627	0
5628	1
5629	0
5630	1
5631	0
5632	0
5633	0
5634	0
5635	0
5636	1
5637	0
5638	0
5639	0
5640	0
5641	1
5642	0
5643	0
5644	2
5645	0
5646	0
5647	0
5648	0
5649	0
5650	0
5651	0
5652	0
5653	0
5654	0
5655	0
5656	0
5657	0
5658	0
5659	0
5660	0
5661	0
5662	0
5663	0
5664	0
5665	1
5666	0
5667	0
5668	0
5669	0
5670	2
5671	0
5672	0
5673	0
5674	0
5675	0
5676	0
5677	2
5678	0
5679	1
5680	0
5681	0
5682	0
5683	0
5684	0
5685	0
5686	0
5687	0
5688	0
5689	0
5690	0
5691	0
5692	0
5693	0
5694	1
5695	1
5696	0
5697	0
5698	1
5699	0
5700	0
5701	0
5702	0
5703	0
5704	0
5705	0
5706	0
5707	0
5708	0
5709	1
5710	1
5711	1
5712	0
5713	0
5714	0
5715	0
5716	0
5717	0
5718	0
5719	0
5720	0
5721	0
5722	1
5723	0
5724	0
5725	0
5726	1
5727	0
5728	0
5729	0
5730	0
5731	0
5732	0
5733	2
5734	1
5735	0
5736	0
5737	0
5738	0
5739	1
5740	0
5741	1
5742	0
5743	1
5744	0
5745	1
5746	0
5747	1
5748	0
5749	0
5750	0
5751	1
5752	0
5753	0
5754	1
5755	0
5756	2
5757	0
5758	0
5759	0
5760	0
5761	0
5762	0
5763	0
5764	0
5765	0
5766	0
5767	0
5768	1
5769	0
5770	1
5771	1
5772	0
5773	0
5774	1
5775	0
5776	0
5777	1
5778	0
5779	0
5780	0
5781	0
5782	0
5783	0
5784	0
5785	0
5786	0
5787	0
5788	0
5789	0
5790	0
5791	0
5792	0
5793	0
5794	0
5795	0
5796	1
5797	1
5798	0
5799	1
5800	0
5801	0
5802	0
5803	0
5804	0
5805	0
5806	0
5807	0
5808	2
5809	1
5810	0
5811	0
5812	0
5813	0
5814	0
5815	0
5816	3
5817	1
5818	0
5819	1
5820	1
5821	0
5822	0
5823	0
5824	1
5825	0
5826	1
5827	0
5828	0
5829	1
5830	0
5831	1
5832	1
5833	0
5834	0
5835	0
5836	0
5837	1
5838	1
5839	0
5840	0
5841	0
5842	0
5843	0
5844	1
5845	1
5846	0
5847	1
5848	0
5849	0
5850	1
5851	0
5852	1
5853	0
5854	0
5855	0
5856	0
5857	0
5858	0
5859	0
5860	1
5861	0
5862	0
5863	0
5864	0
5865	0
5866	0
5867	1
5868	0
5869	1
5870	0
5871	0
5872	0
5873	2
5874	1
5875	0
5876	1
5877	0
5878	0
5879	0
5880	0
5881	0
5882	2
5883	1
5884	0
5885	0
5886	1
5887	0
5888	0
5889	1
5890	0
5891	1
5892	0
5893	0
5894	0
5895	0
5896	1
5897	0
5898	0
5899	0
5900	0
5901	0
5902	0
5903	0
5904	0
5905	1
5906	0
5907	0
5908	0
5909	0
5910	2
5911	0
5912	0
5913	0
5914	0
5915	1
5916	0
5917	0
5918	0
5919	0
5920	0
5921	0
5922	0
5923	0
5924	0
5925	0
5926	0
5927	0
5928	0
5929	0
5930	1
5931	1
5932	1
5933	0
5934	0
5935	1
5936	0
5937	0
5938	0
5939	2
5940	0
5941	1
5942	0
5943	0
5944	0
5945	0
5946	1
5947	0
5948	0
5949	0
5950	1
5951	0
5952	0
5953	0
5954	0
5955	0
5956	0
5957	1
5958	1
5959	1
5960	1
5961	0
5962	1
5963	0
5964	0
5965	0
5966	0
5967	0
5968	0
5969	0
5970	1
5971	1
5972	0
5973	0
5974	1
5975	0
5976	0
5977	0
5978	1
5979	0
5980	0
5981	0
5982	0
5983	0
5984	1
5985	0
5986	0
5987	0
5988	0
5989	1
5990	0
5991	0
5992	0
5993	0
5994	0
5995	0
5996	0
5997	0
5998	0
5999	0
6000	0
6001	1
6002	0
6003	0
6004	0
6005	0
6006	0
6007	0
6008	0
6009	1
6010	1
6011	1
6012	0
6013	0
6014	0
6015	0
6016	1
6017	0
6018	0
6019	0
6020	0
6021	0
6022	0
6023	0
6024	0
6025	0
6026	0
6027	0
6028	1
6029	1
6030	0
6031	0
6032	0
6033	0
6034	0
6035	0
6036	0
6037	0
6038	0
6039	0
6040	0
6041	0
6042	0
6043	0
6044	0
6045	1
6046	1
6047	0
6048	1
6049	0
6050	0
6051	1
6052	0
6053	0
6054	0
6055	0
6056	0
6057	0
6058	0
6059	1
6060	0
6061	0
6062	0
6063	0
6064	0
6065	0
6066	0
6067	1
6068	0
6069	0
6070	0
6071	0
6072	0
6073	0
6074	1
6075	0
6076	0
6077	0
6078	1
6079	1
6080	0
6081	0
6082	1
6083	0
6084	0
6085	0
6086	1
6087	0
6088	0
6089	0
6090	0
6091	0
6092	0
6093	0
6094	1
6095	0
6096	0
6097	0
6098	0
6099	0
6100	1
6101	0
6102	0
6103	1
6104	0
6105	0
6106	0
6107	1
6108	1
6109	0
6110	0
6111	0
6112	0
6113	0
6114	0
6115	1
6116	0
6117	0
6118	0
6119	0
6120	0
6121	1
6122	0
6123	1
6124	0
6125	0
6126	1
6127	0
6128	1
6129	0
6130	1
6131	1
6132	0
6133	0
6134	0
6135	0
6136	0
6137	0
6138	1
6139	0
6140	0
6141	0
6142	0
6143	1
6144	0
6145	0
6146	0
6147	0
6148	0
6149	1
6150	1
6151	0
6152	0
6153	0
6154	0
6155	0
6156	0
6157	0
6158	0
6159	0
6160	0
6161	0
6162	1
6163	1
6164	0
6165	0
6166	0
6167	0
6168	0
6169	0
6170	0
6171	0
6172	0
6173	0
6174	3
6175	1
6176	0
6177	0
6178	1
6179	0
6180	1
6181	0
6182	0
6183	1
6184	0
6185	1
6186	0
6187	1
6188	0
6189	0
6190	0
6191	0
6192	0
6193	1
6194	0
6195	0
6196	0
6197	0
6198	3
6199	0
6200	2
6201	0
6202	0
6203	0
6204	0
6205	1
6206	0
6207	0
6208	0
6209	0
6210	0
6211	0
6212	0
6213	2
6214	1
6215	1
6216	0
6217	0
6218	0
6219	1
6220	0
6221	0
6222	0
6223	2
6224	0
6225	1
6226	0
6227	0
6228	0
6229	0
6230	0
6231	0
6232	0
6233	0
6234	0
6235	0
6236	0
6237	0
6238	1
6239	0
6240	0
6241	0
6242	0
6243	0
6244	0
6245	1
6246	0
6247	0
6248	0
6249	0
6250	0
6251	2
6252	0
6253	0
6254	1
6255	0
6256	0
6257	0
6258	0
6259	0
6260	0
6261	0
6262	0
6263	0
6264	0
6265	0
6266	0
6267	0
6268	1
6269	0
6270	0
6271	0
6272	1
6273	0
6274	0
6275	1
6276	0
6277	0
6278	1
6279	0
6280	0
6281	0
6282	0
6283	0
6284	0
6285	1
6286	0
6287	0
6288	1
6289	0
6290	0
6291	0
6292	1
6293	0
6294	0
6295	0
6296	0
6297	0
6298	0
6299	0
6300	0
6301	0
6302	0
6303	0
6304	3
6305	0
6306	0
6307	0
6308	1
6309	0
6310	0
6311	0
6312	0
6313	1
6314	0
6315	0
6316	1
6317	0
6318	0
6319	0
6320	0
6321	0
6322	0
6323	0
6324	1
6325	1
6326	0
6327	0
6328	0
6329	0
6330	0
6331	1
6332	0
6333	1
6334	0
6335	0
6336	0
6337	1
6338	0
6339	0
6340	1
6341	0
6342	2
6343	0
6344	0
6345	0
6346	1
6347	2
6348	0
6349	0
6350	0
6351	0
6352	0
6353	1
6354	0
6355	0
6356	0
6357	0
6358	0
6359	0
6360	0
6361	0
6362	0
6363	0
6364	0
6365	0
6366	0
6367	0
6368	0
6369	2
6370	2
6371	0
6372	0
6373	0
6374	0
6375	0
6376	0
6377	1
6378	0
6379	0
6380	2
6381	2
6382	0
6383	1
6384	0
6385	0
6386	1
6387	0
6388	0
6389	0
6390	0
6391	0
6392	0
6393	0
6394	0
6395	1
6396	0
6397	0
6398	0
6399	1
6400	2
6401	0
6402	0
6403	1
6404	0
6405	0
6406	0
6407	1
6408	0
6409	0
6410	1
6411	0
6412	0
6413	1
6414	0
6415	1
6416	0
6417	0
6418	0
6419	1
6420	1
6421	0
6422	1
6423	0
6424	0
6425	1
6426	2
6427	0
6428	0
6429	1
6430	1
6431	0
6432	0
6433	1
6434	0
6435	1
6436	0
6437	0
6438	1
6439	0
6440	0
6441	0
6442	0
6443	0
6444	0
6445	0
6446	0
6447	0
6448	0
6449	0
6450	0
6451	0
6452	0
6453	0
6454	0
6455	0
6456	0
6457	1
6458	1
6459	0
6460	0
6461	0
6462	0
6463	0
6464	0
6465	0
6466	0
6467	0
6468	0
6469	0
6470	1
6471	0
6472	0
6473	1
6474	1
6475	0
6476	0
6477	0
6478	0
6479	0
6480	0
6481	0
6482	0
6483	0
6484	0
6485	0
6486	0
6487	0
6488	0
6489	0
6490	0
6491	0
6492	1
6493	0
6494	0
6495	0
6496	1
6497	0
6498	0
6499	0
6500	0
6501	0
6502	0
6503	0
6504	0
6505	0
6506	0
6507	0
6508	0
6509	0
6510	0
6511	1
6512	0
6513	1
6514	1
6515	0
6516	0
6517	0
6518	0
6519	0
6520	0
6521	0
6522	0
6523	0
6524	0
6525	1
6526	0
6527	0
6528	0
6529	0
6530	0
6531	0
6532	2
6533	0
6534	1
6535	0
6536	0
6537	0
6538	0
6539	0
6540	1
6541	0
6542	0
6543	0
6544	0
6545	0
6546	0
6547	1
6548	0
6549	0
6550	0
6551	0
6552	0
6553	0
6554	0
6555	0
6556	0
6557	0
6558	0
6559	0
6560	1
6561	0
6562	0
6563	0
6564	0
6565	0
6566	0
6567	0
6568	1
6569	0
6570	1
6571	0
6572	0
6573	0
6574	0
6575	0
6576	1
6577	1
6578	0
6579	0
6580	0
6581	0
6582	0
6583	0
6584	0
6585	0
6586	1
6587	0
6588	0
6589	0
6590	0
6591	0
6592	0
6593	0
6594	2
6595	0
6596	0
6597	0
6598	0
6599	0
6600	0
6601	0
6602	0
6603	0
6604	0
6605	1
6606	0
6607	0
6608	0
6609	0
6610	0
6611	0
6612	0
6613	0
6614	0
6615	0
6616	0
6617	1
6618	0
6619	0
6620	0
6621	1
6622	0
6623	0
6624	0
6625	1
6626	0
6627	0
6628	0
6629	1
6630	0
6631	0
6632	0
6633	0
6634	0
6635	0
6636	0
6637	0
6638	0
6639	0
6640	0
6641	0
6642	0
6643	0
6644	3
6645	0
6646	1
6647	0
6648	1
6649	0
6650	0
6651	0
6652	0
6653	0
6654	0
6655	1
6656	0
6657	0
6658	0
6659	0
6660	0
6661	1
6662	0
6663	1
6664	2
6665	0
6666	1
6667	0
6668	1
6669	0
6670	0
6671	0
6672	0
6673	0
6674	1
6675	0
6676	0
6677	0
6678	0
6679	0
6680	1
6681	1
6682	0
6683	0
6684	0
6685	1
6686	0
6687	0
6688	0
6689	0
6690	0
6691	0
6692	0
6693	0
6694	0
6695	0
6696	2
6697	0
6698	0
6699	0
6700	0
6701	0
6702	0
6703	0
6704	2
6705	0
6706	0
6707	0
6708	0
6709	0
6710	0
6711	0
6712	0
6713	0
6714	0
6715	0
6716	0
6717	0
6718	0
6719	0
6720	0
6721	0
6722	0
6723	0
6724	0
6725	0
6726	1
6727	0
6728	0
6729	0
6730	1
6731	0
6732	0
6733	0
6734	0
6735	0
6736	0
6737	0
6738	0
6739	1
6740	0
6741	0
6742	0
6743	0
6744	0
6745	0
6746	1
6747	1
6748	0
6749	0
6750	0
6751	1
6752	1
6753	1
6754	0
6755	0
6756	0
6757	2
6758	0
6759	0
6760	0
6761	0
6762	0
6763	1
6764	1
6765	0
6766	0
6767	1
6768	0
6769	0
6770	0
6771	0
6772	0
6773	0
6774	0
6775	0
6776	0
6777	0
6778	0
6779	0
6780	0
6781	0
6782	0
6783	0
6784	0
6785	0
6786	1
6787	1
6788	1
6789	1
6790	2
6791	0
6792	0
6793	0
6794	0
6795	3
6796	1
6797	0
6798	0
6799	0
6800	0
6801	0
6802	1
6803	0
6804	0
6805	1
6806	0
6807	0
6808	0
6809	2
6810	0
6811	2
6812	0
6813	0
6814	0
6815	0
6816	0
6817	0
6818	0
6819	0
6820	0
6821	1
6822	1
6823	1
6824	0
6825	0
6826	1
6827	0
6828	1
6829	1
6830	1
6831	0
6832	0
6833	0
6834	1
6835	0
6836	0
6837	0
6838	0
6839	0
6840	0
6841	0
6842	0
6843	0
6844	0
6845	0
6846	0
6847	1
6848	0
6849	0
6850	0
6851	0
6852	1
6853	0
6854	0
6855	1
6856	0
6857	0
6858	0
6859	0
6860	0
6861	1
6862	1
6863	0
6864	0
6865	1
6866	1
6867	0
6868	0
6869	0
6870	0
6871	0
6872	0
6873	0
6874	0
6875	0
6876	0
6877	0
6878	1
6879	0
6880	0
6881	0
6882	0
6883	0
6884	1
6885	1
6886	0
6887	1
6888	0
6889	0
6890	0
6891	0
6892	0
6893	0
6894	0
6895	1
6896	1
6897	0
6898	0
6899	0
6900	0
6901	0
6902	0
6903	0
6904	0
6905	0
6906	0
6907	1
6908	0
6909	0
6910	0
6911	0
6912	1
6913	0
6914	0
6915	1
6916	0
6917	2
6918	0
6919	0
6920	0
6921	0
6922	1
6923	0
6924	0
6925	0
6926	0
6927	0
6928	1
6929	0
6930	0
6931	0
6932	0
6933	0
6934	0
6935	0
6936	1
6937	0
6938	0
6939	0
6940	0
6941	0
6942	1
6943	0
6944	0
6945	0
6946	0
6947	0
6948	0
6949	0
6950	0
6951	0
6952	1
6953	0
6954	0
6955	0
6956	0
6957	0
6958	1
6959	0
6960	0
6961	0
6962	0
6963	2
6964	0
6965	0
6966	0
6967	0
6968	0
6969	0
6970	0
6971	0
6972	0
6973	0
6974	0
6975	0
6976	0
6977	0
6978	0
6979	0
6980	1
6981	0
6982	0
6983	0
6984	0
6985	0
6986	0
6987	0
6988	0
6989	0
6990	0
6991	1
6992	0
6993	0
6994	0
6995	0
6996	0
6997	0
6998	0
6999	1
7000	0
7001	0
7002	0
7003	0
7004	0
7005	0
7006	0
7007	0
7008	0
7009	0
7010	0
7011	0
7012	0
7013	0
7014	2
7015	0
7016	0
7017	0
7018	0
7019	0
7020	0
7021	0
7022	0
7023	1
7024	1
7025	1
7026	1
7027	0
7028	0
7029	1
7030	0
7031	0
7032	0
7033	0
7034	1
7035	1
7036	0
7037	0
7038	0
7039	0
7040	0
7041	3
7042	0
7043	0
7044	0
7045	0
7046	0
7047	0
7048	1
7049	0
7050	0
7051	0
7052	0
7053	0
7054	1
7055	0
7056	0
7057	0
7058	0
7059	1
7060	0
7061	0
7062	0
7063	0
7064	0
7065	0
7066	0
7067	0
7068	0
7069	0
7070	0
7071	0
7072	1
7073	0
7074	0
7075	0
7076	1
7077	0
7078	0
7079	0
7080	1
7081	0
7082	0
7083	1
7084	0
7085	0
7086	0
7087	0
7088	0
7089	0
7090	0
7091	0
7092	0
7093	0
7094	0
7095	1
7096	0
7097	0
7098	1
7099	1
7100	0
7101	1
7102	0
7103	0
7104	0
7105	0
7106	0
7107	0
7108	0
7109	1
7110	0
7111	0
7112	0
7113	0
7114	1
7115	1
7116	0
7117	0
7118	0
7119	0
7120	0
7121	0
7122	0
7123	2
7124	0
7125	0
7126	0
7127	0
7128	0
7129	0
7130	1
7131	1
7132	0
7133	0
7134	0
7135	0
7136	0
7137	0
7138	0
7139	0
7140	0
7141	1
7142	1
7143	0
7144	1
7145	0
7146	0
7147	0
7148	0
7149	0
7150	1
7151	0
7152	0
7153	0
7154	0
7155	2
7156	0
7157	0
7158	1
7159	0
7160	0
7161	1
7162	0
7163	0
7164	0
7165	0
7166	0
7167	0
7168	0
7169	0
7170	0
7171	1
7172	1
7173	0
7174	0
7175	0
7176	1
7177	1
7178	0
7179	0
7180	0
7181	0
7182	0
7183	0
7184	0
7185	0
7186	0
7187	0
7188	1
7189	1
7190	0
7191	1
7192	0
7193	0
7194	0
7195	1
7196	0
7197	1
7198	0
7199	1
7200	0
7201	0
7202	1
7203	0
7204	0
7205	0
7206	0
7207	0
7208	0
7209	0
7210	1
7211	1
7212	1
7213	0
7214	0
7215	0
7216	0
7217	0
7218	0
7219	0
7220	0
7221	1
7222	0
7223	1
7224	0
7225	0
7226	0
7227	0
7228	0
7229	0
7230	0
7231	0
7232	0
7233	0
7234	0
7235	1
7236	0
7237	0
7238	0
7239	0
7240	1
7241	0
7242	0
7243	0
7244	1
7245	0
7246	1
7247	0
7248	0
7249	0
7250	0
7251	0
7252	0
7253	0
7254	0
7255	0
7256	0
7257	0
7258	0
7259	0
7260	0
7261	0
7262	0
7263	0
7264	0
7265	1
7266	0
7267	0
7268	0
7269	1
7270	0
7271	0
7272	0
7273	0
7274	0
7275	0
7276	0
7277	1
7278	0
7279	2
7280	1
7281	1
7282	0
7283	0
7284	0
7285	0
7286	0
7287	0
7288	0
7289	0
7290	0
7291	0
7292	0
7293	1
7294	1
7295	0
7296	0
7297	0
7298	0
7299	0
7300	0
7301	0
7302	0
7303	0
7304	0
7305	0
7306	0
7307	0
7308	1
7309	1
7310	0
7311	0
7312	0
7313	0
7314	0
7315	0
7316	0
7317	0
7318	0
7319	0
7320	1
7321	0
7322	0
7323	0
7324	0
7325	1
7326	0
7327	1
7328	0
7329	0
7330	0
7331	0
7332	0
7333	1
7334	0
7335	0
7336	1
7337	0
7338	0
7339	2
7340	0
7341	1
7342	0
7343	0
7344	0
7345	0
7346	1
7347	0
7348	0
7349	0
7350	0
7351	0
7352	0
7353	0
7354	0
7355	0
7356	0
7357	1
7358	0
7359	0
7360	1
7361	0
7362	0
7363	0
7364	1
7365	0
7366	0
7367	0
7368	1
7369	0
7370	0
7371	1
7372	0
7373	1
7374	0
7375	0
7376	0
7377	2
7378	0
7379	0
7380	0
7381	1
7382	0
7383	0
7384	0
7385	0
7386	0
7387	0
7388	0
7389	0
7390	1
7391	0
7392	0
7393	0
7394	0
7395	0
7396	0
7397	1
7398	0
7399	0
7400	0
7401	0
7402	0
7403	0
7404	0
7405	0
7406	0
7407	0
7408	0
7409	0
7410	0
7411	0
7412	0
7413	0
7414	0
7415	0
7416	0
7417	0
7418	0
7419	3
7420	1
7421	2
7422	0
7423	0
7424	1
7425	0
7426	0
7427	0
7428	0
7429	0
7430	0
7431	0
7432	0
7433	0
7434	0
7435	0
7436	1
7437	1
7438	0
7439	0
7440	0
7441	0
7442	0
7443	0
7444	0
7445	0
7446	0
7447	0
7448	0
7449	1
7450	0
7451	0
7452	0
7453	0
7454	0
7455	0
7456	1
7457	0
7458	0
7459	0
7460	0
7461	0
7462	0
7463	0
7464	0
7465	0
7466	0
7467	0
7468	0
7469	1
7470	0
7471	1
7472	0
7473	1
7474	0
7475	0
7476	0
7477	0
7478	0
7479	0
7480	0
7481	0
7482	0
7483	0
7484	0
7485	0
7486	0
7487	2
7488	1
7489	0
7490	0
7491	1
7492	0
7493	1
7494	0
7495	0
7496	0
7497	0
7498	1
7499	0
7500	1
7501	2
7502	0
7503	0
7504	0
7505	2
7506	0
7507	0
7508	0
7509	1
7510	0
7511	0
7512	0
7513	0
7514	1
7515	0
7516	1
7517	0
7518	2
7519	0
7520	0
7521	0
7522	0
7523	0
7524	1
7525	0
7526	0
7527	0
7528	0
7529	0
7530	0
7531	0
7532	0
7533	0
7534	1
7535	0
7536	0
7537	0
7538	0
7539	0
7540	0
7541	0
7542	1
7543	1
7544	0
7545	1
7546	1
7547	0
7548	0
7549	0
7550	0
7551	0
7552	0
7553	0
7554	0
7555	0
7556	0
7557	0
7558	1
7559	0
7560	0
7561	1
7562	1
7563	0
7564	0
7565	0
7566	1
7567	0
7568	1
7569	1
7570	0
7571	0
7572	0
7573	0
7574	0
7575	0
7576	1
7577	1
7578	0
7579	0
7580	0
7581	1
7582	0
7583	0
7584	0
7585	1
7586	0
7587	0
7588	0
7589	0
7590	0
7591	0
7592	0
7593	0
7594	0
7595	1
7596	0
7597	0
7598	0
7599	1
7600	1
7601	1
7602	0
7603	0
7604	0
7605	0
7606	0
7607	0
7608	0
7609	1
7610	0
7611	0
7612	0
7613	0
7614	0
7615	0
7616	0
7617	0
7618	0
7619	0
7620	0
7621	1
7622	0
7623	0
7624	0
7625	0
7626	0
7627	0
7628	0
7629	1
7630	0
7631	0
7632	0
7633	0
7634	0
7635	0
7636	1
7637	1
7638	0
7639	1
7640	0
7641	0
7642	0
7643	0
7644	1
7645	0
7646	0
7647	0
7648	0
7649	1
7650	0
7651	0
7652	0
7653	0
7654	0
7655	0
7656	0
7657	0
7658	1
7659	3
7660	0
7661	0
7662	0
7663	1
7664	0
7665	2
7666	0
7667	1
7668	0
7669	0
7670	0
7671	0
7672	0
7673	0
7674	0
7675	0
7676	0
7677	0
7678	0
7679	1
7680	0
7681	0
7682	0
7683	0
7684	1
7685	0
7686	0
7687	0
7688	0
7689	0
7690	0
7691	0
7692	0
7693	0
7694	0
7695	0
7696	0
7697	0
7698	0
7699	0
7700	0
7701	1
7702	0
7703	1
7704	0
7705	0
7706	0
7707	0
7708	0
7709	0
7710	0
7711	0
7712	0
7713	0
7714	0
7715	0
7716	0
7717	0
7718	0
7719	0
7720	0
7721	0
7722	0
7723	1
7724	0
7725	0
7726	0
7727	0
7728	1
7729	1
7730	1
7731	0
7732	0
7733	0
7734	0
7735	0
7736	0
7737	1
7738	0
7739	0
7740	0
7741	0
7742	0
7743	0
7744	0
7745	0
7746	1
7747	0
7748	0
7749	1
7750	0
7751	0
7752	0
7753	0
7754	0
7755	0
7756	0
7757	0
7758	0
7759	0
7760	1
7761	0
7762	2
7763	1
7764	0
7765	1
7766	0
7767	0
7768	0
7769	1
7770	0
7771	1
7772	0
7773	0
7774	0
7775	0
7776	0
7777	0
7778	0
7779	0
7780	0
7781	0
7782	0
7783	0
7784	0
7785	1
7786	0
7787	0
7788	0
7789	0
7790	0
7791	0
7792	2
7793	0
7794	0
7795	0
7796	0
7797	0
7798	0
7799	0
7800	0
7801	0
7802	1
7803	0
7804	0
7805	0
7806	1
7807	1
7808	0
7809	0
7810	0
7811	0
7812	0
7813	0
7814	0
7815	0
7816	0
7817	0
7818	0
7819	0
7820	0
7821	0
7822	0
7823	0
7824	1
7825	0
7826	0
7827	0
7828	1
7829	0
7830	0
7831	0
7832	0
7833	1
7834	0
7835	1
7836	1
7837	0
7838	0
7839	0
7840	2
7841	1
7842	1
7843	0
7844	0
7845	0
7846	0
7847	0
7848	1
7849	0
7850	0
7851	0
7852	0
7853	0
7854	0
7855	0
7856	0
7857	0
7858	2
7859	0
7860	0
7861	0
7862	1
7863	1
7864	1
7865	0
7866	1
7867	0
7868	0
7869	0
7870	0
7871	1
7872	1
7873	1
7874	0
7875	1
7876	0
7877	0
7878	0
7879	0
7880	0
7881	0
7882	0
7883	0
7884	0
7885	0
7886	1
7887	0
7888	0
7889	0
7890	1
7891	0
7892	0
7893	1
7894	0
7895	0
7896	0
7897	0
7898	0
7899	0
7900	0
7901	0
7902	0
7903	2
7904	0
7905	0
7906	0
7907	1
7908	0
7909	1
7910	1
7911	1
7912	1
7913	0
7914	0
7915	2
7916	1
7917	1
7918	0
7919	0
7920	0
7921	0
7922	0
7923	0
7924	1
7925	0
7926	0
7927	0
7928	1
7929	0
7930	0
7931	0
7932	1
7933	1
7934	0
7935	0
7936	0
7937	1
7938	0
7939	0
7940	0
7941	1
7942	0
7943	0
7944	0
7945	1
7946	0
7947	0
7948	0
7949	0
7950	0
7951	2
7952	2
7953	0
7954	0
7955	0
7956	0
7957	0
7958	0
7959	0
7960	0
7961	0
7962	0
7963	0
7964	0
7965	1
7966	1
7967	0
7968	0
7969	0
7970	0
7971	1
7972	0
7973	1
7974	0
7975	0
7976	0
7977	0
7978	0
7979	0
7980	0
7981	0
7982	0
7983	0
7984	1
7985	0
7986	0
7987	0
7988	0
7989	0
7990	1
7991	0
7992	0
7993	0
7994	0
7995	0
7996	0
7997	0
7998	0
7999	0
8000	0
8001	0
8002	1
8003	0
8004	0
8005	0
8006	0
8007	0
8008	0
8009	0
8010	0
8011	0
8012	0
8013	1
8014	0
8015	0
8016	0
8017	1
8018	0
8019	0
8020	0
8021	0
8022	0
8023	0
8024	0
8025	0
8026	0
8027	0
8028	0
8029	0
8030	0
8031	0
8032	0
8033	0
8034	0
8035	0
8036	0
8037	0
8038	0
8039	0
8040	0
8041	0
8042	0
8043	0
8044	0
8045	1
8046	0
8047	0
8048	1
8049	0
8050	0
8051	0
8052	0
8053	0
8054	0
8055	0
8056	0
8057	0
8058	1
8059	1
8060	1
8061	0
8062	1
8063	1
8064	0
8065	0
8066	0
8067	0
8068	0
8069	0
8070	0
8071	0
8072	0
8073	0
8074	0
8075	0
8076	0
8077	0
8078	0
8079	0
8080	0
8081	0
8082	0
8083	0
8084	0
8085	0
8086	0
8087	0
8088	0
8089	0
8090	0
8091	0
8092	0
8093	0
8094	0
8095	0
8096	0
8097	0
8098	0
8099	0
8100	0
8101	0
8102	0
8103	0
8104	0
8105	0
8106	0
8107	0
8108	0
8109	0
8110	0
8111	0
8112	0
8113	0
8114	0
8115	0
8116	0
8117	0
8118	0
8119	0
8120	0
8121	0
8122	0
8123	0
8124	0
8125	0
8126	0
8127	0
8128	0
8129	0
8130	0
8131	0
8132	0
8133	0
8134	0
8135	0
8136	0
8137	0
8138	0
8139	0
8140	0
8141	0
8142	0
8143	0
8144	0
8145	0
8146	0
8147	0
8148	0
8149	0
8150	0
8151	0
8152	0
8153	0
8154	0
8155	0
8156	0
8157	0
8158	0
8159	0
8160	0
8161	0
8162	0
8163	0
8164	0
8165	0
8166	0
8167	0
8168	0
8169	0
8170	0
8171	0
8172	0
8173	0
8174	0
8175	0
8176	0
8177	0
8178	0
8179	0
8180	0
8181	0
8182	0
8183	0
8184	0
8185	0
8186	0
8187	0
8188	0
8189	0
8190	0
8191	0
